9.731142542127955153e-01,1.123948053375310209e-02,1.085322387945446450e-02,1.535789192629409029e-03,3.257252181367531647e-03
9.924943608527492245e-01,4.188964449766242361e-03,1.725936617074795305e-03,1.511759904030840094e-04,1.439562090006736789e-03
9.984270987130802189e-01,1.072747436539002409e-03,2.698327105414616745e-04,1.784712241022988173e-05,2.124740174290512703e-04
9.991807870670508240e-01,6.264069268167504409e-04,1.191333679061991845e-04,7.057731483863388474e-06,6.661490674215176364e-05
9.973394158546390331e-01,1.549417408722300561e-03,9.454493958501323028e-04,9.569329258727423987e-05,7.002404820135473798e-05
9.984603884315299549e-01,8.264823335189859944e-04,5.523607624385532683e-04,1.221971790009392838e-04,3.857129351171886350e-05
9.955224327913898552e-01,1.229332776728457458e-03,2.390096915247834960e-03,8.006641158270154900e-04,5.747340080663391852e-05
9.937420829061716088e-01,1.420762867752781416e-03,3.402283306013204663e-03,1.382520861599264954e-03,5.235005846320956634e-05
9.962678904732712448e-01,1.225297544803729665e-03,1.934830051203633577e-03,5.362431491760733448e-04,3.573878154537412873e-05
9.966024416895704618e-01,1.067956277518868676e-03,1.734970702123328620e-03,5.567053315830176657e-04,3.792599920440679011e-05
9.920028287531484912e-01,2.291386583249125069e-03,4.188852961550075527e-03,1.461619741649585434e-03,5.531196040263030022e-05
9.886493718320586988e-01,3.053327087460208991e-03,6.221661593427921244e-03,1.961132780615257309e-03,1.145067064379542271e-04
9.888417408046513701e-01,3.847278581127063120e-03,5.708376165159330037e-03,1.499669839894777991e-03,1.029346091675961548e-04
9.950493328729560494e-01,2.047029751869649562e-03,2.282639930359656004e-03,5.612814347334650015e-04,5.971601008116145308e-05
9.926258266685434872e-01,2.123646981874780567e-03,4.033986677735069276e-03,1.165325289375685998e-03,5.121438247088641805e-05
9.755713251549291698e-01,3.497794158041975156e-03,1.432840120212811388e-02,6.537569431235694742e-03,6.491005366511555096e-05
9.956814188722532544e-01,1.623991636485845776e-03,2.041315491547775716e-03,6.215417771459491331e-04,3.173222256724389154e-05
9.567439202145586741e-01,2.997889262724800358e-03,1.641939175301198456e-02,2.377971485371578597e-02,5.908391598859845102e-05
9.694989314462229002e-01,6.314645944599853872e-03,1.473463208169616470e-02,9.315779922868914695e-03,1.360106046121017519e-04
9.952254915609767272e-01,1.396120175316011101e-03,2.125219129532107502e-03,1.185958561443088829e-03,6.721057273213159298e-05
9.878599403847507787e-01,4.657135019781796607e-03,5.780346582616400011e-03,1.591133329828711435e-03,1.114446830221445115e-04
9.416444298051792616e-01,1.152675834438327690e-02,3.914507191386591700e-02,7.534218373287014658e-03,1.495215632847419639e-04
9.241117430135202815e-01,1.002618802288456762e-02,5.250426880913704186e-02,1.218168562295709675e-02,1.176114531501092943e-03
9.456615552314063811e-01,1.013391833186228289e-02,3.553839004915578664e-02,7.550089853062955624e-03,1.116046534512765091e-03
9.760794947894658735e-01,6.369397576947414923e-03,1.341825257339716165e-02,3.706821062132426708e-03,4.260339980571003766e-04
9.786067948953691698e-01,5.954096193775498119e-03,1.197874464886000169e-02,2.621417799241571381e-03,8.389464627537150405e-04
9.781187736766777663e-01,5.750080837216018162e-03,9.817017407201649934e-03,2.388268245943608609e-03,3.925859832961012090e-03
9.787841319452129651e-01,5.191226754244545466e-03,9.010062892024021594e-03,3.409946101413628434e-03,3.604632307104997657e-03
9.699348091497359547e-01,5.696528600688886834e-03,1.351062433154999985e-02,8.253627505453714833e-03,2.604410412571379549e-03
9.613807520286228314e-01,7.452959878782356232e-03,1.608863962180235099e-02,1.135064745561091895e-02,3.727001015181656898e-03
9.583419090622432579e-01,6.081174266654434599e-03,1.277763848442756318e-02,1.282992911385187271e-02,9.969349072823024266e-03
9.756681926935203419e-01,5.380542153810299877e-03,7.030401065819088385e-03,5.010300510452049202e-03,6.910563576398294321e-03
9.924795536555837128e-01,2.726352204769653086e-03,2.356947290967917590e-03,1.091720837037597671e-03,1.345426011640947581e-03
9.840046075111558155e-01,3.791053258777172825e-03,9.256769659316809243e-03,2.558769819700934967e-03,3.887997510493107446e-04
9.750121237057782775e-01,3.793104997233298810e-03,1.425501792676787081e-02,6.663776850472849858e-03,2.759765197475658291e-04
9.561162714714361854e-01,3.651986025135424418e-03,2.439956276297980745e-02,1.552521191198368879e-02,3.069678284646815180e-04
9.111521744579333948e-01,4.671253914996510194e-03,5.156238538290201789e-02,3.238518510686343166e-02,2.290011373048060595e-04
9.466019426977386741e-01,4.984881261476823734e-03,3.064223071601765436e-02,1.749715125970912818e-02,2.737940650577471683e-04
8.891810111538903660e-01,1.548671739030809021e-02,7.437057678817651785e-02,2.014192889404433154e-02,8.197657735806589173e-04
9.735224755068804248e-01,6.937487106303668119e-03,1.656727523792307991e-02,2.666938500670500058e-03,3.058236482221872335e-04
9.456558144194406879e-01,1.109716237387030346e-02,3.776256009187342610e-02,4.250631815913289563e-03,1.233831298902277182e-03
9.105585664324312711e-01,1.991499953113176971e-02,6.221770807025221034e-02,5.896797165302634924e-03,1.411928800882044721e-03
9.780686137209152475e-01,7.401957256657702711e-03,1.234143607796639799e-02,1.142903340378035671e-03,1.045089604082562098e-03
8.745978778225843575e-01,1.451554184373783640e-02,9.381820164112704419e-02,1.616074540018920536e-02,9.076332923616616021e-04
9.063757276615443947e-01,6.366210595341332407e-03,6.143143553901635190e-02,2.472795226311171740e-02,1.098673940986190541e-03
8.237328097840200813e-01,4.443607422474632994e-03,7.847227958612315590e-02,9.237625120688540414e-02,9.750520004967109773e-04
7.525822543787186181e-01,1.159432556340315654e-02,1.428565276569740417e-01,9.180796974220857554e-02,1.158922658695719660e-03
7.567677003899889732e-01,7.194999669007271989e-03,1.385145682219220409e-01,9.676469159055200997e-02,7.580401285297703497e-04
6.234161736775705176e-01,5.203772388570240826e-03,1.290880627902437627e-01,2.413087862804840777e-01,9.832048631315706659e-04
6.005601517072652884e-01,7.692112761242967181e-03,1.573823808777800315e-01,2.335349239238141972e-01,8.304307298974099305e-04
7.696436851726287109e-01,5.554736387938162719e-03,8.526549901328990544e-02,1.388812257686434237e-01,6.548536574997591191e-04
9.115678595975263976e-01,5.526259998685751663e-03,4.051040929572419930e-02,4.191002272325279610e-02,4.854483848109876314e-04
8.501207737806059095e-01,8.855854587329115707e-03,6.775597438457466037e-02,7.287295687364743479e-02,3.944403738429397570e-04
6.390597535539802587e-01,2.825069137448717876e-02,2.315186081352745007e-01,1.007057247051697940e-01,4.652222310884180398e-04
4.035340467591267410e-01,3.610037566720155494e-02,4.054003873969991290e-01,1.541567294204988781e-01,8.084607561737997862e-04
3.752744393734971928e-01,5.833239285410024566e-02,4.702192713947419556e-01,9.530210439830433256e-02,8.717919793563229424e-04
3.927064865212842038e-01,4.700226561529284586e-02,4.408857176686811763e-01,1.183308843081495171e-01,1.074645886592281302e-03
6.051215657870125941e-01,1.632899066270894484e-02,2.490299380815185204e-01,1.291786447837598995e-01,3.408606850000179297e-04
5.772849008449845165e-01,1.219810133943427348e-02,2.538221460426526854e-01,1.563233650055446122e-01,3.714867673837805710e-04
4.750240018271289499e-01,8.981853567233664265e-03,2.278453565196947583e-01,2.877210083000424357e-01,4.277797859001750006e-04
6.853563420886287227e-01,2.193352947266703420e-02,2.080210082965562590e-01,8.410029764101915883e-02,5.888225011288035146e-04
8.517611440808823264e-01,1.412843846115698077e-02,9.148522210004685074e-02,4.234846934234044735e-02,2.767260155733499891e-04
7.204689213153593341e-01,2.069739362693932480e-02,1.961444017555154795e-01,6.243982158821540646e-02,2.494617139704418795e-04
6.700404662752342810e-01,2.232390234779743285e-02,2.178776537665773616e-01,8.937722161263629561e-02,3.807559977546577396e-04
7.229342357670383024e-01,1.022496383421710696e-02,1.689354769805042900e-01,9.759639102642622688e-02,3.089323918141128819e-04
5.532312630051755553e-01,1.520468045991705229e-02,2.480761820477488666e-01,1.829286502994753039e-01,5.592241876832514114e-04
4.376895877366245857e-01,1.114840559038427284e-02,2.319464796649122196e-01,3.188764682831808361e-01,3.390587248980205079e-04
8.963323149166438908e-01,6.344076937660890481e-03,5.061085735158997456e-02,4.649740852057313717e-02,2.153422735321553806e-04
9.351057616334892408e-01,1.146971965977862211e-02,4.045642929036572660e-02,1.238553276207415149e-02,5.825566542923079662e-04
9.727586492862417833e-01,6.063626626282902186e-03,1.586665407256489246e-02,4.093261649646149324e-03,1.217808365264345157e-03
9.511281561242246330e-01,8.805159623844658126e-03,2.270237065053081621e-02,1.246246030337314764e-02,4.901853298026809247e-03
9.807432598230879650e-01,6.378611295398038672e-03,9.281453034924285958e-03,2.567632819470363342e-03,1.029043027119350053e-03
9.767040220182608978e-01,6.804003870427987807e-03,1.283356982742872576e-02,3.296307334230148822e-03,3.620969496522071429e-04
9.177327488687394563e-01,1.488713010137381054e-02,4.919576890462296070e-02,1.782543148072199962e-02,3.589206445418050592e-04
9.012323933595587366e-01,1.453282049721761095e-02,5.174338223862427755e-02,3.217194320253419226e-02,3.194607020652974797e-04
9.281098641239955427e-01,1.392595855663233961e-02,3.803712178501719027e-02,1.962612419814328824e-02,3.009313362117684368e-04
9.680997638178056031e-01,7.066266212943450933e-03,1.638132939023316179e-02,7.972496770810551595e-03,4.801438082073983455e-04
9.817379286825390627e-01,5.067710252448722960e-03,9.655315640121488185e-03,3.353618106819737134e-03,1.854273180710295827e-04
9.445785339046154361e-01,8.253798472655095309e-03,3.249615928623588584e-02,1.451416588220212460e-02,1.573424542915376960e-04
6.562193228048019966e-01,4.025506377885235999e-03,6.743790094246361611e-02,2.721202649714157817e-01,1.970049034333835230e-04
9.284179132603139761e-01,7.762212620387908685e-03,3.315798216579433910e-02,3.047452038248806699e-02,1.873715710158900679e-04
9.593378230523557093e-01,8.898556895463141311e-03,2.112611147688599547e-02,1.051525161210734721e-02,1.222569631879897375e-04
9.492256224506336881e-01,2.133550471587715436e-02,2.483106062931032462e-02,4.420272899475767570e-03,1.875393047031504281e-04
9.639994848218347290e-01,1.453928924297255044e-02,1.924199585547679836e-02,2.084842070982122035e-03,1.343880087338517103e-04
9.543959807395676620e-01,1.298598614985459893e-02,2.816134618365972314e-02,4.307324476767490466e-03,1.493624501503428882e-04
9.061970114597142079e-01,2.410635983412404149e-02,6.063400127705179804e-02,8.843513491802564713e-03,2.191139373073469729e-04
8.760018724096290121e-01,1.893823839948300877e-02,8.092553386436940333e-02,2.387402258407202854e-02,2.603327424465554075e-04
8.536617460418096659e-01,2.271636259439025612e-02,1.032491028406663375e-01,2.017187920394042031e-02,2.009093191931853213e-04
8.132381423425537603e-01,4.636638865856710506e-02,1.303026627626551193e-01,9.888427764220684979e-03,2.043784720033827091e-04
9.188739671081594951e-01,2.258308415438950445e-02,5.330901071130552532e-02,5.120097884188946555e-03,1.138401419563467504e-04
9.187948244311572310e-01,2.514568778268346655e-02,5.360643066629180997e-02,2.361307391186250916e-03,9.174972868109363300e-05
8.224808345134133614e-01,5.881921246086298238e-02,1.147742807033507867e-01,3.785136477187381332e-03,1.405358451855856169e-04
9.263186527534906789e-01,3.407738612777427151e-02,3.819669874434782064e-02,1.279505832734716695e-03,1.277565416524418130e-04
9.504676606435618069e-01,2.798155061330855758e-02,2.089967189929066091e-02,5.419951373878530241e-04,1.091217064511101767e-04
9.489653246921111451e-01,3.521915185330254383e-02,1.531807695423835144e-02,3.743394520595010066e-04,1.231070482884125063e-04
9.857990490454617838e-01,1.008544095135797784e-02,3.926497426077370581e-03,1.234522652428783574e-04,6.556031185994631676e-05
9.765311170375046146e-01,1.645331050470726433e-02,6.763144020131289444e-03,1.840378157878541936e-04,6.839062186919393077e-05
9.802965828863352549e-01,1.276929673380755928e-02,6.686582242976971818e-03,1.949200420091428928e-04,5.261809487106884934e-05
9.763701761155464398e-01,1.417870514356576669e-02,8.907337481663668566e-03,4.617276127262351392e-04,8.205364649779774188e-05
9.269061578899618903e-01,2.284746729298952131e-02,4.730272943042268530e-02,2.828856603017764013e-03,1.147887836081353289e-04
9.799860314403971984e-01,6.063704208441528416e-03,1.216738033503599221e-02,1.717902204132125367e-03,6.498181199298071382e-05
9.890064916631862157e-01,5.469893926307621730e-03,4.739855229529241383e-03,6.832438145866929569e-04,1.005153663902965701e-04
9.962018518117116139e-01,2.092172394128468359e-03,1.395094947698567343e-03,2.489040162817330020e-04,6.197683017961082383e-05
9.965679133488449803e-01,1.855959831102139924e-03,1.311415472612580384e-03,1.929901968128318812e-04,7.172115062738780057e-05
9.907553672774799258e-01,5.741512710837780829e-03,3.189007864391395046e-03,2.096740675047092863e-04,1.044380797862507317e-04
9.553575973212138361e-01,2.043631278873905138e-02,2.332234476103038287e-02,7.320640522933303000e-04,1.516810767234563913e-04
9.815649868165436942e-01,6.718745303834229403e-03,1.112486014831470457e-02,5.312743559447753727e-04,6.013337536269298337e-05
9.241800884061659449e-01,3.056157943111188768e-02,4.342615603981724026e-02,1.571362614443725910e-03,2.608135084612847251e-04
9.250388830898192971e-01,3.828323784940317054e-02,3.569139732276728483e-02,7.732276616077997161e-04,2.132540764024256610e-04
9.219833778183530448e-01,2.855128097496044057e-02,4.806656354478747173e-02,1.273297190877624094e-03,1.254804710214405721e-04
9.361126270035863284e-01,2.121764162431382522e-02,4.150220483248946712e-02,1.053617389220775583e-03,1.139091503896464791e-04
9.378778837666373880e-01,2.316618806276557127e-02,3.749358830204978232e-02,1.263066745569542924e-03,1.992731229776750009e-04
8.938219962431032117e-01,3.352380511012576642e-02,7.026645620915054902e-02,2.126420087781235799e-03,2.613223498393857890e-04
9.567791648970698226e-01,1.511493237154389740e-02,2.669781585939454832e-02,1.193744418310995490e-03,2.143424536807956107e-04
9.221785540099296519e-01,2.055220724619534131e-02,5.295908562746486081e-02,4.026112197822173666e-03,2.840409185879202449e-04
9.690935998816025965e-01,1.201939578319353302e-02,1.761980439293094058e-02,1.030106386067303594e-03,2.370935562057324469e-04
9.711893249454420785e-01,1.479300651989273220e-02,1.167011168260972606e-02,1.170905115191060979e-03,1.176651736864526990e-03
9.766371842923610158e-01,1.095570539154343791e-02,1.061195860033979123e-02,8.269915767385758532e-04,9.681601390170708858e-04
9.900966757859455125e-01,3.722228188100740881e-03,4.851933120144699858e-03,6.064597163652500535e-04,7.227031894437602622e-04
9.883725345120509820e-01,4.812275371902038218e-03,5.752264384171224335e-03,5.798272135857174617e-04,4.830985182901147124e-04
9.650234833451515337e-01,9.052261928461218313e-03,2.312225705964979575e-02,2.524426672891864377e-03,2.775709938454693957e-04
9.729722788841852488e-01,8.192530981807843310e-03,1.667861751476931720e-02,1.770564509970561952e-03,3.860081092671332863e-04
9.690409282212504305e-01,1.091204447010888680e-02,1.826359862467296855e-02,1.392233882527820670e-03,3.911948014399732870e-04
9.614659189019344465e-01,1.479156343189592764e-02,2.133481126108534992e-02,1.914923807377408001e-03,4.927825977068846230e-04
9.507534559967941723e-01,1.274348929855364208e-02,3.410497051454362827e-02,2.049320547410208183e-03,3.487636426983347997e-04
9.553902051988478750e-01,9.529943714561004905e-03,3.292814274043326384e-02,1.944966849942463645e-03,2.067414962154210799e-04
9.762552903470665955e-01,8.645418854821592183e-03,1.407280384889733789e-02,8.210543162885956727e-04,2.054326329259424720e-04
9.798617905339384038e-01,5.935228568842497270e-03,1.286352189873738415e-02,9.092379743520395035e-04,4.302210241296047268e-04
9.909176166187193546e-01,4.799659909460192442e-03,3.549410195483881057e-03,3.320667776506693925e-04,4.012464986858434472e-04
9.819276169903932150e-01,6.741303626965761131e-03,9.772772354203427755e-03,1.083088061840097992e-03,4.752189665976519245e-04
9.827910596972084800e-01,7.537870703126564251e-03,8.427066175101055601e-03,1.029518382104458200e-03,2.144850424594804748e-04
9.897419108312515146e-01,4.232568646045523422e-03,4.977201717007844264e-03,9.080936777860938594e-04,1.402251279089689864e-04
9.772188545867774856e-01,7.442688842928642072e-03,1.348914283577392834e-02,1.716300713123874869e-03,1.330130213961372172e-04
9.641104853074535797e-01,1.041062503453052054e-02,2.237670027596357428e-02,2.934383143644958818e-03,1.678062384072927943e-04
9.575720878491568167e-01,9.087912370761825828e-03,2.893672726017920693e-02,4.308122320802479366e-03,9.515019909989578585e-05
9.215353237585376389e-01,1.811589312779867192e-02,5.197181125548942099e-02,8.210929674800915290e-03,1.660421833735142426e-04
9.430331211011373505e-01,1.043973749727153573e-02,4.202776462544852154e-02,4.391637070433437179e-03,1.077397057090967572e-04
9.116170347174361588e-01,1.660181480977292179e-02,6.453978611464961102e-02,7.099895010597682618e-03,1.414693475437358390e-04
9.251419947867255411e-01,2.002115954253450708e-02,4.942207653274263701e-02,5.225780025178310140e-03,1.889891128191556046e-04
9.668988782965053375e-01,1.310074610902632435e-02,1.805130239880744711e-02,1.747604972344027818e-03,2.014682233169706586e-04
9.562894055521686809e-01,1.127469536720169564e-02,2.900264596580284446e-02,3.270801078919640184e-03,1.624520359072280330e-04
9.614275163936735202e-01,1.219575167821409026e-02,2.355391841163619396e-02,2.653670409285012466e-03,1.691431071911141831e-04
9.493761887550323797e-01,9.134467118396518565e-03,3.798968128454273396e-02,3.328899239564685544e-03,1.707636024637171704e-04
9.862587071991677501e-01,3.437465814727012209e-03,9.282097326491309253e-03,9.574886125911389939e-04,6.424104702263667662e-05
9.872061536187592967e-01,5.035794002547813210e-03,7.241389273379223758e-03,4.573547242789581372e-04,5.930838103470958489e-05
9.780141325786038120e-01,7.735161112404301959e-03,1.324748992409269244e-02,9.146569277475822277e-04,8.855945715159621785e-05
9.904528048194778389e-01,4.547999187536945660e-03,4.597128038650332739e-03,3.434813348828013669e-04,5.858661945198118972e-05
9.932126810958411545e-01,3.423357494683934143e-03,3.052101616018294307e-03,2.717600759509160345e-04,4.009971750581358302e-05
9.968268434237396169e-01,1.760905054263810351e-03,1.245840584064729318e-03,1.299550330640659014e-04,3.645590486779317794e-05
9.973982312024517460e-01,1.662265445985847221e-03,8.163727883125350372e-04,8.152385887714433052e-05,4.160670437283442685e-05
9.958845411066180597e-01,2.789878313276153692e-03,1.138638410274547385e-03,1.212252751511669661e-04,6.571689468010442165e-05
9.930818633367817228e-01,2.788206835019180641e-03,3.739272590467123628e-03,3.499491486185635886e-04,4.070808911332905169e-05
9.923989966738908652e-01,2.959839115434878803e-03,4.032384331015698327e-03,5.606469047209056535e-04,4.813297493765505443e-05
9.829595296338736743e-01,8.823925478942241593e-03,7.263219980616162502e-03,8.528049809521488040e-04,1.005199256157425860e-04
9.928031804978370012e-01,3.054219312590185451e-03,3.651949325815341540e-03,4.430938637448406602e-04,4.755700001272092261e-05
9.955328976362447513e-01,1.934255553069327491e-03,2.179209149238175297e-03,2.777758009506896318e-04,7.586186049698761353e-05
9.971798516958449987e-01,1.573563962087542274e-03,1.075910071559910358e-03,1.113418001967834720e-04,5.933247031091900105e-05
9.927489800727715696e-01,3.541077955931906662e-03,3.306459070639970309e-03,3.412805887900095445e-04,6.220231186669750406e-05
9.933533902378256508e-01,2.760679800966551588e-03,3.425569344465802506e-03,4.177715805047954329e-04,4.258903623707994810e-05
9.905601676893815988e-01,4.580561149510057467e-03,4.291578631947183704e-03,5.105731832965285143e-04,5.711934586471449258e-05
9.813189116148335334e-01,7.871334227606005887e-03,9.837200254806105840e-03,9.009396849768227817e-04,7.161421777746970513e-05
9.920455507734521339e-01,3.850023587086693656e-03,3.715477716887614391e-03,3.410224736075362340e-04,4.792544896599311893e-05
9.906691105512106521e-01,4.924772300769746786e-03,3.889792360765369390e-03,4.433651380340180616e-04,7.295964922018476377e-05
9.889889863739028675e-01,6.088497682453349047e-03,4.485133538755344679e-03,3.718819763667161136e-04,6.550042852161689255e-05
9.923213453588600741e-01,4.474427178865193061e-03,2.834024144316018429e-03,3.156389566467154872e-04,5.456436131196716307e-05
9.840495828560013036e-01,9.948171896442190021e-03,5.562941284868306961e-03,3.588620682426143529e-04,8.044189444566283780e-05
9.800392552982210015e-01,1.147829579837689705e-02,7.986255324532207794e-03,3.926109811964433190e-04,1.035825976733946067e-04
9.599436815441853010e-01,2.018082381391827010e-02,1.886103407082340838e-02,8.666529852711012333e-04,1.478075858019233706e-04
9.035352497554042239e-01,2.631348179136180562e-02,6.510657804106420588e-02,4.850588964228770908e-03,1.941014479409848320e-04
9.216056725897237012e-01,2.519515067808509451e-02,5.061941422671951962e-02,2.353653250418599741e-03,2.261092550530282848e-04
9.235390322074671365e-01,1.733353690549442952e-02,5.552626919805907224e-02,3.367966742368993117e-03,2.331949466103048075e-04
9.690907951431638745e-01,1.140805126225739527e-02,1.829774667933353055e-02,1.036802662564455853e-03,1.666042526808329555e-04
9.801961034343553703e-01,8.258373936410379201e-03,1.080540967147907393e-02,6.110209674485586433e-04,1.290919903066764941e-04
9.930775489747437623e-01,3.923681967618812376e-03,2.710328861106111892e-03,2.057610893680546476e-04,8.267910716324279683e-05
9.976209375670985757e-01,1.700649628994999139e-03,5.718960321146110068e-04,5.511450915821510926e-05,5.140226263370582604e-05
9.959815427963311096e-01,2.883073075171286616e-03,1.004284111743758163e-03,6.630317715012210510e-05,6.479683960388909320e-05
9.946939476065941310e-01,4.063691152636603361e-03,1.090203535923869177e-03,6.843553433868804702e-05,8.372217050680703335e-05
9.957608381537452757e-01,2.931672963050050481e-03,1.171516015525690159e-03,7.261568924603273377e-05,6.335717843300466934e-05
9.916588036549059959e-01,5.237977831446321945e-03,2.854058487954449445e-03,1.527840757963711796e-04,9.637594989697266881e-05
9.888470322727427320e-01,6.894759663767998335e-03,3.938623978139915889e-03,2.155204398223682194e-04,1.040636455270292198e-04
9.740723065119437640e-01,1.320641649913451877e-02,1.194563806940236207e-02,6.161586721727921497e-04,1.594802473467195065e-04
9.879081974992852677e-01,5.382829131103983138e-03,6.217995629149103073e-03,3.780746414740497130e-04,1.129030989876147627e-04
9.941411975175393767e-01,2.498205195756761799e-03,3.006002662428882387e-03,2.240894486030562207e-04,1.305051756717316627e-04
9.977817954389128774e-01,1.345156581167368699e-03,7.503791936827562681e-04,5.547854430409255422e-05,6.719024193292762908e-05
9.882664358282847727e-01,7.608002766878818254e-03,3.751320364925366663e-03,2.003191007511694152e-04,1.739219391598435392e-04
9.754370394586184823e-01,1.326877346136050469e-02,1.043372416247500580e-02,4.421170746610012404e-04,4.183458428849847702e-04
9.495276743994059965e-01,1.915549441169283121e-02,2.954949158569946180e-02,1.384194663929100332e-03,3.831449392727383934e-04
9.614712701638385983e-01,1.375880175549719017e-02,2.333215102479182027e-02,1.208060242784331868e-03,2.297168130880284189e-04
9.802351756445327746e-01,8.328121895270025610e-03,1.080177748285322988e-02,5.037758131812673660e-04,1.311491641627157841e-04
9.593221130915379202e-01,1.765600794712138613e-02,2.199710213827052105e-02,8.426569130882890103e-04,1.821199099818340350e-04
9.804551325369367243e-01,5.013728130214316174e-03,1.308082477239535905e-02,1.347807766684706735e-03,1.025067937690548367e-04
9.898038176188715953e-01,4.708079439083004761e-03,5.070942006248667540e-03,3.308029327220988244e-04,8.635800307474960432e-05
9.876940926533114284e-01,4.004896770539573096e-03,7.239130214748392550e-03,9.974465219970865375e-04,6.443383940351311259e-05
9.717506986457385976e-01,9.125128613544485762e-03,1.578841313231006682e-02,3.217156065258709556e-03,1.186035431482730104e-04
9.560257018809235063e-01,1.091888036017303609e-02,2.520990005991183974e-02,7.699886412339550928e-03,1.456312866521358544e-04
9.715364097274917787e-01,9.238441011459784524e-03,1.678995636679581765e-02,2.314588621685088193e-03,1.206042725674583084e-04
9.748151892282962416e-01,7.875405550240886093e-03,1.470379132370065907e-02,2.506737117860429517e-03,9.887677990181824978e-05
9.544948680824179021e-01,1.089803935432816055e-02,2.993761200423338681e-02,4.556297077360934450e-03,1.131834816596829401e-04
8.909518290519019557e-01,1.590857431372997080e-02,7.205936941682103414e-02,2.096460296708416854e-02,1.156242504628544388e-04
8.799160675957737876e-01,1.333185939132024503e-02,7.628268827220328896e-02,3.031667837136659341e-02,1.527063693360805835e-04
9.866881106659671774e-01,4.218588004298771954e-03,7.605209626128639315e-03,1.422012804767887805e-03,6.607889883734685077e-05
9.946816293358630157e-01,2.456501878971928919e-03,2.372090876120037072e-03,4.083788170856684791e-04,8.139909195922328785e-05
9.898353821359777704e-01,6.415231578098191251e-03,3.256732057079681723e-03,3.366136390427745730e-04,1.560405898014983344e-04
9.559547900227760575e-01,3.093283321518434242e-02,1.231805149651750766e-02,5.017956921151639840e-04,2.925295734068807650e-04
9.351088498290280882e-01,3.868089553754926191e-02,2.520519293902767979e-02,7.575748153952589162e-04,2.474868789995153680e-04
9.701851252767141887e-01,1.502495101025983978e-02,1.418895012283999911e-02,5.163502099337985906e-04,8.462338025214164274e-05
9.830446839751536547e-01,9.092342543698674409e-03,7.567278938734177396e-03,2.202680091216527324e-04,7.542653329176124801e-05
9.877634667725549988e-01,5.203773025911791889e-03,6.713298837614373182e-03,2.473588748219176375e-04,7.210248909695467711e-05
9.931914464241141660e-01,3.634632009956311870e-03,3.002487103483983833e-03,1.086716927612661347e-04,6.276276968431001365e-05
9.919404197272811974e-01,5.592183238298285321e-03,2.300627952071946855e-03,7.378992368385242195e-05,9.297915866455499709e-05
9.709481438584290913e-01,1.787227877709346782e-02,1.074283511785601927e-02,2.753979948072036066e-04,1.613442518143400018e-04
9.380328572811904575e-01,3.208835858196502910e-02,2.920159391333867344e-02,5.286629993967041207e-04,1.485272241090168492e-04
9.792292760276466446e-01,8.883500899522070449e-03,1.144212543471388038e-02,3.414705828211404923e-04,1.036270552960952469e-04
9.511258359635362813e-01,1.517131667074300520e-02,3.258242945476685914e-02,9.736802049761443360e-04,1.467377059775347881e-04
9.855724137000956286e-01,6.132503241865591009e-03,7.940544081561848322e-03,2.675762244814951338e-04,8.696275199555663011e-05
9.758696012878811388e-01,9.918186809668000023e-03,1.366610315068021199e-02,4.300741419024042313e-04,1.160346098682050304e-04
9.562015609414024064e-01,1.908576651749032543e-02,2.379006954698469761e-02,7.113828328214284518e-04,2.112201613011391397e-04
9.050181063398720083e-01,3.289442245380861524e-02,6.047707710595084246e-02,1.403152978921266923e-03,2.072411214473492917e-04
8.977467415909640147e-01,2.917084637619387494e-02,7.188635496504894307e-02,1.024428709606717974e-03,1.716283581864571424e-04
8.643833657888742028e-01,3.172238706086161208e-02,1.020958157549730072e-01,1.597625518176650113e-03,2.008058771144578597e-04
9.439331667989442343e-01,1.468700949360291982e-02,4.036450570043369213e-02,8.988656996084471232e-04,1.164523074108353017e-04
9.083056793477839452e-01,3.372945960845270819e-02,5.664326529102232249e-02,1.117463990446965075e-03,2.041317622939065469e-04
9.041982164342737827e-01,4.426506563918021497e-02,5.044769579691695677e-02,8.575369479115139276e-04,2.314851817175515663e-04
9.427474903156025654e-01,2.526581414887804633e-02,3.133328629760998713e-02,4.804080527330377567e-04,1.730011851762304888e-04
8.972784958230061170e-01,3.784721198094286726e-02,6.385117184646348087e-02,8.427197156620879880e-04,1.804006339253946475e-04
8.229047830528360974e-01,6.613628414292919977e-02,1.097332650770738716e-01,1.054794866869913916e-03,1.708728602909913308e-04
8.505772939967347623e-01,4.528292688176232400e-02,1.027997075152250334e-01,1.176221357445467186e-03,1.638502488325394241e-04
9.210559988085141869e-01,2.289380932189761381e-02,5.512646008632387379e-02,7.980866913370853865e-04,1.256450919271588315e-04
9.549228589815490498e-01,2.109613366484213229e-02,2.339852611052681622e-02,4.016251211678698637e-04,1.808561219139219283e-04
9.611743304542711419e-01,1.679117943796065021e-02,2.156459450687008006e-02,3.301949700563245097e-04,1.397006308418455116e-04
9.649082450895091201e-01,2.123224207595101123e-02,1.343982332209344918e-02,2.157517486840630706e-04,2.039377637623138466e-04
9.594990703843497837e-01,2.867786215255515442e-02,1.146166394494997978e-02,1.458932109415570215e-04,2.155103072034915694e-04
9.659515766016935068e-01,2.548040419944313031e-02,8.242545598255098666e-03,1.022577854851513759e-04,2.232158151232396543e-04
9.736143858868503420e-01,2.134431326037402113e-02,4.693564001815864195e-03,6.512556223896925976e-05,2.826112887209511677e-04
9.814879755786658500e-01,1.542336399362610744e-02,2.730410569649351950e-03,3.963149952681010752e-05,3.186183585319555395e-04
9.592860517396170073e-01,3.514396706162507128e-02,4.915218651080607674e-03,5.588042272981162537e-05,5.988821249476845941e-04
9.367159679518901605e-01,4.923235311100471190e-02,1.340360210159405145e-02,1.051160773577390715e-04,5.429607581533311229e-04
9.525754890637109229e-01,3.710964851509681445e-02,9.882552712269667902e-03,9.420737729232989360e-05,3.381023316302393385e-04
9.501357449148909451e-01,3.526382604778986046e-02,1.420114516222918677e-02,1.626822363937523229e-04,2.366016386962607764e-04
9.738141486217295473e-01,1.754809557590228039e-02,8.382059912475427546e-03,1.087951753237451232e-04,1.469007145689454571e-04
9.117203425936322159e-01,5.749274652132005392e-02,3.027018636346975530e-02,2.625787615748433014e-04,2.541457600030038897e-04
9.580031025823706470e-01,3.187409326977255070e-02,9.566718264482021450e-03,1.239824525697527712e-04,4.321034308050438529e-04
8.002309016503839079e-01,1.123222648058618406e-01,8.526304670220177795e-02,1.005460102987038723e-03,1.178326738565415362e-03
9.280035745642573053e-01,4.309911406100803977e-02,2.811946499792416718e-02,3.233124293378447059e-04,4.545339474727734357e-04
8.848014904620112864e-01,5.837110963769649025e-02,5.534831013064501343e-02,1.037303746097597169e-03,4.417860235495297324e-04
9.325485444085596098e-01,3.215171545974779277e-02,3.408260307976133940e-02,8.668679016744173203e-04,3.502691502568813764e-04
9.816425894429032795e-01,9.735196866038582642e-03,8.125881654514650540e-03,2.383163156797680788e-04,2.580157208637856039e-04
9.545949347833013743e-01,3.207411508385670657e-02,1.244895823441465391e-02,2.755908998381707549e-04,6.064009985891674051e-04
9.174420264890702503e-01,5.838168633249161271e-02,2.284372225655264405e-02,3.459978671891796921e-04,9.865670546962779317e-04
9.251028719145086843e-01,4.473173584599147296e-02,2.857149641024088124e-02,4.669998498006881034e-04,1.126895979458267250e-03
9.716963362313830732e-01,2.078509393382284992e-02,6.730175055275617116e-03,1.592219839717491853e-04,6.291727955467188872e-04
9.591251389365637037e-01,3.295528489968863745e-02,6.486301495547991403e-03,1.636273147742803552e-04,1.269647353425346764e-03
9.206151288666772903e-01,5.995925418233789828e-02,1.776452802930372429e-02,3.429666893206020049e-04,1.318122232360493173e-03
8.841645221491063467e-01,1.005871856772433681e-01,1.323362386479931888e-02,2.198172097375267978e-04,1.794851099113628848e-03
8.450869008413653960e-01,1.311861451252023525e-01,2.126838305442653454e-02,2.568664684710678364e-04,2.201704510534740426e-03
8.056775059280585349e-01,1.615614719045137260e-01,2.934439314934902607e-02,3.387231216687717128e-04,3.077905896410126820e-03
7.162170708404662633e-01,1.994159694616524092e-01,8.132655953616818589e-02,7.795978360167999874e-04,2.260802325696296446e-03
7.061370981329149199e-01,1.906111838551704518e-01,1.003275424500234825e-01,9.164810519506067085e-04,2.007694509940505159e-03
7.293685354932651910e-01,1.929629297516983755e-01,7.427715716348703978e-02,5.599154630076722634e-04,2.831462128541799902e-03
8.061423820016349051e-01,9.741276980421131881e-02,9.407432638781783318e-02,1.053208174408815654e-03,1.317313631926978054e-03
7.868395691264853387e-01,1.367699268582610317e-01,7.419238359869952115e-02,6.156469670207530449e-04,1.582473449533279997e-03
7.235750597037555742e-01,1.866280170341716449e-01,8.630952547996893764e-02,6.878622307146057538e-04,2.799535551389252096e-03
7.879577024146044995e-01,1.719695895505952699e-01,3.659913209201927364e-02,2.634499673898537341e-04,3.210125975390986167e-03
8.930771693247305798e-01,7.398272945521383592e-02,3.103570625143626041e-02,2.898499242046548188e-04,1.614545044414701950e-03
8.837050480971289090e-01,9.089528247136402506e-02,2.180825118587463585e-02,2.351474071266039176e-04,3.356270838505938468e-03
8.053993417040976599e-01,1.591355519863112411e-01,2.605021636717934005e-02,2.409130738222954333e-04,9.173976868589256428e-03
7.076595604710425036e-01,2.437093536002121752e-01,4.045035693669789267e-02,2.623219674411277893e-04,7.918407024606171837e-03
4.939798721900737766e-01,4.139830668198834496e-01,8.378757314770494957e-02,3.298687000792505184e-04,7.919619142258515002e-03
6.859966018269936239e-01,2.638543829686943454e-01,4.560524193709299123e-02,2.284232488820186775e-04,4.315350018337043604e-03
6.987730847619896268e-01,2.499591567871463360e-01,4.732396889444884236e-02,2.301491739597825276e-04,3.713640382455443006e-03
6.722015762825791496e-01,2.615625358618339225e-01,6.041208470832898358e-02,3.435892694897376472e-04,5.480213877768251585e-03
7.158701568903572676e-01,2.263391673625204381e-01,5.315273171776702804e-02,2.832128394912674339e-04,4.354731189864138007e-03
7.243464218898765239e-01,2.333124294454761438e-01,3.568238420584095988e-02,2.359688218891038951e-04,6.422795636917117378e-03
8.037734475936740841e-01,1.502233319223576502e-01,4.214716004134901051e-02,3.592006833883982825e-04,3.496859759230933062e-03
6.857000387938293473e-01,2.430793283601830890e-01,6.428245730935860935e-02,5.705291852066694033e-04,6.367646351422335052e-03
5.641229605336276487e-01,3.557366930983782427e-01,7.173901618654636436e-02,4.281867046456494432e-04,7.973143476802085905e-03
3.555183093347963896e-01,4.955892075664377061e-01,1.409371838710666291e-01,6.313173425769780158e-04,7.323981885122317695e-03
5.450536422883105470e-01,3.703802616773448908e-01,7.885988270302030090e-02,3.873328343731124827e-04,5.318880496951256844e-03
4.226768416806357398e-01,4.837405230909772036e-01,8.789486847181809948e-02,4.487576259022183324e-04,5.239009130666667791e-03
4.379949269118046939e-01,4.242120093007449855e-01,1.346572179908791800e-01,5.701143743470073145e-04,2.565731422224206901e-03
2.622602577220556341e-01,5.855148685988577073e-01,1.469073936986982354e-01,6.160600106791446146e-04,4.701419969709310330e-03
2.365561734825998574e-01,6.117475152980594855e-01,1.454755820191096782e-01,5.167826034556665402e-04,5.703946596775359701e-03
2.957156091003606546e-01,5.864594033958971941e-01,1.123971505883007149e-01,3.062217993422625410e-04,5.121615116099210475e-03
1.950115992007838417e-01,6.219473692816429589e-01,1.778668620829094715e-01,4.959795868351103611e-04,4.678189847828829843e-03
3.134411722854074100e-01,4.800744098860906250e-01,2.018502321963349666e-01,6.314741981476853583e-04,4.002711434019297007e-03
4.417096936048940936e-01,4.282807701490151664e-01,1.240560522451313041e-01,4.579283511740007105e-04,5.495555649785432116e-03
2.460388962964966952e-01,5.204117511491813675e-01,2.276922961741338347e-01,8.183004409875583142e-04,5.038755939200433367e-03
1.734471109717186377e-01,5.327373425295066633e-01,2.869441839377794845e-01,8.060959848274714713e-04,6.065266576167729559e-03
4.041318401434923491e-01,3.722786743509583496e-01,2.179350267235340421e-01,8.158200080604323997e-04,4.838638773954765868e-03
7.199088409243187270e-01,1.453976856841749654e-01,1.284429240186543975e-01,1.259134281036640652e-03,4.991415091815068483e-03
7.410434333943731744e-01,7.499274522968034373e-02,1.772995317664891046e-01,4.179467314758586460e-03,2.484822294698670660e-03
7.877019552243900158e-01,6.921471383021612911e-02,1.398057997680493547e-01,2.146430983492012175e-03,1.131100193852533102e-03
8.142792791020712073e-01,4.688941808446075304e-02,1.345836980777904979e-01,3.729013725954437395e-03,5.185910097230859387e-04
7.169056606984948177e-01,6.059141264076856048e-02,2.144900881038132034e-01,7.551425471289641492e-03,4.614130856337900796e-04
9.245340346089674366e-01,1.235671823018506463e-02,5.867650461914015320e-02,4.209621362240833012e-03,2.231211794665589442e-04
9.175841900939930573e-01,1.607515680519290557e-02,6.217229546027820686e-02,3.899407745239586755e-03,2.689498952962253832e-04
9.518763808575688712e-01,1.050117960291366975e-02,3.402072597847067420e-02,2.977719355756303955e-03,6.239942052905713289e-04
9.807951060223184525e-01,5.052655926245834886e-03,1.221145195814622025e-02,1.638214345465482209e-03,3.025717478240066722e-04
9.086531953638542491e-01,2.072988326990317029e-02,6.343602465523758005e-02,6.707306804286345542e-03,4.735899067186141536e-04
9.541335693709523946e-01,8.485265187151466715e-03,3.412220740977695704e-02,3.110125297694502338e-03,1.488327344246864314e-04
8.176408085447905982e-01,1.639746757392419874e-02,1.464104467173605040e-01,1.938726691523329215e-02,1.640102486913933488e-04
8.697604607079244543e-01,1.370871889219275018e-02,1.038318294066752356e-01,1.255778867054650576e-02,1.412023226610953732e-04
9.509902766293590881e-01,7.288797362889540103e-03,3.635835383007812727e-02,5.240789335253221055e-03,1.217828424199972115e-04
9.024827755283184594e-01,9.659065577276693126e-03,7.319224414869004991e-02,1.444568870878257943e-02,2.202260369322647164e-04
7.699653197168645491e-01,1.626596802591160490e-02,1.808791248517413464e-01,3.268577564741786262e-02,2.038117580646148013e-04
9.268439981059881649e-01,6.104455124058809183e-03,5.219014316166227518e-02,1.475746572898102744e-02,1.039378793096799777e-04
9.520278787351255101e-01,6.723703633079640071e-03,3.554382368787917246e-02,5.588469498555587861e-03,1.161244453601892399e-04
9.781836240687588058e-01,4.653301102563458039e-03,1.435788369744929981e-02,2.715541960394009247e-03,8.964917083434147322e-05
9.527962822372273433e-01,1.550780635291662199e-02,2.874567875222647229e-02,2.792393939253126449e-03,1.578387183766280565e-04
9.497484892633130116e-01,1.954792010921135512e-02,2.852936389837515407e-02,2.004103980789988422e-03,1.701227483105524207e-04
9.409474657153280575e-01,1.890254907403238552e-02,3.763812488190622363e-02,1.947288741936321118e-03,5.645715867969962332e-04
9.676859004403240982e-01,1.078127972320866261e-02,1.890446260370851755e-02,2.217378029665268823e-03,4.109792030935664970e-04
9.540037372061808130e-01,1.759927271121475637e-02,2.461638214518764231e-02,3.343367994956829466e-03,4.372399424601509563e-04
9.832763026377010496e-01,5.919390462579900668e-03,9.449677273640429837e-03,1.219321220795893061e-03,1.353084052826225656e-04
9.869754104651782267e-01,7.495061820745137562e-03,5.001751707441802648e-03,3.738996476287627033e-04,1.538763590059221331e-04
9.887316061695797798e-01,7.627624651991379671e-03,3.289961191125854393e-03,1.859384774662313955e-04,1.648695098368810428e-04
9.502805416731019417e-01,3.440513651919770849e-02,1.465849755181578354e-02,2.652182034964233330e-04,3.906060523880326533e-04
9.877801685684790556e-01,8.001219816908324359e-03,3.923521824987227097e-03,8.122678322803197567e-05,2.138630063972729925e-04
9.976932043536944628e-01,1.737838465148202520e-03,4.448829682487848744e-04,1.912751097351416354e-05,1.049467019349902702e-04
9.980364491807525162e-01,1.501681231347070777e-03,3.660043222044609889e-04,1.753934534567069635e-05,7.832592035017677272e-05
9.991693840321882458e-01,6.345363582475295125e-04,1.409326384547615238e-04,1.429683318930241625e-05,4.085013792017387461e-05
9.964504719795989063e-01,2.418468855840461441e-03,9.500134925496653195e-04,1.088602809062115382e-04,7.218539110491353859e-05
9.975215447702266980e-01,1.612381557865766790e-03,7.401860227664309837e-04,5.938620971301086305e-05,6.650143942803262288e-05
9.980587497756586712e-01,1.254297042763997125e-03,5.640376582760056254e-04,5.599269468627820340e-05,6.692282861499558187e-05
9.962627892024892295e-01,2.304173918676434910e-03,1.258623908134268686e-03,1.044789362479185869e-04,6.993403445239579558e-05
9.943945723759640698e-01,3.668495057850333814e-03,1.672200475519721027e-03,1.191684276086815583e-04,1.455636630571482514e-04
9.973146176996041667e-01,1.725739899859679398e-03,7.610426285507942805e-04,6.849577807809441386e-05,1.301039939072529247e-04
9.984508423259140786e-01,1.086450671927895791e-03,3.616467843665942174e-04,3.779241193159126142e-05,6.326780585994483082e-05
9.930316481268052220e-01,5.423063018961816160e-03,1.331710914561081652e-03,7.119698683311701372e-05,1.423809528388791435e-04
9.801129399918263596e-01,1.507089030846666886e-02,4.475719100487923936e-03,1.580233644126641354e-04,1.824272348063354064e-04
9.292983082001924355e-01,4.400144482119562606e-02,2.610540294439292475e-02,4.109050247769790629e-04,1.839390094421258619e-04
8.819366438999195479e-01,4.899639517329253124e-02,6.801957640451945786e-02,9.012538809645635317e-04,1.461306413037859664e-04
7.970817440400074227e-01,9.329713538922408678e-02,1.081155124598433825e-01,1.265163673244099713e-03,2.404444376809876751e-04
8.432866594399694993e-01,7.170508273499104357e-02,8.406509611797781389e-02,7.586226637701935695e-04,1.845390432913625767e-04
8.896984871126688565e-01,4.823290576403711089e-02,6.119264493741774502e-02,7.165345207942933319e-04,1.594276650820281775e-04
8.608379391296918648e-01,6.838562258688631046e-02,6.980634876224005303e-02,6.988777388439278626e-04,2.712117823378273765e-04
8.160447506271185647e-01,8.031362884379937561e-02,1.024595223131746780e-01,9.173479353954060948e-04,2.647502805119683199e-04
7.937828325760497572e-01,8.807822801800020696e-02,1.165312119712815092e-01,1.325821908708043305e-03,2.819055259604999713e-04
8.822207531254295798e-01,4.277331826508702639e-02,7.401269134807447747e-02,8.486334553884641385e-04,1.446038060205027942e-04
8.799090091551090564e-01,3.683653370784228248e-02,8.212717353935294895e-02,9.742253796674552480e-04,1.530582180281289954e-04
9.351761508248718213e-01,1.459336542868124378e-02,4.898437883798670983e-02,1.127353843945174371e-03,1.187510645150853468e-04
9.452822086747361130e-01,7.766726377241957996e-03,4.463157344993689407e-02,2.208027308100159094e-03,1.114641899850245542e-04
9.782767839466480764e-01,5.125810827899503035e-03,1.561563999240812503e-02,8.608285923618889295e-04,1.209366406823995168e-04
9.915368687597916342e-01,3.941672890424736779e-03,4.104321461790070777e-03,3.060754543047722407e-04,1.110614336889348207e-04
9.898395495722103199e-01,4.749192639665437109e-03,4.992187997622742589e-03,3.101737598058994174e-04,1.088960306956896786e-04
9.975839633450580557e-01,1.543365487650102475e-03,7.564264982657344831e-04,6.070427181578755000e-05,5.554039721038121823e-05
9.945663936380974013e-01,3.384246694474511361e-03,1.823880747906193303e-03,1.186213533113428167e-04,1.068575662106654680e-04
9.963142079901876613e-01,2.516018494008907640e-03,9.872446158104397195e-04,8.252753956737300428e-05,1.000013604257145631e-04
9.978673255570149614e-01,1.464582700268849064e-03,5.141935887216563059e-04,4.365828065585063188e-05,1.102398733388223887e-04
9.971266158999824158e-01,1.968794315835703784e-03,7.305851126402110275e-04,5.213658704347835294e-05,1.218680844981467263e-04
9.956837835779414059e-01,2.899893715840948759e-03,1.175630065726561554e-03,1.034698043751469969e-04,1.372228361161154932e-04
9.918211488987069835e-01,4.963350983829078154e-03,2.819916284135439571e-03,2.162943330927467303e-04,1.792895002358513962e-04
9.875507481900234197e-01,7.287230475105392104e-03,4.556280661295796994e-03,4.064827609267773734e-04,1.992579126485958499e-04
9.927158441164383174e-01,3.656412180751670519e-03,3.158901981134572441e-03,3.167403683905359920e-04,1.521013532849330185e-04
9.892245449339871488e-01,6.218352824250902681e-03,4.047009393355150385e-03,3.702405850505023264e-04,1.398522633563294355e-04
9.866437497317944727e-01,8.549685979627758697e-03,4.229373655366455362e-03,3.408822896740023212e-04,2.363083435375045837e-04
9.867859372327246748e-01,6.688135041578235213e-03,5.799665194821401921e-03,5.851780284362794815e-04,1.410845024393783578e-04
9.905951709783901160e-01,5.510353895442058128e-03,3.570656562724233273e-03,2.306878928815191642e-04,9.313067056200259684e-05
9.978477537452974389e-01,1.421951344521675585e-03,6.451037329765879061e-04,5.327427705835303105e-05,3.191690014592311528e-05
9.974105008096163516e-01,1.849592593467118710e-03,6.010099331339567195e-04,6.894797715928347673e-05,6.994868662318532598e-05
9.956717994993252718e-01,3.189246559180261304e-03,9.221602647660747266e-04,8.335597663343301061e-05,1.334377000949669198e-04
9.949591987500377988e-01,3.603353434825069292e-03,1.263134567802151826e-03,8.218899426284167467e-05,9.212425307209271528e-05
9.952895663689560468e-01,3.051252452447307875e-03,1.436590100507791502e-03,1.173139819818093366e-04,1.052770961069349258e-04
9.985888433926513041e-01,9.744995893286592051e-04,3.518412553994140009e-04,3.365560717500976925e-05,5.116015544566819659e-05
9.971359739744786177e-01,2.009922256859537036e-03,7.442530683188053157e-04,4.919042578035375901e-05,6.066027456272581823e-05
9.946351630480140260e-01,3.882763586778238424e-03,1.315486308867571969e-03,7.014741891129668764e-05,9.643963742889603266e-05
9.904490347112965276e-01,6.575607813601268628e-03,2.728188243543863342e-03,1.079902145857051631e-04,1.391790169724237006e-04
9.948120179594373003e-01,3.821146081643633351e-03,1.186250582754499842e-03,6.957813117977300755e-05,1.110072449848923743e-04
9.949276160101455657e-01,3.804854684225900639e-03,1.104320986670019123e-03,7.298965340685829840e-05,9.021866555164783361e-05
9.954342837057481574e-01,3.232714573121375692e-03,1.168849406529541600e-03,1.000177300656687822e-04,6.413458453532011020e-05
9.934923419094250363e-01,4.796670246393982748e-03,1.533999049793226916e-03,9.000415650920101293e-05,8.698463787850500037e-05
9.913868609195489734e-01,6.057481552703818453e-03,2.320176433688058305e-03,1.375459188401529287e-04,9.793517521879881063e-05
9.960984746055575600e-01,2.919535401704150858e-03,8.304502521091834026e-04,6.143959968963054702e-05,9.010014093942901310e-05
9.923203962266835543e-01,5.668676514270258419e-03,1.808168416309668784e-03,8.527762707076809033e-05,1.174812156657403073e-04
9.906016407922061395e-01,6.641590936773768966e-03,2.479371965968796450e-03,1.021579489721141648e-04,1.752383560791694105e-04
9.937656580883176272e-01,4.769877726385199010e-03,1.210242658133224396e-03,5.765545236753883681e-05,1.965660747962181436e-04
9.964933529069678331e-01,2.686439207186901417e-03,7.124275115746485972e-04,3.642965491748675785e-05,7.135071935308156383e-05
9.939844502770632806e-01,4.716452635503765381e-03,1.139614048620566722e-03,7.053046103400072077e-05,8.895257777852735837e-05
9.952781068343912185e-01,3.826604857960520713e-03,7.617259071692103999e-04,4.963115418363525991e-05,8.393124629531990681e-05
9.960951703482306963e-01,2.801961201625143179e-03,9.694485386022357607e-04,7.931269490115403680e-05,5.410721664077047674e-05
9.967431664533009661e-01,2.422423417078211315e-03,7.171746993321264979e-04,6.690806032147893548e-05,5.032736996731474675e-05
9.980334402878905387e-01,1.562942055595539564e-03,3.248635128928938965e-04,3.303342785251872063e-05,4.572071576849389606e-05
9.981830679212516655e-01,1.420511678106473703e-03,2.953979269685035611e-04,3.158672886680587795e-05,6.943574480658850333e-05
9.985939016240238386e-01,1.106051097373353994e-03,1.785697073881543234e-04,2.340890025981451770e-05,9.806867095478905309e-05
9.989382452600531481e-01,8.363390857994463948e-04,1.515598427602832211e-04,2.051767053629825632e-05,5.333814085080799646e-05
9.979732654583284290e-01,1.633726389680583866e-03,2.740458856207423190e-04,3.538423942129831031e-05,8.357802694873179834e-05
9.985513526025220354e-01,1.105497974325523680e-03,2.539436886157239769e-04,2.525408711885239406e-05,6.395164741785660080e-05
9.975138751736225551e-01,1.931685465940220911e-03,4.235703950179500570e-04,5.400206200284085221e-05,7.686690341638731828e-05
9.969522268299098045e-01,2.465224415432024953e-03,4.697158656784526935e-04,4.874602403894012000e-05,6.408686494097795366e-05
9.958026745066089758e-01,3.303732183174635812e-03,7.109374050867719877e-04,9.223895661548972363e-05,9.041694851401008853e-05
9.947300100916875998e-01,3.891552411522715155e-03,1.143992779020980028e-03,1.414294707648679965e-04,9.301524700378358641e-05
9.952017019901052697e-01,3.428761486281540864e-03,1.185239398271065040e-03,1.211544728527789039e-04,6.314265248943096121e-05
9.901998344922130491e-01,6.554170759289055896e-03,3.004343223866873420e-03,1.637870704804814592e-04,7.786445415055446900e-05
9.842545052729549937e-01,1.125183711173580875e-02,4.142779400554782998e-03,2.100622192927368648e-04,1.408159954618201247e-04
9.943679104034893745e-01,4.272159395095509460e-03,1.182087927234994149e-03,7.751838870278102069e-05,1.003238854773013945e-04
9.983936784797464714e-01,1.215787283477666545e-03,3.215760150048103949e-04,2.468771908184990444e-05,4.427050268900774424e-05
9.973521005638503745e-01,2.117974389292155268e-03,4.256935455805544127e-04,3.371432139772591368e-05,7.051717987933759692e-05
9.977015693470471236e-01,1.835530283183642915e-03,3.772715775963714343e-04,2.851015459485973383e-05,5.711863757812556705e-05
9.972179112232057996e-01,2.220475956850271292e-03,4.751428854164906263e-04,3.419767761718474634e-05,5.227225691017778700e-05
9.978811394403658275e-01,1.626679818343232170e-03,4.074859738678743293e-04,3.493760735391678078e-05,4.975716006906112627e-05
9.943618450944150533e-01,4.344742405921695957e-03,1.141961891593509890e-03,7.102906372180304889e-05,8.042154434794816776e-05
9.985545001756299666e-01,1.091492981869620011e-03,2.995535049066686494e-04,2.657027901026725694e-05,2.788305858346151788e-05
9.973541381764933211e-01,1.879762490789357171e-03,6.717100934553346756e-04,5.735468793430584792e-05,3.703455132769523323e-05
9.986055751127856928e-01,1.003168721168291779e-03,3.275840669644405705e-04,3.614301487707279558e-05,2.752908420446327395e-05
9.948465096656478046e-01,3.878698275764970189e-03,1.133306480483469358e-03,8.002632033305032372e-05,6.145925777074442878e-05
9.978461130104477883e-01,1.577516334694589262e-03,4.931651390731540876e-04,4.716026469228412534e-05,3.604525109211157829e-05
9.974600896062172373e-01,1.913415597775716421e-03,5.347246497047537404e-04,5.387713339100153151e-05,3.789301291124452689e-05
9.983690426326444767e-01,1.225835780205331970e-03,3.395099481714719926e-04,3.593047993279443027e-05,2.968115904593748429e-05
9.981673306855209926e-01,1.448395176088920896e-03,3.112350938545788777e-04,3.849685179557850781e-05,3.454219273998317596e-05
9.973245878783301155e-01,1.825224122844449313e-03,7.362350306251936932e-04,8.208681059982304992e-05,3.186615760045076581e-05
9.973687148476039210e-01,1.623154141639582141e-03,8.968580227304442064e-04,8.417590234526117353e-05,2.709708568066872814e-05
9.975560275311159408e-01,1.668378980930021330e-03,6.765621282990583532e-04,6.710863720067047834e-05,3.192272245431003659e-05
9.939643742102157731e-01,3.073100713628430271e-03,2.657834545212402547e-03,2.640049701158165380e-04,4.068556082756714703e-05
9.921821881448043001e-01,3.862604659434267125e-03,3.497756978634569951e-03,4.032052040098476568e-04,5.424501311705308431e-05
9.840451101927271127e-01,7.999342039150472358e-03,7.132647210241373562e-03,7.485305871516390128e-04,7.436997072924581183e-05
9.971439920307576532e-01,1.613143906052252798e-03,1.046522435374430985e-03,1.627097871693685370e-04,3.363184064626921997e-05
9.939976009755732145e-01,3.018686320126071944e-03,2.527277900447651420e-03,4.071093154689934385e-04,4.932548838409342012e-05
9.976932773904287899e-01,1.423990480132974372e-03,7.408974731043826197e-04,1.034862586568353080e-04,3.834839767699348742e-05
9.963849848391767017e-01,1.945938245554241358e-03,1.457450826171027966e-03,1.788741371119245249e-04,3.275195198618215792e-05
9.980127341042778211e-01,1.317479366107387768e-03,5.738797466616352020e-04,6.393876526422069561e-05,3.196801768899697828e-05
9.955163333763040745e-01,2.396397760713707501e-03,1.747767965180149026e-03,2.827459114312623218e-04,5.675498637080359697e-05
9.988635006906849689e-01,7.560008772679636209e-04,3.146164292818064839e-04,3.549355525298210254e-05,3.038844751232244750e-05
9.987545778351698544e-01,9.661123362587205029e-04,2.231056642607806030e-04,2.274025029340379987e-05,3.346391401719195146e-05
9.991057163405138164e-01,6.979333969045022935e-04,1.558760296430797352e-04,1.871139210321113731e-05,2.176284083548636064e-05
9.992375211473079055e-01,6.036754495241781040e-04,1.105506848726664222e-04,1.380118683324911163e-05,3.445153146195501702e-05
9.990644032527822294e-01,7.307149832974188953e-04,1.507875659542800141e-04,1.632485119234440714e-05,3.776934677383433545e-05
9.990708123600167134e-01,7.344771430201850861e-04,1.390703119954556837e-04,1.943618088448128756e-05,3.620400408308245170e-05
9.991421610793150831e-01,6.738841080495820051e-04,1.281943517818979767e-04,1.972912191960815454e-05,3.603133893384602389e-05
9.993120539030082572e-01,5.520563494711876532e-04,9.617567748103876416e-05,1.111120690976191290e-05,2.860286312975499409e-05
9.991679594780765727e-01,6.164880682147814766e-04,1.710412739686340521e-04,2.209375025131785861e-05,2.241742948858141030e-05
9.992695064466522448e-01,5.225886587855809286e-04,1.632824570929252502e-04,2.642721091208411269e-05,1.819522655722506213e-05
9.992340661727171502e-01,5.727370798830975617e-04,1.463067682890964504e-04,2.496062838836492423e-05,2.192935072220486532e-05
9.992142923766631490e-01,5.608007655618316720e-04,1.725016555709072189e-04,3.133473495414494214e-05,2.107046725015143562e-05
9.992233506807859378e-01,5.684239488380271122e-04,1.589080170452625848e-04,2.337661322029913565e-05,2.594074011050431463e-05
9.990204473385623229e-01,7.344023145970677907e-04,1.976323722296575189e-04,2.045597476413273244e-05,2.706199984673717015e-05
9.995125964301804222e-01,3.748119859889044686e-04,8.229061767327475077e-05,1.058358105829579861e-05,1.971738509895826726e-05
9.989250458680923872e-01,7.139954336544993918e-04,2.988340579425395388e-04,3.557383179332247248e-05,2.655080851734939628e-05
9.990927206827128204e-01,6.526241815123308594e-04,2.104493999193334929e-04,2.324793580468768368e-05,2.095780005064861408e-05
9.990523195456559868e-01,7.198718984281663553e-04,1.894266842644725291e-04,1.941077546561128587e-05,1.897109618578382350e-05
9.982718736605868948e-01,1.279484134176591065e-03,3.793136418689693171e-04,4.288511935669672687e-05,2.644344401079359378e-05
9.971915071446656453e-01,1.913835124190372194e-03,7.787483432141926402e-04,8.266605618010975623e-05,3.324333174991256845e-05
9.973968282736386248e-01,1.476611949456254355e-03,9.686854409007271145e-04,1.268617855444766117e-04,3.101255045998130814e-05
9.930855048717368572e-01,2.860827375248339161e-03,3.524801906538980751e-03,4.834129683310771732e-04,4.545287814486573388e-05
9.888910980401784956e-01,4.493527187454882978e-03,5.892751528856386527e-03,6.660605770446479616e-04,5.656266646570651393e-05
9.870538595465100373e-01,5.631225118503161396e-03,6.529200757395401365e-03,7.130454302092394765e-04,7.266914738212496905e-05
9.674508261776015861e-01,9.792351809844643956e-03,1.951887880396309047e-02,3.131037179823709018e-03,1.069060287670094817e-04
9.856284860390115421e-01,6.076021253572764375e-03,7.166262313314396629e-03,1.052379110900885902e-03,7.685128320037325417e-05
9.835190615095816824e-01,7.365456591847771572e-03,8.068226423163482944e-03,9.612670616446787521e-04,8.598841376235214341e-05
9.926108431815702238e-01,4.237681236644886933e-03,2.805044548349035476e-03,2.879759266463072058e-04,5.845510678957029836e-05
9.896122079634862567e-01,4.023952961841040753e-03,5.432580885772794743e-03,8.655374027601272146e-04,6.572078613979890282e-05
9.914949913945643178e-01,2.868524663814302038e-03,4.730534407862195187e-03,8.614025438071948489e-04,4.454698995185323599e-05
9.949006759695027124e-01,2.277995367871324655e-03,2.446499203046420372e-03,3.365520541509335736e-04,3.827740542854376408e-05
9.901433661345127035e-01,3.427633403324481694e-03,5.618585701394504701e-03,7.626401665597846036e-04,4.777459420847965539e-05
9.948006621102071234e-01,2.123363391508040470e-03,2.691837978545734335e-03,3.449420930816937659e-04,3.919442665741813353e-05
9.951404970775729053e-01,2.230721075407622600e-03,2.239688083555413985e-03,3.565044571606900553e-04,3.258930630341143645e-05
9.931936437119410765e-01,2.520214730025201969e-03,3.612146205441689809e-03,6.390694519549560207e-04,3.492590063709874215e-05
9.985598227969917362e-01,6.799692805745159805e-04,6.259267467479639850e-04,1.146803206144095803e-04,1.960085507148786048e-05
9.966059086569750702e-01,1.845274634527626452e-03,1.362111348476670314e-03,1.511145832349629738e-04,3.559077678575030919e-05
9.973174212230321301e-01,1.465238684286755298e-03,1.082796985104268576e-03,9.995811457425067504e-05,3.458499300268060440e-05
9.918556180842665881e-01,2.714413867343189613e-03,4.809381359080605253e-03,5.734881369985490428e-04,4.709855231104005143e-05
9.912216893585374944e-01,2.022888647747364890e-03,5.405831762780579849e-03,1.308550936835923195e-03,4.103929409852837896e-05
9.979347376158800298e-01,7.343437421697464893e-04,1.129420008985406940e-03,1.796126448158567163e-04,2.188598814884254787e-05
9.967441736209737835e-01,1.371805914416036627e-03,1.533417722214399422e-03,3.106423769956291841e-04,3.996036540022966974e-05
9.970516691499186068e-01,1.191885903577023266e-03,1.447119282380183438e-03,2.788847303681883140e-04,3.044093375615767460e-05
9.953524228701099430e-01,2.140823573822972677e-03,2.040288415895392254e-03,4.154186423982137518e-04,5.104649777353114661e-05
9.967146533245351270e-01,1.563570826897356597e-03,1.356176724123413528e-03,3.268548176916924713e-04,3.874430675231120173e-05
9.940350004911944204e-01,2.448800225584011215e-03,2.925305933526632738e-03,5.510321135402165274e-04,3.986123615464036803e-05
9.916860872991782871e-01,2.991391704374696519e-03,4.304551900647559347e-03,9.760009153674768919e-04,4.196818043188356781e-05
9.888515913892449438e-01,3.898194491933338474e-03,5.792753856077882506e-03,1.415207258669181484e-03,4.225300407468132399e-05
9.787610928869910909e-01,4.654956200280807588e-03,1.355470339099505185e-02,2.991672074190835674e-03,3.757544754203419909e-05
9.669129132721779873e-01,7.169136536626514490e-03,2.155097768031833186e-02,4.319053882006542236e-03,4.791862887051756136e-05
9.783953918319041598e-01,4.730315511562090125e-03,1.378260194448215244e-02,3.048623506362369874e-03,4.306720568918745657e-05
9.733013716223181122e-01,6.790771731285255575e-03,1.724147241647277368e-02,2.623587625320557629e-03,4.279660460323583197e-05
9.878836014451786163e-01,4.238477932063711845e-03,6.838506863041978433e-03,1.007039164547119791e-03,3.237459516853891567e-05
9.937941372363905401e-01,2.834104757843822035e-03,2.984100500714117685e-03,3.596291426197192388e-04,2.802836243176025930e-05
9.972765739778863825e-01,1.566770107137640871e-03,1.003566180101439194e-03,1.325519586659267381e-04,2.053777620861892548e-05
9.979566364497779452e-01,1.224018518369964469e-03,6.903944948743835413e-04,1.089201063523862964e-04,2.003043062537568296e-05
9.985825264388421552e-01,9.641235183463305915e-04,3.567123511031582346e-04,6.823379805460694529e-05,2.840389365376746417e-05
9.988725910407492137e-01,8.288384069460260663e-04,2.145075444205418627e-04,4.800154057910315864e-05,3.606146730511825227e-05
9.986489963650230228e-01,9.659530516066026440e-04,2.951298377292100434e-04,5.375017050505862486e-05,3.617057513594240534e-05
9.980659875705295558e-01,1.393304259261866039e-03,4.132305702655355304e-04,9.015006987017253677e-05,3.732753007298148364e-05
9.961593895361807727e-01,2.437890696281222631e-03,1.236348996407321630e-03,1.199377277485591151e-04,4.643304338217129631e-05
9.948053946102496381e-01,3.328223191153780250e-03,1.565067307136513552e-03,2.252818911748173723e-04,7.603300028515758071e-05
9.915949487306161547e-01,4.434084494282978725e-03,3.526747668759764361e-03,3.704638488523311112e-04,7.375525748896500603e-05
9.940348717847744542e-01,3.519391970346257958e-03,2.102956022590956459e-03,2.482289006687345492e-04,9.455132161959388219e-05
9.965653085097784247e-01,1.998824514567731914e-03,1.186726066521843299e-03,1.952462485654349658e-04,5.389466056658686542e-05
9.961765614687971837e-01,2.157979650215030229e-03,1.407341768040065678e-03,1.982738072055700222e-04,5.984330574216895087e-05
9.976266636959355560e-01,1.484495362322598095e-03,7.444794263510592057e-04,9.863270310546547832e-05,4.572881228522265233e-05
9.878550446743252778e-01,3.250116217019060651e-03,7.441059896517699356e-03,1.401948198820752479e-03,5.183101331726223601e-05
9.863821208814700370e-01,4.320183103335484276e-03,7.602674289499235585e-03,1.609197920381109145e-03,8.582380531410360508e-05
9.921837690876909033e-01,3.651406128343787257e-03,3.475200713869627377e-03,5.683091354556994148e-04,1.213149346398983915e-04
9.877761662042539026e-01,4.764143318630929998e-03,5.985537488456847861e-03,1.314440095663897213e-03,1.597128929943919789e-04
9.685544809828774415e-01,5.177619945426699226e-03,2.067298636750588420e-02,5.494762481281516633e-03,1.001502229083096575e-04
9.517503246656575655e-01,8.408821917091337250e-03,2.901260680802263819e-02,1.065413851328237370e-02,1.741080959462418037e-04
9.786141870274145393e-01,3.600528383434359759e-03,1.318957926858297346e-02,4.451331642980443405e-03,1.443736775874843799e-04
9.882910276609677691e-01,6.191302867665383208e-03,4.291747257634406267e-03,9.608702608141473592e-04,2.650519529183368835e-04
9.933300966372280438e-01,4.727914513936685471e-03,1.342249034772967711e-03,2.409888301837477867e-04,3.587509838784461820e-04
9.945990220451146335e-01,3.902067148313155976e-03,1.199508556375809961e-03,1.208924907960843637e-04,1.785097594003309839e-04
9.925296835145422936e-01,5.819600745427091007e-03,1.096455309491468997e-03,1.177118691841400793e-04,4.365485613551014902e-04
9.892854962939936492e-01,8.019806674352019521e-03,1.983745859433300000e-03,1.597399098692752698e-04,5.512112623518209504e-04
9.936561649296435927e-01,4.992849927327588574e-03,9.896576196809178140e-04,9.542093839238027135e-05,2.659065849554104427e-04
9.935666086536573127e-01,5.230606074215197847e-03,9.037024202542082120e-04,1.028473811448687314e-04,1.962354707284768489e-04
9.896981666580960679e-01,8.539838760339700172e-03,1.332120854482503423e-03,1.479544777826759445e-04,2.819192492989501856e-04
9.936991127676267910e-01,4.982600605617493010e-03,1.014323780102990586e-03,1.018200131808150253e-04,2.021428334718373000e-04
9.940504802701398690e-01,4.829685067382978765e-03,8.883635836396703168e-04,7.633941638148051211e-05,1.551316624560609839e-04
9.881826819028581843e-01,9.378230225293817876e-03,1.797783520044171851e-03,2.452905497699114034e-04,3.960138020338679400e-04
9.836193252901668238e-01,1.199377464351223700e-02,3.593895279254636504e-03,3.805933316199729979e-04,4.124114554463859605e-04
9.836102648159598116e-01,1.170324704353941508e-02,3.940244579140462881e-03,3.661816560695365709e-04,3.800619052909098958e-04
9.948647223531632555e-01,4.075384531712796660e-03,8.123295166109295801e-04,7.803596921371379683e-05,1.695276292991270957e-04
9.940803808818865495e-01,4.864845734756984008e-03,8.409415644043176591e-04,7.791158242517988235e-05,1.359202365270142964e-04
9.974534392891754031e-01,2.026164466048300649e-03,3.693085407299545684e-04,5.443912963669476245e-05,9.664857440974844482e-05
9.954113283629576481e-01,3.523794113348664454e-03,8.242768379263403812e-04,1.125112929430445853e-04,1.280893928241917537e-04
9.977951255124786201e-01,1.733905373872196868e-03,3.089728259182217491e-04,6.085531897254951742e-05,1.011409687584802252e-04
9.984838925111184649e-01,1.186190731220429636e-03,2.356689485283452177e-04,3.986217997028690201e-05,5.438562916245897027e-05
9.985849614967241550e-01,1.108400473878281504e-03,2.030069242678047756e-04,3.344075000860727433e-05,7.019035512104157223e-05
9.979659968990686192e-01,1.670863606870168997e-03,2.435998209728909569e-04,2.977148413421281168e-05,8.976818895414269547e-05
9.980155867973854455e-01,1.632260826210716123e-03,2.598921172629420980e-04,2.623351074413208766e-05,6.602674839677308261e-05
9.968864783528563756e-01,2.560769658871753663e-03,3.980332634876720586e-04,5.145568468826359294e-05,1.032630400958196534e-04
9.960610494085287980e-01,3.275879833747378633e-03,4.815803246786083333e-04,6.112539374736894677e-05,1.203650392978720485e-04
9.971955092573507873e-01,2.231935140515324632e-03,3.971702213282289314e-04,6.296834868689416150e-05,1.124170321189394843e-04
9.966119153674013464e-01,2.661928962672627848e-03,5.477731351801204494e-04,7.734752471921460147e-05,1.010350100266170124e-04
9.970219685004488852e-01,2.418488271834755114e-03,4.027159818553661583e-04,6.151107387809285341e-05,9.531617198296564973e-05
9.958790331527548334e-01,3.449127750367487512e-03,4.429458877227363933e-04,7.017547971521973502e-05,1.587177294396766079e-04
9.952463300999017104e-01,3.639786132856067183e-03,8.525401901782086230e-04,1.243424825981728462e-04,1.370010944657107648e-04
9.936361091439963600e-01,3.425326803432214226e-03,2.385249020480392432e-03,4.767344965554784096e-04,7.658053553561357837e-05
9.847057848755661480e-01,7.780006119851239944e-03,6.314031513995571263e-03,1.081691776882183010e-03,1.184857137049447409e-04
9.552843386023393002e-01,2.128197024983148611e-02,2.020217800101972022e-02,2.954097989569622572e-03,2.774151572398771918e-04
9.636049039077261291e-01,2.146896529042850027e-02,1.231707585724283772e-02,2.133332859707473550e-03,4.757220848950365131e-04
9.680995936236660437e-01,1.829711350802636777e-02,1.140968806199258410e-02,1.773943577099562630e-03,4.196612292153870604e-04
9.891227551925242389e-01,7.561861109999878580e-03,2.341989994053221297e-03,4.436117683985340426e-04,5.297819350242381591e-04
9.874260183226604148e-01,8.811177935183874682e-03,2.690665491065146950e-03,5.026848330250753387e-04,5.694534180653732652e-04
9.896654663914401517e-01,7.505906683937173078e-03,1.619054198909987636e-03,3.237851158563068523e-04,8.857876098564142512e-04
9.943580988622621186e-01,4.296852017471757858e-03,8.290858535499564304e-04,1.153364375812613679e-04,4.006268291348144182e-04
9.971497420060742023e-01,2.266165978857124803e-03,3.653803494846291720e-04,5.761714869295275385e-05,1.610945168912523474e-04
9.968006742399231346e-01,2.503869446023939717e-03,3.892469615103811816e-04,8.098660847824627762e-05,2.252227440643446085e-04
9.974557360253002436e-01,1.930596031171534889e-03,2.827234781216705342e-04,6.767382763757070130e-05,2.632706377689830973e-04
9.954157985103092576e-01,3.704891004176306957e-03,5.262989598045840316e-04,8.512330143459700092e-05,2.678882242752174641e-04
9.959611961698323634e-01,3.159576316059985786e-03,5.134283397117435626e-04,1.043605812113629702e-04,2.614385931846447547e-04
9.975729627254966703e-01,1.676020572042445384e-03,5.579855834126107479e-04,1.041061224903943016e-04,8.892499655794742835e-05
9.962024186000146830e-01,2.850178417778150702e-03,6.498556414178813375e-04,1.201552569055691963e-04,1.773920838835528393e-04
9.957417212301293841e-01,3.273602373638621801e-03,6.782119275127406182e-04,1.130748323164908838e-04,1.933896364030662329e-04
9.782439900653288056e-01,1.155919466742361297e-02,8.344167063914746316e-03,1.435912470949044645e-03,4.167357323837607343e-04
9.737522764900440331e-01,1.095101648775367864e-02,1.164391041469673566e-02,3.115803379323620580e-03,5.369932281819134005e-04
9.614643853383053607e-01,1.006262789415562908e-02,2.305119638022031306e-02,5.115432128840534214e-03,3.063582584780823181e-04
9.771089663391373525e-01,8.534832745529043890e-03,1.156123310819553822e-02,2.548358170831974134e-03,2.466096363062874556e-04
9.744511616218919370e-01,1.230249044136958771e-02,1.053842229477947381e-02,2.186465283106833399e-03,5.214603588522573286e-04
9.872147118910151731e-01,6.965430311501590900e-03,4.532440514750981850e-03,9.406742223299575717e-04,3.467430604023978699e-04
9.854379409805614776e-01,8.529575948268268773e-03,4.946494577950176497e-03,7.805436574461415518e-04,3.054448357738120674e-04
9.961234529827946993e-01,2.749983474100212762e-03,9.325734102515869511e-04,1.017941921141023176e-04,9.219594073930891529e-05
9.987149652183955340e-01,9.218226681157774220e-04,2.874244627705315760e-04,3.662210597163895778e-05,3.916554474651828843e-05
9.969977601034679671e-01,2.085991576548260670e-03,7.644685957268030924e-04,9.800869267916172405e-05,5.377103157781586672e-05
9.981226775756484315e-01,1.315818744034349171e-03,4.436387476709670731e-04,7.015133142171690655e-05,4.771360122464367412e-05
9.959681573901685292e-01,3.214490415196117473e-03,6.103984742026315408e-04,8.607148675020194917e-05,1.208822336825860844e-04
9.968280847835797598e-01,2.535198025189160879e-03,4.627998873973173158e-04,6.295841481370755585e-05,1.109588890199704643e-04
9.970272325837636895e-01,2.380827719862328457e-03,4.235012071279745582e-04,6.379002581259378619e-05,1.046484634333710428e-04
9.968375065433199289e-01,2.442983139500904451e-03,5.318605237134822966e-04,9.241558738542805936e-05,9.523420608021562620e-05
9.957072860459172947e-01,3.257992157396116459e-03,8.331806780176792071e-04,1.200253049411927704e-04,8.151581372783788676e-05
9.896605419938959702e-01,8.314531951309361152e-03,1.673715322993831215e-03,1.904836089669859132e-04,1.607271228337625515e-04
9.884583877103089167e-01,9.285146539694994622e-03,1.893792890446294652e-03,2.265756428950052082e-04,1.360972166548044839e-04
9.960203694417887332e-01,3.229092060267388983e-03,6.250850065266491716e-04,6.919686927531749194e-05,5.625662214221637740e-05
9.967546828371194323e-01,2.723208658320605026e-03,4.053997991359944921e-04,5.752289492301792975e-05,5.918581050095230605e-05
9.989694291518330660e-01,8.561369553373110669e-04,1.243694479147847316e-04,1.667412313785773237e-05,3.339032177696807109e-05
9.982153868464808122e-01,1.550793229337708292e-03,1.756154523670859339e-04,1.748016130501175563e-05,4.072431050934821248e-05
9.956506500704123130e-01,3.457001982860176837e-03,7.700180356094966060e-04,6.817213271154978164e-05,5.415777840652612933e-05
9.970709255906855528e-01,1.786708263211619300e-03,9.821911079285973629e-04,1.144689726705327564e-04,4.570606550374232198e-05
9.957576675395338750e-01,2.722867467107600772e-03,1.293982820996501413e-03,1.277709220993502497e-04,9.771125026272211266e-05
9.897057399210141826e-01,6.683289156403478953e-03,3.218869759965540221e-03,2.275324323820036713e-04,1.645687302349645382e-04
9.789754900474680888e-01,1.497896744503412689e-02,5.561710782871071013e-03,2.517955685846968734e-04,2.320361560421454854e-04
9.865085733973349980e-01,9.175511049058488952e-03,3.944267430104201819e-03,1.940769811309932659e-04,1.775711423714669763e-04
9.747738750986845169e-01,1.270952947190878007e-02,1.131495587136035694e-02,9.731088204366711639e-04,2.285307376096906208e-04
9.320617569963730586e-01,2.392028308100492204e-02,4.063448628768526888e-02,3.089528055852451376e-03,2.939455790843081666e-04
9.075068063346851677e-01,3.462212814920878623e-02,5.301678526803547953e-02,4.445671006270753879e-03,4.086092417997691626e-04
8.958108802095340328e-01,2.093758651930636983e-02,6.990920002574292635e-02,1.238227615464957201e-02,9.600570907669835020e-04
9.629496383093315570e-01,1.515784618254222005e-02,1.807573902437111663e-02,2.977222265126752438e-03,8.395542186284122004e-04
9.360879163309085982e-01,2.294581814724893157e-02,3.741876282697363665e-02,2.958439366827182986e-03,5.890633280414779007e-04
9.261420091632739382e-01,1.985079571582672175e-02,4.511221036137293139e-02,8.560553717749519800e-03,3.344310417767995731e-04
9.821304823289846997e-01,7.415036234082061743e-03,8.661508926317047427e-03,1.623983874319606798e-03,1.689886362966231542e-04
9.846347691831376370e-01,6.804167904953261486e-03,7.030742484617004059e-03,1.382540695265204378e-03,1.477797320270286569e-04
9.481238748175462305e-01,1.702597101894498186e-02,3.100334772851204984e-02,3.615912603816513488e-03,2.308938311803280423e-04
9.419694702178110779e-01,2.101951540606341456e-02,3.422722465904154410e-02,2.478995910937913105e-03,3.047938061460294138e-04
9.830857438316693564e-01,4.297801381759583546e-03,1.026242743186911791e-02,2.051493771405333427e-03,3.025335832966078039e-04
9.835209353254829034e-01,4.992053788951794288e-03,8.387266716707661093e-03,2.580257798151433697e-03,5.194863707061721323e-04
9.892258393169314212e-01,3.147717064782778063e-03,5.035170519303235233e-03,2.375617690108673772e-03,2.156554088739649939e-04
9.903929439707791493e-01,2.690392461273811899e-03,4.080068228640662022e-03,1.887473238107363876e-03,9.491221011991411325e-04
9.399086492219711486e-01,1.204001395824152304e-02,3.722332744111472858e-02,9.505464847759336616e-03,1.322544530913218703e-03
9.184971776048070913e-01,9.191088153573400560e-03,5.684029512141392654e-02,1.484070894396738970e-02,6.307301762382075405e-04
9.855169210301217841e-01,3.172435731828273254e-03,8.907058573873704449e-03,2.187075483791632753e-03,2.165091803845938011e-04
9.968800587723848361e-01,1.499320697628991634e-03,1.347776856014461103e-03,1.660658407994843608e-04,1.067778331723557444e-04
9.966506496590485931e-01,1.442617003632265266e-03,1.547823459542787107e-03,2.712025659390960523e-04,8.770731183731982029e-05
9.925104182749056037e-01,2.518348320699575951e-03,4.115581414460443496e-03,7.642175004087070709e-04,9.143448952570844073e-05
9.938716798878614034e-01,1.848795424576340097e-03,3.489154629283234416e-03,6.951494903532425430e-04,9.522056792579187056e-05
9.867767727149547863e-01,3.390288971591474791e-03,8.503591123814647351e-03,1.227669370737515583e-03,1.016778189016297163e-04
9.625944064166316316e-01,3.497564328171013249e-03,2.478902004334427797e-02,9.046991586412258049e-03,7.201762544074347865e-05
9.943931233166211081e-01,6.981989475899518438e-04,2.355775619605701005e-03,2.515473901573136301e-03,3.742821461010581099e-05
9.924647208575274604e-01,7.798452994352521317e-04,2.572422051849349457e-03,4.127293413483111226e-03,5.571837770458133357e-05
9.816440211855735898e-01,1.319029474440789815e-03,6.320977663396554896e-03,1.059270573225435524e-02,1.232659443346585182e-04
9.775404690216397130e-01,2.315077373070895811e-03,7.557553852697226036e-03,1.244320699037123820e-02,1.436927622210670580e-04
9.052723116252289204e-01,1.686208686271270952e-03,1.849757731386386314e-02,7.439300716291503968e-02,1.508952117208644302e-04
9.401846238821284230e-01,1.673197680286655099e-03,9.560141331242654264e-03,4.840593437313359809e-02,1.761027332086704568e-04
9.120067584318569676e-01,1.915817997472073469e-03,1.082219370578020590e-02,7.506832517888127609e-02,1.869046860095376398e-04
9.314417570965466409e-01,1.017427975529125797e-03,6.051948295471099547e-03,6.131571535023798425e-02,1.731512822150032074e-04
9.784765363176677333e-01,1.253063378499606664e-03,2.163101903194245262e-03,1.779203357274824343e-02,3.152648278900901371e-04
9.553611599231759399e-01,3.679227850037190568e-03,5.889021029642849299e-03,3.454401247206010522e-02,5.265787250839384058e-04
9.796312065939906111e-01,1.179858052866074791e-03,2.204458567354973617e-03,1.666457398888203378e-02,3.199027969064530456e-04
9.722355272110799751e-01,1.578091981416266179e-03,2.155229104792303133e-03,2.350463598183359995e-02,5.265157208777801814e-04
9.555401474796165751e-01,2.327893205321425810e-03,2.782647125944424232e-03,3.669270957224218810e-02,2.656602616875414994e-03
9.407434796073348426e-01,1.268984023581137387e-03,3.082119003965932101e-03,5.311956866086423035e-02,1.785848704253893736e-03
9.200502483361701067e-01,2.400442360133398824e-03,3.554402555314791889e-03,7.149904105213009120e-02,2.495865696251348131e-03
8.777033647360347191e-01,1.942879051286449266e-03,4.878152506761684881e-03,1.112907681320873948e-01,4.184835573829788838e-03
8.527319416114822470e-01,2.645695471402641306e-03,6.283301089911642184e-03,1.316727077436272431e-01,6.666354083576052532e-03
8.511188184844493687e-01,2.131652232400601307e-03,7.744779924669897321e-03,1.360431233413344210e-01,2.961626017145719929e-03
7.676694142501278018e-01,2.239676166165985825e-03,1.114258187984112913e-02,2.168254350794055485e-01,2.122892624459662720e-03
8.253898532038087543e-01,2.872086850365178270e-03,1.196583449800615526e-02,1.579942841442798229e-01,1.777941303540092263e-03
8.979212986183128242e-01,1.836681230852753961e-03,6.972345063636181846e-03,9.211091613658754784e-02,1.158758950610599536e-03
8.855250368653857507e-01,1.343680306105535975e-03,8.952474105128506790e-03,1.034629466633621431e-01,7.158620600180594764e-04
7.135890404458768987e-01,3.351770372403589313e-03,2.361194391968542833e-02,2.583926505713351474e-01,1.054594690698965314e-03
3.749076325283662858e-01,8.704329620605947941e-04,1.613171909636548079e-02,6.077571121459173220e-01,3.331032672903892159e-04
