6.937127422240384478e-01,1.466137601422469183e-01,9.873251555561766979e-02,7.790623474122867695e-03,5.315035860397417794e-02
8.633742989843207205e-01,6.359706049313289256e-02,6.079063094568683961e-02,2.214416586789368698e-03,1.002359299007019380e-02
9.525073977760201149e-01,1.825564353223985137e-02,2.622773542781409173e-02,1.970505609316532125e-03,1.038717654609515664e-03
9.866313701076903087e-01,6.937304190757337050e-03,5.656929823771112732e-03,4.926176818671860764e-04,2.817781959139442995e-04
9.932745036712574693e-01,5.149954025678901703e-03,1.310700640290985526e-03,7.745006465232483369e-05,1.873915981202538955e-04
9.849351263986557692e-01,1.175945434968960618e-02,2.780888895361063526e-03,1.148955452895159506e-04,4.096348110041527521e-04
9.446311283992270269e-01,4.537393274785128661e-02,8.923727233668254238e-03,1.467766180558018150e-04,9.244350011977199100e-04
9.146121772818884832e-01,6.929492392115417509e-02,1.490350353279376421e-02,1.401866129236165265e-04,1.049208651240098782e-03
7.130999285938663945e-01,2.127017013005109425e-01,7.147270138813398288e-02,3.810151966037549336e-04,2.344653520885011701e-03
8.452533737164074079e-01,9.762987452890448115e-02,5.509906277505293576e-02,3.941525038633931642e-04,1.623536475771831080e-03
8.440953937666064721e-01,7.233028996786744491e-02,8.179190403733625769e-02,6.573783894518730065e-04,1.125033838738048525e-03
6.030937239652565118e-01,1.890396503221657976e-01,2.042775904645176555e-01,1.011155739581346379e-03,2.577879508478777681e-03
7.114683222779818461e-01,7.367800697938221843e-02,2.110184278206862774e-01,1.981491347906933886e-03,1.853751574042699062e-03
7.360317554939925788e-01,6.469460401881371725e-02,1.951835013944089869e-01,1.817928790981503291e-03,2.272210301803195918e-03
6.295960491193420827e-01,7.722235254099564516e-02,2.877661099558914137e-01,2.268668253381978320e-03,3.146820130388831502e-03
8.924607813717106986e-01,1.755862061014100417e-02,8.798902505777515815e-02,1.217986425863759950e-03,7.735865345093710524e-04
8.991333069833454816e-01,2.298871553672309290e-02,7.554014701211887728e-02,9.321636650514297925e-04,1.405666802760967803e-03
8.850196024308845111e-01,4.045974631020998052e-02,6.758165233561140572e-02,1.070596787886447538e-03,5.868402135407782202e-03
8.880931628925891053e-01,5.671832910574035880e-02,4.151239393218519175e-02,7.149843098415881474e-04,1.296112975964380451e-02
8.506551490642809688e-01,4.514604032069499673e-02,7.400974900324612527e-02,2.708341449002849618e-03,2.748072016277512339e-02
7.355416800315417447e-01,8.301708668794141599e-02,1.013638096821738166e-01,2.609371278538935059e-03,7.746805231980410933e-02
9.330709712906163356e-01,2.808644765211995575e-02,2.813047209640568910e-02,1.086837608903720200e-03,9.625271351954366172e-03
8.996794421990739199e-01,5.425922958995953865e-02,3.477228009976874451e-02,1.031032835212436407e-03,1.025801527598535316e-02
9.774235644692651492e-01,1.166686451356051604e-02,6.389095782696805823e-03,3.358173801975021435e-04,4.184657854279820975e-03
9.879826699300716664e-01,7.433779634340859956e-03,2.618485505255349101e-03,1.871724512587430629e-04,1.777892479073314540e-03
9.817337669604514483e-01,1.242512586145779266e-02,4.625502366654035344e-03,2.480544471159720071e-04,9.675503643208710697e-04
9.494434318611166823e-01,3.162448655521959279e-02,1.728433021974240189e-02,7.639863378163910985e-04,8.837650261049087141e-04
9.227273449643194070e-01,5.375725705552557299e-02,2.133006219414337185e-02,7.851387617864619313e-04,1.400197024225159799e-03
7.234035874819588763e-01,1.585571417736469646e-01,1.123488016247061461e-01,3.348456507724607671e-03,2.342012611963469135e-03
5.860666065640981470e-01,1.531553009936298393e-01,2.519500983535225558e-01,6.599938539446325789e-03,2.228055549303045377e-03
7.311441177779243183e-01,6.812578263119645205e-02,1.892967203014360722e-01,8.501703880305183994e-03,2.931675409137938712e-03
7.241552312272360181e-01,9.744354580250468023e-02,1.660813931085491357e-01,5.350841296001181309e-03,6.968988565708906548e-03
6.886209233233737681e-01,1.075510266826938816e-01,1.854663717189568017e-01,3.454239050672561206e-03,1.490743922430289026e-02
6.871245703682073991e-01,8.319997633154718741e-02,2.165943122494386752e-01,5.437044537734593216e-03,7.644096513072182360e-03
4.257826676226909024e-01,1.198056609824483948e-01,4.344759159987290342e-01,1.260691004296047267e-02,7.328845353171182034e-03
3.181199027311938377e-01,1.095256695111917894e-01,5.518437315339558280e-01,1.120146522609586498e-02,9.309230997562648741e-03
5.271633569566536170e-01,1.052630961790663316e-01,3.323472289453531237e-01,7.906209277257917126e-03,2.732010864166909553e-02
6.745848294412768453e-01,7.788767171557446634e-02,2.264988591445984412e-01,7.181639853534584235e-03,1.384699984501564125e-02
5.994959574611949948e-01,9.377683852113254115e-02,2.862584165514003298e-01,9.581000876916703421e-03,1.088778658935542556e-02
5.541514822730140288e-01,9.298604710500615877e-02,3.243455333050486722e-01,1.050863753985676816e-02,1.800829977707435470e-02
5.910610789434326273e-01,5.979767021946536670e-02,3.209237049956636390e-01,1.436051335391754467e-02,1.385703248752067490e-02
3.366753779624946374e-01,7.876608520083092091e-02,5.530005436636658001e-01,2.172484041874863173e-02,9.833152754259985584e-03
2.861579431363333592e-01,6.962876405197497565e-02,6.140730837601737768e-01,2.298817420378892681e-02,7.152034847729095077e-03
1.517763140482964457e-01,4.860461655547317072e-02,7.620937735752455477e-01,3.499457093830939114e-02,2.530724882675423892e-03
1.578338798953931033e-01,4.271849502263139198e-02,7.577698839624797955e-01,3.862104992284349364e-02,3.056691196652124975e-03
1.752101865044777274e-01,4.299965402918808077e-02,7.394268039218780952e-01,3.744455638446914092e-02,4.918799159986678160e-03
3.542992226980840043e-01,5.200196414516523868e-02,5.421647831863514178e-01,3.949307278090632284e-02,1.204095718949299912e-02
5.043786538261263441e-01,4.912869276255257822e-02,3.980380131360745644e-01,3.788495796393499815e-02,1.056968231131149259e-02
4.788835025068309825e-01,6.253017708149148646e-02,4.258358136272555328e-01,2.708986688513646823e-02,5.660639899285570785e-03
2.796614048246546247e-01,4.479281768061618707e-02,6.325229209521920914e-01,3.905805617579054950e-02,3.964800366746539483e-03
2.753242881677059883e-01,3.947038006320899989e-02,6.320354518848995129e-01,5.066394684099680135e-02,2.505933043188688421e-03
1.394675180484981070e-01,5.051470474454834714e-02,7.639222344111883389e-01,4.235444935757182866e-02,3.741093438193533998e-03
3.092350561967199263e-01,6.510059657739035444e-02,5.843037548219204291e-01,2.764033924851333826e-02,1.372025315545573679e-02
6.084992566090173804e-01,4.244613413699836746e-02,2.982896201890835597e-01,1.922525293073841166e-02,3.153973613416236749e-02
6.331424858929679544e-01,4.467509331296997538e-02,2.688927048962073685e-01,1.918214300585294879e-02,3.410757289200158637e-02
7.357592458289683446e-01,4.716194844697259997e-02,1.954422483610229744e-01,1.220054464131716671e-02,9.436012721718891813e-03
3.842128468188164558e-01,6.415042961135929145e-02,5.227899104999303992e-01,2.385137711059590396e-02,4.995435959297933950e-03
6.407209028764452308e-01,4.793407608741503956e-02,2.940232696282410463e-01,1.443201557828787361e-02,2.889735829610740395e-03
4.805634493474112423e-01,1.088217536498780058e-01,3.911189549703901758e-01,9.501273022714947294e-03,9.994569009605833512e-03
4.036524731756534479e-01,1.285933402611827148e-01,4.370134131026903734e-01,1.092484132876193718e-02,1.981593213171149725e-02
5.580862161849341474e-01,5.148620237445335895e-02,3.125559811790190046e-01,1.135513585110043897e-02,6.651646441049301195e-02
7.025234440868395325e-01,3.452902079947284958e-02,2.122049751176079690e-01,1.088463105370449796e-02,3.985792894237524808e-02
4.285127652429537859e-01,6.056968296296358356e-02,4.731819256983654798e-01,1.960096859577579315e-02,1.813465749994128129e-02
5.398174412397169775e-01,7.984711264946674214e-02,3.598456615390826507e-01,8.000967112879972185e-03,1.248881745885374248e-02
7.380250214560987176e-01,5.807306263118201806e-02,1.865347993655752101e-01,5.629249964095418314e-03,1.173786658304861417e-02
3.404354474960829546e-01,8.144668931124306177e-02,5.482594559114337684e-01,1.685703373960360102e-02,1.300137354163662107e-02
4.871328279777072945e-01,7.286065264495232563e-02,4.112355426125722246e-01,1.504144873033362237e-02,1.372952803443457798e-02
4.254164395812800037e-01,7.050282014150394128e-02,4.689679831921928499e-01,2.640141647076580528e-02,8.711340614257373841e-03
2.798795647828958844e-01,6.089176174059130614e-02,6.244887128552489841e-01,2.583669074930455833e-02,8.903269871959237566e-03
2.382874532562629377e-01,7.510725159934571182e-02,6.333585312727875172e-01,2.626667134751901889e-02,2.698009252408473807e-02
2.544396684835195654e-01,4.505902650433756679e-02,5.834803173703623225e-01,3.216930867577223047e-02,8.485167896600838422e-02
2.236132574603982570e-01,6.258802744424100950e-02,5.422842199024691112e-01,2.635144428905835876e-02,1.451630509038333294e-01
2.946548389531626899e-01,6.535514636355320428e-02,4.207042753688281511e-01,3.014981647847821133e-02,1.891359228359777711e-01
2.206138960834523322e-01,5.550548551373268857e-02,6.217799753258839157e-01,3.887105869700804850e-02,6.322958437992307057e-02
1.971239934290965889e-01,6.175072532849808227e-02,6.707798171440877422e-01,3.184208141100025591e-02,3.850338268731728214e-02
1.367900680287354453e-01,9.463570264629699025e-02,7.213146176257425601e-01,1.467324222667487285e-02,3.258636947255018346e-02
8.365510874110172745e-02,7.840743802023775189e-02,8.044915091387491168e-01,1.483064580386973287e-02,1.861529829604162412e-02
1.214949688959490876e-01,1.064149004962983286e-01,6.864335401628790523e-01,1.768754530735018246e-02,6.796904513752330401e-02
3.324131109175249010e-01,1.116639460611824897e-01,4.673832914176346276e-01,1.374288776751573030e-02,7.479676383614229651e-02
2.673544634755594118e-01,7.356929922501219410e-02,5.992386288077100609e-01,2.186592783775427595e-02,3.797168065396414743e-02
4.203096442215576989e-01,8.246402776531346068e-02,4.271981439838001826e-01,1.343283339527192276e-02,5.659535063405676109e-02
1.215305254077235081e-01,6.186579819495494070e-02,7.793396932979577141e-01,1.899145679431523195e-02,1.827252630504848721e-02
1.921001579418787075e-01,6.418222616930589763e-02,7.077315637248777769e-01,2.675476865849445510e-02,9.231283505443008477e-03
2.455376220942125931e-01,6.810437383442653758e-02,6.307157607641913355e-01,2.542713842120645010e-02,3.021510488596298311e-02
2.185685268450112406e-01,7.768765512166499188e-02,6.562268595559254125e-01,2.577839736088193695e-02,2.173856111651625497e-02
2.221405977298788748e-01,9.186494031789901871e-02,6.476929592153424231e-01,2.454227752478744390e-02,1.375922521209234708e-02
2.463673180360242965e-01,1.279838238726416777e-01,5.769292049521572707e-01,2.113392542121109163e-02,2.758572771796580919e-02
2.010190841553767538e-01,1.085844498978967010e-01,6.266426323654105124e-01,2.263031516449754907e-02,4.112351841681849418e-02
1.741850507081891264e-01,7.735507053017812162e-02,6.965112629023456625e-01,2.761064356151886681e-02,2.433797229776821919e-02
2.068330624008307139e-01,9.852571420824587922e-02,6.562034667756500017e-01,1.900513491145559841e-02,1.943262170381793857e-02
4.394848598938902451e-01,6.436974598433890804e-02,4.687971991007988115e-01,1.679013020033348624e-02,1.055806482063836871e-02
3.775194757587660987e-01,1.301102431895646283e-01,4.651037168369839270e-01,9.211165669416810503e-03,1.805539854526850424e-02
8.467445673971530917e-01,4.896783562055501138e-02,9.872860631778190843e-02,2.792791756204233977e-03,2.766198908305775306e-03
9.605159924012613981e-01,1.577051609941628602e-02,2.134985450365588927e-02,1.207038894004130612e-03,1.156598101662384458e-03
8.998832405332104489e-01,3.181548721068634678e-02,6.165631692626616367e-02,2.586009693462189805e-03,4.058945636374971383e-03
8.602815644322187039e-01,4.214577953976330477e-02,9.187632665697778589e-02,3.173014940168451380e-03,2.523314430871666063e-03
9.071217523332311128e-01,3.640595539115346752e-02,5.348476408569140944e-02,1.848930415239379487e-03,1.138597774684503919e-03
9.678633709407921115e-01,1.302605717772683733e-02,1.785660899637142932e-02,9.353137120770224633e-04,3.186491730326443156e-04
9.883649058365696627e-01,4.497218855385822812e-03,6.263520577749781895e-03,7.690330999827111507e-04,1.053216303121154256e-04
9.805753619502266538e-01,1.030053742823251045e-02,8.328651087582494492e-03,5.924027787929510378e-04,2.030467551653339592e-04
9.834824767490024655e-01,9.291886239392229199e-03,6.525219038530147460e-03,4.960919130777244768e-04,2.043260599975131511e-04
9.823373206758599929e-01,1.317367735928192535e-02,4.057840765928701597e-03,2.346423553165378779e-04,1.965188436129272273e-04
9.308122388641359990e-01,3.146059298760511824e-02,3.432339346618903941e-02,3.100104583646269563e-03,3.036700984234655290e-04
9.717841681288678091e-01,1.455190687417839621e-02,1.257751260739647069e-02,9.284302683418213650e-04,1.579821212152669155e-04
9.897664000128452155e-01,7.271195754241518462e-03,2.679835112776623746e-03,1.561698230522089897e-04,1.263992970841430600e-04
9.883627183931377180e-01,7.829901180853459167e-03,3.486571871417594275e-03,2.020166474401954078e-04,1.187919071510203529e-04
9.925285799947154430e-01,5.214450394511110226e-03,2.022960957887951546e-03,1.162522171832319404e-04,1.177564357021341503e-04
9.906701069026441209e-01,5.988522968196746329e-03,3.009318804528964691e-03,2.207309192862593752e-04,1.113204053439447003e-04
9.936587427958029073e-01,4.743011233855010979e-03,1.428882884075166181e-03,8.589843961772318905e-05,8.346464664909727807e-05
9.976211044833407371e-01,1.970026369515787915e-03,3.467426195519850000e-04,2.074249230730830154e-05,4.138403528427443294e-05
9.977923096612568710e-01,1.873320529515672345e-03,2.750344957142197909e-04,1.576098344686580134e-05,4.357433006628656493e-05
9.989743182410875111e-01,9.027175837375003235e-04,9.286953895587014840e-05,7.072004256233956843e-06,2.302263196271026860e-05
9.993844178536193112e-01,5.399716810629409452e-04,5.709669710475976452e-05,4.283996637042657806e-06,1.422977157563388856e-05
9.995143668471557774e-01,4.310258964995403760e-04,3.919911461042328599e-05,3.177486141996746957e-06,1.223065559222356790e-05
9.988825726871293220e-01,9.812875042879180224e-04,9.991051452011914802e-05,6.107272012799866414e-06,3.012202204977668476e-05
9.983309586744495423e-01,1.410677330157125535e-03,2.275811091689374009e-04,1.028705052538697138e-05,2.049583569894771555e-05
9.979204755149477801e-01,1.736086640842705257e-03,3.065380908781569131e-04,1.403610068901323619e-05,2.286365264238925663e-05
9.986616939670670545e-01,1.115660632673684148e-03,1.927774827897896063e-04,1.077638196584814804e-05,1.909153550363323147e-05
9.989542105513127268e-01,8.735972003450703316e-04,1.500445471086662617e-04,7.868382422073891657e-06,1.427931881156639353e-05
9.990076308052512344e-01,8.564721727451988370e-04,1.124418559215965277e-04,7.230704290542021644e-06,1.622446179145774702e-05
9.983960786473132787e-01,1.418136979129776352e-03,1.551755966691420636e-04,8.625971900767381574e-06,2.198280498702348507e-05
9.958227144469609105e-01,3.663467849705711286e-03,4.490405607761402016e-04,2.004802488795622345e-05,4.472911766937380209e-05
9.982293559454336052e-01,1.550808133947932264e-03,1.863805202220141356e-04,9.581909309205166096e-06,2.387349108739506015e-05
9.986934471348374309e-01,1.169939556753172693e-03,1.044341812948882916e-04,5.657935519237408363e-06,2.652119159544474606e-05
9.980346164684975596e-01,1.755567959023886324e-03,1.635508588333324314e-04,8.152480207364845219e-06,3.811223343795530323e-05
9.971557846401779557e-01,2.513590487167323417e-03,2.870343932209668317e-04,1.023091594293900143e-05,3.335956349082677046e-05
9.930785873827455701e-01,6.221582385944950284e-03,6.175921811632702901e-04,1.955810912736404095e-05,6.267994101890835869e-05
9.942074622744361267e-01,5.036129169268393872e-03,6.810231732111406361e-04,1.956215930630222311e-05,5.582322377791264711e-05
9.947066135051260138e-01,4.494577557350937572e-03,7.279123011644205972e-04,2.287406279538550409e-05,4.802257356334201907e-05
9.887880902588697118e-01,9.465764031876103962e-03,1.629979230925791660e-03,3.812500386650164710e-05,7.804147446202134154e-05
9.973346287176976244e-01,2.301390293540434527e-03,3.148057860849360007e-04,1.261445041623945009e-05,3.656075226063016021e-05
9.914379791202734271e-01,7.654600651328949228e-03,8.130073301467080713e-04,2.192523185244919733e-05,7.248766639851831641e-05
9.939883401821970610e-01,5.442324015683951653e-03,5.013341183683521019e-04,1.592244833140324983e-05,5.207923541921340746e-05
9.909900798857693704e-01,8.169657203737237458e-03,7.423336094294319095e-04,2.165995552952354098e-05,7.626934553437670294e-05
9.962882901851364270e-01,3.271237789166549573e-03,3.881572068508018719e-04,1.366914805028946816e-05,3.864567079590794228e-05
9.945029816436579129e-01,4.833058170896650449e-03,5.983661220481764935e-04,1.523312151826647934e-05,5.036094187904924062e-05
9.936544196870741308e-01,5.682084149270433260e-03,5.908945438027051345e-04,1.720541030511186939e-05,5.539620954755811421e-05
9.888887024468177023e-01,9.977761050389038350e-03,1.037807342519942062e-03,2.282565901246429160e-05,7.290350126093808809e-05
9.587763897511686340e-01,3.640808196547156567e-02,4.616129657107597567e-03,5.404358824782397059e-05,1.453550380043907924e-04
9.910076448170992425e-01,7.916297755538722822e-03,9.845640727303094607e-04,2.155853953158174378e-05,6.993481510013364075e-05
9.890993273222854487e-01,9.745336425553908360e-03,1.052115115188411495e-03,2.313503321637295517e-05,8.008610375574248775e-05
9.777076068199050951e-01,2.041345188368320906e-02,1.652453855359513162e-03,2.935131466408168736e-05,1.971361263881010392e-04
9.771612609626667556e-01,2.054173126281005207e-02,2.005575760017864941e-03,3.375075175291451009e-05,2.576812627524719085e-04
9.873644237475320828e-01,1.118045816370217237e-02,1.257189532661415763e-03,2.333787614970813011e-05,1.745906799548962551e-04
9.895185132491189917e-01,8.926724455963788024e-03,1.405237916226528610e-03,3.313831905902283410e-05,1.163860596316708239e-04
9.961501788339313102e-01,3.373494652346219029e-03,4.072044002375579258e-04,1.052407148711054730e-05,5.859804199772003660e-05
9.980379754995233332e-01,1.770668396565449731e-03,1.422679704700934044e-04,5.423968122752310371e-06,4.366416531840446085e-05
9.965384055690962306e-01,3.166557399517275131e-03,2.234970920228979466e-04,7.863658870444010301e-06,6.367628049310953826e-05
9.933439289756403889e-01,6.103452789886376455e-03,4.710876097826711593e-04,1.446860918139932946e-05,6.706201550922361455e-05
9.912758903870380056e-01,7.778370586538720967e-03,8.542473854888920368e-04,2.264666025203991364e-05,6.884498068222838366e-05
9.887402306921145856e-01,9.990392958427239331e-03,1.160156894406813013e-03,2.856914488630742655e-05,8.065031016515524637e-05
9.870023635490376979e-01,1.153114634292676417e-02,1.338237238191825572e-03,2.482210118042259527e-05,1.034307686632632116e-04
9.955857809340377118e-01,3.926882873552938781e-03,4.198744419258896936e-04,1.206349728065171655e-05,5.539825320273370309e-05
9.899530897941698493e-01,9.106393085408098081e-03,8.125828053153131940e-04,1.959579891260096219e-05,1.083385161942019306e-04
9.814065808934637758e-01,1.686173883854074837e-02,1.515124116093211288e-03,1.909087141087444366e-05,1.974652804912531293e-04
9.898933450106482956e-01,9.133004215505833787e-03,8.288828961473975777e-04,1.355306523224724889e-05,1.312148124662069636e-04
9.912595473591874207e-01,7.954472090350364968e-03,6.551378431453760802e-04,1.237973567624554517e-05,1.184629716406216987e-04
9.921274897963694439e-01,7.103848100507097717e-03,6.282055523563656770e-04,1.278463546924953610e-05,1.276719152978474342e-04
9.884357010412864186e-01,1.025495459777492867e-02,1.120385000168368141e-03,1.998725021069773202e-05,1.689721105597620098e-04
9.920887285353520157e-01,7.098171135163095467e-03,6.679295183637340384e-04,1.658774087897253006e-05,1.285830702421265806e-04
9.951734092569504142e-01,4.355697462812750317e-03,3.695216009456521694e-04,1.025441680758778507e-05,9.111726248352021841e-05
9.904742912937128940e-01,8.650718852495199382e-03,7.547053017127741681e-04,1.775855723375406164e-05,1.025259948453469426e-04
9.860923192775172819e-01,1.254846832029288088e-02,1.196196570515110696e-03,2.204855538777376816e-05,1.409672762870578825e-04
9.857391173851355326e-01,1.290823496995866307e-02,1.175088221121873763e-03,2.130695128109753338e-05,1.562524725028978454e-04
9.914996977667012157e-01,7.754329188423264747e-03,6.320383082095247648e-04,1.437185783809871083e-05,9.956287882798375388e-05
9.881065316155732692e-01,1.095318456247271720e-02,8.191288099426639576e-04,1.823879060414833155e-05,1.029162214070578101e-04
9.946295530356934478e-01,4.846704054497896937e-03,4.433731063657544730e-04,1.020805129743101058e-05,7.016175214537382363e-05
9.907235705299958228e-01,8.573490888637314358e-03,6.070082306735294581e-04,1.243459325092131879e-05,8.349575744247931543e-05
9.862573621470558383e-01,1.240936658799399184e-02,1.188645633960598753e-03,2.225009758755449788e-05,1.223755334019423322e-04
9.929526857620150082e-01,6.386804733059751188e-03,5.543439454033930510e-04,1.458008020586486600e-05,9.158547931605980899e-05
9.847696789341113810e-01,1.365789313760345028e-02,1.414697656834218876e-03,2.774888777350612251e-05,1.299813836773415401e-04
9.929443063126146551e-01,6.306591428268506876e-03,6.425150527606057500e-04,1.583541728892743508e-05,9.075178906735056168e-05
9.909822929630948130e-01,8.156159784694182527e-03,7.494737428088436891e-04,1.334579055552315796e-05,9.872771884668830238e-05
9.934385495062713067e-01,5.894622168605659351e-03,5.658064718256740951e-04,1.222749641511047475e-05,8.879435688212604177e-05
9.456574985784405030e-01,5.115118810944226102e-02,2.615017839227838994e-03,3.162951766840428912e-05,5.446659552209355028e-04
9.454838187177937447e-01,4.998658520510260855e-02,3.700697294462334044e-03,3.825909426400021823e-05,7.906396883774189678e-04
9.852851116332425052e-01,1.293847182190163876e-02,1.473115926645276888e-03,2.649523647271821722e-05,2.768053817377912019e-04
9.757100181112885462e-01,2.115771117588087849e-02,2.845971683389405919e-03,4.142561117211236710e-05,2.448734182689229133e-04
9.906672866946861777e-01,7.827663402443904919e-03,1.343213123660572019e-03,2.072977888286177596e-05,1.411070003265810636e-04
9.927402607376776267e-01,6.194670651510897526e-03,9.360365697519443078e-04,1.820591172529762081e-05,1.108261293341881201e-04
9.938467328023636860e-01,5.359539339034523515e-03,6.803520448696129697e-04,1.523843335085942052e-05,9.813738038124111200e-05
9.851767373075349665e-01,1.327427663588074194e-02,1.356376790261593643e-03,2.114314378162373680e-05,1.714661225410540467e-04
9.914982612869569500e-01,7.679962261978800012e-03,6.960118853336159494e-04,1.348724494234296871e-05,1.122773207883474871e-04
9.962982352819829135e-01,3.339568038720712624e-03,2.799661172317856220e-04,6.658669103758609196e-06,7.557189296087356420e-05
9.950654310623032739e-01,4.443821155357408938e-03,3.591837882122780054e-04,9.724303173110374090e-06,1.218396909538701524e-04
9.731160299529872937e-01,2.407807657252886493e-02,2.511259682495824673e-03,3.835552413380441362e-05,2.562782678542331800e-04
9.894103110982289673e-01,9.343620308189901080e-03,1.101977376964865000e-03,2.274120449179387098e-05,1.213500121244476542e-04
9.905770500764879971e-01,8.398086428623045829e-03,9.018828211502288774e-04,1.901763564821796145e-05,1.039630380903462192e-04
9.748284720845558082e-01,2.274596057670417656e-02,2.224375946279076588e-03,3.890608777239588136e-05,1.622853046888102560e-04
9.778810215009421380e-01,1.988455142794325406e-02,2.056467713848601515e-03,3.259578820447570270e-05,1.453635690614167738e-04
9.710353313871835645e-01,2.584498446201031682e-02,2.911831582155429473e-03,4.009705682277050738e-05,1.677555118278751221e-04
9.853548948509059935e-01,1.285771117677118186e-02,1.619746158211952470e-03,2.253136123891234360e-05,1.451164528718683810e-04
9.733088768178581596e-01,2.275232539398585122e-02,3.724812171098820963e-03,3.999939514973820820e-05,1.739862219074476556e-04
9.574286215672015432e-01,3.610308113783252532e-02,6.221612735837777491e-03,3.974442963218693432e-05,2.069401294959647265e-04
8.541144387964912932e-01,1.320562515561216899e-01,1.298859968511277205e-02,4.929099661871320573e-05,7.914189656553863869e-04
9.620887464284056945e-01,3.243477365937856571e-02,5.059321530517695183e-03,3.968171806556323593e-05,3.774766636323480381e-04
8.597844562849720207e-01,1.233735749444337948e-01,1.618352210399540830e-02,7.895086313618166320e-05,5.794958034623878427e-04
7.830925530760388664e-01,1.775690733908506513e-01,3.808859652790504147e-02,9.863342695934800605e-05,1.151143578246270616e-03
7.637258870994315663e-01,1.844938190220458685e-01,4.976440299276998352e-02,1.473625474280135673e-04,1.868528338324719094e-03
9.537539152253126096e-01,3.557512369682383491e-02,1.008003961920308188e-02,9.406809504428985641e-05,4.968533636162378222e-04
9.831581121927289724e-01,1.335838520169104274e-02,3.249821095038536896e-03,5.083448610002346202e-05,1.828470244414322286e-04
9.725984965684628669e-01,2.185223034155897581e-02,5.249455052951393363e-03,7.386150371106168816e-05,2.259565333158017341e-04
9.645263533840360282e-01,2.890867462450678535e-02,6.182464204691029246e-03,7.007906527889123797e-05,3.124287214871982301e-04
9.895130665264213476e-01,8.145637742618934071e-03,2.151870644988062697e-03,6.404630622347184878e-05,1.253787797480690285e-04
9.973420657265698042e-01,2.223862939781679187e-03,3.604926686312068425e-04,1.819667769712353348e-05,5.538198732029899407e-05
9.915811801151916960e-01,7.223992989675321989e-03,1.015452686295425025e-03,2.395953740507104823e-05,1.554146714324148345e-04
9.968629214117846749e-01,2.713428668456204819e-03,3.168003818485441605e-04,1.068480294929710207e-05,9.616473496117614332e-05
9.975089225958168049e-01,2.150632047647174812e-03,2.300069163017855797e-04,9.753488411505813641e-06,1.006849518228278577e-04
9.958098273643040121e-01,3.582424359718578560e-03,4.483280557116468921e-04,1.568379647664894244e-05,1.437364237891456699e-04
9.920196937643495083e-01,6.443431533710318460e-03,1.335399167745037179e-03,3.676183931438498347e-05,1.647136948808513527e-04
9.940067902295497415e-01,4.585728175360327674e-03,1.279514439543246026e-03,4.098043738170885120e-05,8.698671816485857924e-05
9.971115365277848364e-01,2.304409635786558268e-03,5.202683789418330448e-04,2.174296708544526315e-05,4.204249040156886270e-05
9.960499137135763181e-01,3.381495662632458005e-03,4.896484526077768580e-04,1.806412093599135275e-05,6.087805024727884027e-05
9.982179042678328562e-01,1.475163360435348490e-03,2.594680153850283241e-04,1.093059300094217934e-05,3.653376334594542457e-05
9.976783292700122097e-01,2.019397661502949238e-03,2.362149585596482403e-04,1.152419484433626622e-05,5.453391508081928017e-05
9.961264508951629404e-01,3.348800906807498316e-03,4.238939852290067784e-04,1.594906330645947640e-05,8.490514949420483099e-05
9.853608353458553903e-01,1.172223365194299642e-02,2.691714713727865870e-03,6.828162780326027081e-05,1.569346606704811445e-04
9.885892949472606661e-01,8.643801206466031339e-03,2.600852012442682153e-03,6.936694490855037040e-05,9.668488892174385569e-05
9.903285375490247233e-01,6.920470109137523418e-03,2.601058683611315835e-03,8.267732865389720951e-05,6.725632957262587120e-05
9.875724022131798785e-01,8.958717782475910177e-03,3.276344507351491159e-03,1.242269895525881858e-04,6.830850744018118021e-05
9.915448049325538138e-01,6.120552546690635060e-03,2.178343062582177407e-03,8.171273998462620690e-05,7.458671818859890373e-05
9.964538129991696858e-01,2.556670240219473689e-03,9.085453508773707471e-04,3.789031024090718105e-05,4.308109949255993216e-05
9.969886608635896152e-01,2.385844998696963048e-03,5.401448182804971781e-04,2.706317807104296924e-05,5.828614136194491314e-05
9.975342384405786467e-01,1.876772185895925031e-03,4.950947671842799306e-04,3.539361226934963886e-05,5.850099407162948149e-05
9.971075896078656076e-01,2.208591131841403446e-03,5.926044936987388389e-04,3.888299557626237213e-05,5.233177101804658578e-05
9.951216179237125647e-01,3.691386180158836260e-03,1.064024801479249074e-03,7.310004410835943599e-05,4.987105054098618168e-05
9.916760759588477692e-01,7.243028198169522772e-03,9.615053992035435711e-04,4.356085521263262743e-05,7.582958856660678316e-05
9.968028155249026856e-01,2.741635907545725281e-03,3.819411903404482719e-04,1.767430913036161213e-05,5.593306808077315060e-05
9.957044318658992976e-01,3.651219240834626800e-03,5.496683713349396951e-04,2.163416994110208740e-05,7.304635198995946914e-05
9.844976905159400493e-01,1.303776044024216804e-02,2.271345401340465770e-03,4.542181764398859158e-05,1.477818248333891040e-04
9.942729514800400237e-01,4.309700842479306446e-03,1.288515509705139700e-03,3.430607579306395674e-05,9.452609198234731256e-05
9.955643133905265341e-01,3.305954027549584413e-03,9.904084270537707319e-04,2.689632348032279741e-05,1.124278313898197947e-04
9.851479157405574894e-01,1.130203139981325947e-02,3.270250218543954354e-03,4.083102115190633311e-05,2.389716199334826268e-04
9.583244600517123457e-01,2.943583128192776149e-02,1.165627097716931751e-02,9.332517634831570259e-05,4.901125128422812414e-04
9.950325756278270983e-01,3.356871835005089365e-03,1.455123204735775215e-03,2.609218237584393953e-05,1.293371500562392291e-04
9.949682104294389484e-01,2.515844376523023417e-03,2.341653349756606453e-03,5.308552892760277724e-05,1.212063153538191532e-04
9.957427877681356287e-01,2.549964802928116839e-03,1.558566276141320692e-03,3.029312170896102081e-05,1.183880310859702429e-04
9.977025351489534621e-01,1.167258456126132101e-03,1.029712359299380297e-03,2.213670216833076593e-05,7.835733345246303821e-05
9.933291721383318285e-01,3.383484927894119150e-03,3.003982887124448647e-03,5.893781652606633293e-05,2.244222301234910098e-04
9.975337055416452214e-01,1.372210298000252956e-03,9.080967603463125509e-04,2.963099054518222690e-05,1.563564094630933603e-04
9.959892515923883805e-01,2.375164212077874714e-03,1.466929389769513602e-03,3.699186346949795477e-05,1.316629422947199549e-04
9.766668816771778561e-01,1.092361099717333549e-02,1.189201071721918655e-02,3.191942349400324558e-04,1.983023734895945033e-04
9.480398761700110644e-01,2.540295222013081583e-02,2.559039127652777690e-02,5.333134697023206522e-04,4.334668636282731978e-04
8.383455549069672719e-01,5.134789029799688431e-02,1.064194506353024899e-01,3.072976333548098262e-03,8.141278261852058539e-04
9.287298178702838580e-01,3.444095208697262045e-02,3.528863026021136773e-02,9.077454041778904329e-04,6.328543783540574712e-04
8.974051814675720884e-01,3.374207469199069775e-02,6.598373986706689009e-02,2.451125238208663043e-03,4.178787351615226406e-04
8.665537182044897868e-01,4.326418156818120225e-02,8.698240140162001588e-02,2.496159835848362277e-03,7.035389898605606774e-04
7.813435434588333894e-01,7.997681342931141357e-02,1.323020442598603075e-01,2.257812928189467661e-03,4.119785923805365478e-03
6.222128235034360966e-01,1.153242692966746363e-01,2.533442049069821178e-01,3.557856684547392595e-03,5.560845608359735875e-03
6.887633902692403831e-01,8.705210606363601722e-02,2.157680069566113301e-01,4.269284642482303396e-03,4.147212068029939268e-03
7.421758265987747905e-01,8.341265565977021290e-02,1.689039741593050814e-01,2.312397080917002155e-03,3.195146501232971198e-03
7.266096093553514601e-01,9.269335153946625661e-02,1.723415234449227895e-01,2.119648573452960483e-03,6.235867086806677270e-03
6.800001681769830553e-01,1.354118062915006804e-01,1.617614581809711793e-01,1.656105292607879280e-03,2.117046205793715608e-02
5.848857562952511913e-01,1.497747035735410570e-01,2.422584201791784242e-01,2.021141198704155730e-03,2.105997875332520086e-02
6.797270042916845334e-01,8.979213653762371794e-02,2.111332409313577962e-01,4.132222750879800677e-03,1.521539548845426797e-02
7.246435675144519140e-01,8.838539401330637590e-02,1.704954938266488307e-01,2.494962265847323196e-03,1.398058237974543309e-02
7.926194659043247492e-01,8.067117703649329119e-02,1.149880244935739398e-01,1.504218154436946179e-03,1.021711441117096469e-02
7.192851918814877621e-01,1.096555228584043390e-01,1.416393646715226051e-01,1.589914129838243019e-03,2.783000645874705858e-02
4.663203049112439325e-01,1.454760500361467479e-01,3.533458999227045427e-01,2.158844557375127864e-03,3.269890057252957533e-02
3.359981860400970133e-01,1.829359862870037490e-01,4.200409291873788975e-01,3.184136905017873748e-03,5.784076158050258099e-02
4.148347682409365134e-01,1.129383451495089147e-01,4.309869274468491329e-01,4.448997675617078450e-03,3.679096148708827646e-02
2.601671414459080789e-01,1.442541916859671203e-01,5.442901133847707351e-01,5.795434977726373303e-03,4.549311850562769155e-02
4.797872770751940297e-01,9.874541928506133659e-02,3.609476108249105031e-01,5.763110941240775532e-03,5.475658187359324497e-02
8.283634852097894186e-01,3.847761987581693743e-02,8.655609452354759425e-02,3.720042388317970454e-03,4.288275800252822761e-02
7.175459107900217237e-01,7.158084412526109774e-02,1.651824597569614972e-01,5.170846719845727940e-03,4.051993860791003321e-02
7.179641979920400319e-01,8.879816424608076575e-02,1.435213928538016381e-01,2.639729708296899378e-03,4.707651519978066357e-02
6.217492992976848543e-01,1.042398296482867082e-01,2.204744665679206905e-01,3.609445856462018248e-03,4.992695862964577347e-02
3.758672807457303922e-01,1.085859196549214395e-01,4.777932665750548313e-01,7.603457965815680134e-03,3.015007505847763433e-02
4.686640676742400147e-01,1.051556576891772565e-01,3.871941726558441044e-01,6.277191101028662540e-03,3.270891087970988209e-02
7.212437975509744525e-01,7.748381457881506340e-02,1.861386685420134135e-01,2.307938407270867902e-03,1.282578092092615842e-02
8.478614538529124500e-01,5.269138255154116879e-02,9.236882579876024013e-02,1.164856704049687611e-03,5.913481092736447807e-03
8.474321865649842023e-01,7.012779094530630086e-02,7.595203318126382552e-02,7.511462959882240099e-04,5.736843012457298364e-03
7.641222601221134836e-01,8.946028636977756965e-02,1.395440508432693738e-01,1.450998752765674232e-03,5.422403912074011054e-03
5.323755679392420115e-01,1.694607721426800440e-01,2.895566871125305752e-01,1.426011418132280134e-03,7.180961387415030206e-03
3.575760822733717870e-01,2.813042603318538504e-01,3.379840565331119207e-01,1.338430474975941219e-03,2.179717038668649645e-02
5.700346923259673737e-01,1.225336491939838790e-01,2.940001458585385086e-01,2.294568970355297718e-03,1.113694365115495792e-02
4.787977225196726749e-01,1.031865510415485576e-01,4.031979710669879036e-01,3.617476831461392470e-03,1.120027854032953039e-02
5.466767980983742170e-01,1.387659640573618569e-01,2.956856726158533788e-01,2.245052517761621323e-03,1.662651271064892466e-02
7.875607805459897692e-01,8.167926122142102341e-02,1.179685361908003605e-01,9.073221538404997039e-04,1.188409988794835413e-02
8.126879112844376252e-01,6.238492050529756416e-02,1.033140912757676555e-01,1.436006527651992066e-03,2.017707040684523292e-02
7.612749266897310685e-01,7.105012016030441691e-02,1.450982074368604435e-01,2.320607164381751405e-03,2.025613854872223424e-02
5.774024741824216322e-01,1.146475295621444540e-01,2.642443322881180556e-01,3.285752783898807702e-03,4.041991118341700662e-02
6.546320549395910904e-01,7.659235039455594696e-02,2.450423813298877596e-01,3.043820439294971092e-03,2.068939289667014181e-02
5.937858598375160835e-01,8.100883790785858019e-02,3.111363518334984701e-01,2.771967559967201695e-03,1.129698286115967884e-02
5.626018271283917960e-01,6.101049371546524852e-02,3.641931670979048907e-01,4.935759728876859542e-03,7.258752329361187021e-03
3.427526946902644811e-01,8.687038271538082002e-02,5.567737925841381719e-01,4.753017649070464916e-03,8.850112361146113271e-03
7.325273347137815083e-01,4.252978155903146262e-02,2.196769977852162936e-01,1.903320089531179791e-03,3.362565852439578645e-03
7.586199038639668268e-01,4.997232588275978687e-02,1.847725390035298565e-01,1.983428791124391011e-03,4.651802458619012579e-03
8.996368685128982579e-01,2.830115613454080997e-02,6.377108903490237568e-02,1.147220759174986992e-03,7.143665558483495125e-03
8.792077902172992232e-01,5.117711843349963263e-02,6.189524095139603554e-02,7.193669421451309373e-04,7.000483455659684516e-03
7.496117604959822156e-01,1.063241514898445178e-01,1.260245187983976278e-01,1.095667977345919511e-03,1.694390123842987386e-02
6.924733379681966561e-01,1.322745215433444588e-01,1.539677481543911264e-01,9.273508788399051090e-04,2.035704145522783740e-02
8.388553197260880667e-01,6.365432471167738193e-02,9.020494233999890032e-02,7.052622494022810651e-04,6.580150972833241803e-03
8.134927975199284234e-01,6.417103136379184725e-02,1.149781275712531275e-01,9.408225201000856245e-04,6.417221024926448789e-03
7.050911489661981779e-01,1.255558904301161960e-01,1.481654923729461559e-01,6.928980572396472182e-04,2.049457017349987434e-02
7.040167868249227467e-01,9.019840155888542155e-02,1.906140174711321578e-01,1.043026110700552306e-03,1.412776803435905268e-02
5.941127747470621445e-01,1.099065598361372020e-01,2.778752117251575560e-01,1.511053488995082756e-03,1.659440020264794230e-02
7.208170682904742055e-01,8.401507862864213139e-02,1.707526414829629302e-01,1.016304041949152043e-03,2.339890755597162642e-02
6.020580725778290621e-01,1.295144697337688999e-01,1.965433091079314964e-01,1.084517542143839924e-03,7.079963103832663529e-02
6.052129438153255325e-01,1.364282197182838940e-01,1.962263057904733432e-01,7.914670796083536717e-04,6.134106359630891320e-02
7.318735357305850009e-01,7.353240511185792083e-02,1.602528149604423857e-01,7.645664695414233726e-04,3.357667772757336189e-02
5.962682677726803826e-01,9.634506956641414321e-02,2.838532087471808962e-01,1.390124455617582902e-03,2.214332945810705555e-02
6.342956892278861503e-01,8.433917809707547342e-02,2.589609479651966417e-01,1.078187308451095377e-03,2.132599740139062491e-02
4.969497649256763849e-01,1.128750468915072913e-01,3.574334302193231672e-01,1.352484770931247377e-03,3.138927319256194087e-02
5.224803932562052111e-01,1.481769163028932301e-01,2.807820904503354198e-01,1.031128337147719327e-03,4.752947165341857988e-02
4.923660992408254722e-01,1.242600055521055763e-01,3.440030484072963413e-01,1.329641033590908813e-03,3.804120576618169602e-02
6.245831551922944591e-01,7.482028564220845335e-02,2.797220984705981461e-01,1.342476147165171975e-03,1.953198454773366968e-02
7.159715286265809775e-01,7.333565091893001764e-02,1.858228129792679761e-01,1.534144799263626943e-03,2.333586267595760821e-02
6.322055051690262939e-01,8.364835395510181182e-02,2.569074773779533305e-01,3.026845755131827957e-03,2.421181774278677312e-02
9.261428088857973639e-01,2.397289834887308957e-02,4.540632245599994510e-02,9.142925634703825835e-04,3.563677745859247098e-03
9.337485414784529869e-01,2.906134883238662564e-02,3.471372537174383099e-02,6.914100276091239127e-04,1.784974289807230016e-03
9.850051154738465042e-01,7.176580571268711267e-03,7.216027054844843802e-03,1.923876205247426188e-04,4.098892795151030987e-04
9.754525712839894336e-01,1.440621484711689798e-02,9.114303063858535461e-03,1.890849230447056188e-04,8.378258819905796875e-04
9.159365631283340470e-01,4.412063800159291005e-02,3.763889300572990232e-02,6.314394897033206696e-04,1.672466374639823561e-03
9.803008739711249753e-01,1.043635944044395657e-02,8.557154017221907036e-03,2.072211084632847949e-04,4.983914627459597613e-04
9.889478301829293105e-01,5.883510894330215568e-03,4.714547935595238791e-03,1.548791438973228418e-04,2.992318432478571289e-04
9.916428488126656227e-01,4.329051256178423519e-03,3.755917561637198230e-03,1.261461152393175678e-04,1.460362542794619027e-04
9.941345589853521902e-01,4.005797903546464388e-03,1.660727510530505104e-03,4.894542923252647500e-05,1.499701713383388914e-04
9.905645939400167244e-01,6.600796058963699295e-03,2.637428683147864487e-03,4.712712194610290561e-05,1.500541959255599254e-04
9.916086904865415441e-01,6.178134189827988454e-03,2.053063515475484716e-03,4.207971891693464502e-05,1.180320892380042720e-04
9.937648213987565482e-01,4.697650200184064900e-03,1.414536417308993876e-03,4.184537605063884006e-05,8.114660769963465809e-05
9.860511707129001602e-01,1.141410491682698543e-02,2.223684234627485053e-03,6.754496829353266480e-05,2.434951673520397092e-04
9.860405424954971076e-01,1.077126244747977045e-02,2.936568176602042529e-03,6.777411166248898007e-05,1.838527687586024044e-04
9.520741525945741746e-01,3.039619628318132594e-02,1.708021125712189114e-02,1.947963474599652693e-04,2.546435176625154819e-04
9.667177268475910523e-01,2.002794581928547119e-02,1.286354462725734088e-02,1.734618213075699662e-04,2.173208845585763017e-04
9.785944288139253322e-01,1.345480565446638410e-02,7.605389742997618018e-03,1.151996076285903396e-04,2.301761809821174353e-04
9.598352562142494770e-01,2.270812849177290815e-02,1.685975516891052850e-02,2.341767406901623639e-04,3.626833843769042580e-04
9.732697317342012822e-01,1.187872005036503392e-02,1.431615831487272929e-02,2.584291948430792948e-04,2.769607057179284087e-04
9.603630669347913429e-01,2.091334902594984418e-02,1.795717871901039014e-02,2.843122142005460244e-04,4.820931060479859381e-04
9.444407033645212390e-01,2.428449395441221320e-02,3.034091300480296766e-02,3.856598975629584752e-04,5.482297787006664607e-04
9.472925985205495891e-01,2.329979753333140391e-02,2.831404343257372044e-02,3.675164134344213783e-04,7.260441001107708183e-04
9.163081793843117495e-01,3.110554983148042588e-02,5.108318761117643103e-02,7.490666316593612645e-04,7.540165413720804509e-04
8.780059417076870876e-01,3.680957227921137498e-02,8.286213378359802428e-02,1.265001102463076841e-03,1.057351127040366502e-03
8.017384484677916312e-01,8.080958958664054281e-02,1.147896843084158097e-01,1.010706306761498252e-03,1.651571330390556609e-03
8.095886181238937107e-01,7.755626567729627385e-02,1.098062422578948288e-01,1.038300002670449178e-03,2.010573938244557442e-03
7.972758374580157792e-01,8.282829396768159880e-02,1.162353481560911561e-01,1.371455637647666813e-03,2.289064780563943718e-03
7.924747155998085324e-01,7.179199473642744467e-02,1.322043474685411224e-01,1.864265842906684704e-03,1.664676352316284786e-03
8.287179668034125868e-01,6.940336755164612514e-02,9.949362146639526006e-02,9.945234617043481259e-04,1.390520716841622210e-03
8.085376964500994301e-01,9.083901963938882662e-02,9.652342066940015897e-02,7.174104681639751745e-04,3.382452772947611500e-03
6.723202868231293872e-01,1.015492509328090598e-01,2.199755509134445619e-01,1.987752194186120057e-03,4.167159136430826846e-03
7.091954613813218344e-01,1.047545427613157526e-01,1.784269073170232089e-01,1.302375273509386510e-03,6.320713266829825969e-03
7.954725958838664290e-01,8.747379547796763077e-02,1.130621026462698686e-01,7.420284670793552730e-04,3.249477524816545438e-03
7.386441804471203243e-01,1.163244992223857605e-01,1.414000073872991037e-01,7.196147641627219631e-04,2.911698179032016533e-03
7.278296132481713032e-01,9.894895137651571471e-02,1.710629984579502827e-01,8.563207883342846116e-04,1.302116129028257560e-03
5.381532178680218381e-01,1.372370513253017843e-01,3.194686747973342622e-01,1.938488161618910025e-03,3.202567847723161113e-03
5.528538712469622807e-01,1.362176637821397862e-01,3.029678673783737231e-01,2.654191087806056885e-03,5.306406504718230374e-03
8.431268911648297504e-01,5.789367022437029442e-02,9.200209712320869815e-02,1.324226344045022468e-03,5.653115143546184711e-03
9.439404898831275093e-01,1.931471222143920849e-02,3.369630063309740631e-02,5.329058783505927471e-04,2.515591383985140306e-03
8.849311780545507933e-01,3.801100756337394415e-02,7.149922029099160803e-02,9.038528840045235730e-04,4.654741207079066134e-03
8.019365389529421462e-01,7.871222457570005437e-02,1.068743712059133516e-01,8.849129162069150917e-04,1.159195234923748700e-02
8.614718603003079789e-01,3.167698126871979630e-02,1.021612078005058460e-01,8.674678020970558959e-04,3.822482828369267588e-03
8.982372325044599704e-01,2.687644530246961760e-02,7.233685031621829575e-02,6.571920368115501381e-04,1.892279840040437785e-03
8.193019368898313282e-01,4.875528285966014563e-02,1.271134081665843130e-01,8.790638794820896090e-04,3.950308204442085254e-03
7.636818071924685869e-01,6.893384034056065923e-02,1.608786121866968566e-01,1.237721929950884314e-03,5.268018350322794391e-03
8.394243280098132587e-01,3.398220466342454643e-02,1.235880219713165751e-01,1.423604937182311762e-03,1.581840418263242556e-03
8.146667472522396425e-01,5.078344764204048567e-02,1.264190179542510895e-01,1.698056493164321968e-03,6.432730658304561255e-03
8.154082880896095231e-01,4.810888200121839903e-02,1.219916370055098565e-01,1.908228517545834408e-03,1.258296438611653661e-02
7.865590851358592595e-01,4.672017381691392218e-02,1.516139844929208502e-01,2.703355891053234837e-03,1.240340066325261101e-02
7.971359939670826789e-01,5.680210864200281595e-02,1.294359599250066994e-01,1.819595386861185904e-03,1.480634207904665128e-02
9.186317234198780879e-01,2.877533760522695688e-02,4.588966450801330865e-02,5.887956107135116929e-04,6.114478856168200152e-03
8.092480817494567269e-01,7.764930374467027274e-02,9.458765197362153931e-02,8.910730009186176512e-04,1.762388953133268293e-02
8.243716600065195133e-01,6.057308964215889907e-02,8.789361274725962514e-02,8.493588210960649823e-04,2.631227878296588107e-02
8.228949450904899932e-01,5.620481892900018595e-02,8.843482268816502123e-02,1.134818258340357681e-03,3.133059503400423274e-02
8.818943611102344482e-01,4.169881740247166624e-02,6.737414145062137205e-02,8.717052447474891649e-04,8.160974791924955826e-03
8.136251623417508627e-01,4.918420757499965962e-02,1.293273378883586511e-01,1.274031567523875239e-03,6.589260627367020742e-03
7.573050799115019771e-01,5.586081699057106331e-02,1.728391717038152697e-01,1.729927917952312280e-03,1.226500347615932553e-02
8.051505934075400273e-01,6.107491943585436484e-02,1.197108003346283450e-01,1.143846778220768438e-03,1.291984004375657143e-02
8.376285593614285485e-01,4.966770093148303866e-02,8.625289241961714426e-02,8.452780067909417038e-04,2.560556928068028967e-02
9.041978361932787589e-01,3.400411704143238567e-02,4.596403425127697229e-02,6.878691475696723260e-04,1.514614336644225755e-02
8.207526886818420353e-01,6.528780741718920311e-02,7.528564696537594358e-02,1.093351662610965881e-03,3.758050527298172072e-02
7.066879485230816993e-01,8.825812033528955547e-02,1.540947173703690609e-01,2.919336282265874542e-03,4.803987748899379850e-02
8.474085593247134840e-01,4.386759672860861270e-02,8.119814966368626985e-02,1.153766910706371506e-03,2.637192737228525805e-02
9.210903550430432629e-01,2.771611714650041788e-02,4.154497688906338276e-02,4.301960661722556488e-04,9.218354855220772456e-03
8.807567359668612150e-01,2.954434044035090037e-02,7.593192154850086917e-02,1.016185923444957399e-03,1.275081612084215561e-02
9.260810773455743217e-01,2.593585193502002603e-02,4.103010527745095531e-02,5.100934944599907301e-04,6.442871947494721759e-03
9.753263780789945825e-01,9.722840383484854937e-03,1.347493289075944387e-02,2.506629430150646566e-04,1.225185703746046410e-03
9.857387921667543074e-01,7.470458579303770018e-03,4.271083708233621226e-03,7.536933265761976933e-05,2.444296213050615226e-03
9.104852921274088073e-01,3.667370218580096042e-02,4.719272648001291565e-02,7.080007461340860186e-04,4.940278460643229494e-03
8.681386665980925788e-01,6.361902012538399320e-02,5.784133507529042040e-02,5.314839157661522748e-04,9.869494285466807668e-03
7.458958662148325036e-01,7.819336011080650628e-02,1.513678548331103269e-01,2.155541805390154275e-03,2.238737703586043612e-02
9.031915019385615695e-01,4.197344519363709059e-02,3.830729645087312812e-02,5.401073346959930997e-04,1.598764908223226922e-02
9.800124828645598862e-01,1.018575268693110158e-02,6.294974938363737463e-03,1.001929665843145738e-04,3.406596543560936729e-03
9.234348032331126666e-01,4.465918659362855259e-02,2.470981658312126211e-02,2.534965956638174519e-04,6.942696994473735936e-03
8.574319115916955170e-01,7.618825823579622458e-02,5.331794922378939316e-02,3.507900777619149838e-04,1.271109087095681489e-02
7.381953097025248933e-01,1.196993391605172957e-01,1.216423755921060001e-01,6.275660010039801852e-04,1.983540954384792332e-02
8.848507824368144759e-01,4.069229154816464411e-02,6.268749401689571732e-02,5.330870177379883924e-04,1.123634498038719037e-02
8.662118972836126973e-01,5.071871556049481478e-02,7.194215562718606072e-02,5.116922471270035459e-04,1.061553928157940412e-02
8.532635653216062988e-01,5.834687488744886436e-02,7.417875052461450625e-02,5.243189533182058062e-04,1.368649031301211356e-02
8.318259591660858154e-01,6.321155914716629354e-02,9.414287982888136508e-02,5.949231218767198938e-04,1.022467873598987935e-02
8.720495973562160108e-01,4.262523947925752482e-02,7.733923838610524959e-02,6.528969876646601583e-04,7.333027790756607538e-03
8.468133271273583507e-01,5.510306563814946351e-02,8.836393234430452159e-02,7.247895937834489396e-04,8.994885296404226890e-03
6.132209018209039408e-01,1.208902765898500903e-01,2.440250671412191874e-01,1.907057886811925739e-03,1.995669656121478244e-02
7.297845182418694066e-01,6.946575049683079150e-02,1.862737064329430259e-01,1.872709046560622941e-03,1.260331578179615247e-02
9.089288303872945507e-01,3.382857705526548520e-02,5.031440019517231799e-02,6.759209304864960063e-04,6.252271431781083327e-03
8.714025863964492968e-01,4.216540321981959716e-02,7.599186104397809283e-02,1.100539856356813357e-03,9.339609483396153419e-03
9.235748778481462917e-01,2.165726501822150957e-02,4.833431812463772487e-02,8.210506630202509329e-04,5.612488345974422400e-03
9.224746420600523633e-01,3.175789368554875203e-02,4.181646112977305957e-02,4.821266833986038048e-04,3.468876441227340766e-03
8.098588881870327771e-01,6.078640163526848744e-02,1.226946425731994111e-01,1.544321979572514441e-03,5.115745624926843448e-03
7.719903864146709926e-01,5.800328634402131950e-02,1.562504781851179469e-01,2.036767559189668186e-03,1.171908149700017984e-02
8.646578833023360611e-01,3.968250725921911720e-02,9.071914581051442050e-02,8.086965641410802288e-04,4.131767063789242717e-03
9.090683539886517117e-01,3.509029477723000362e-02,5.263809878336524195e-02,4.765521271821337350e-04,2.726700323570991052e-03
9.462373329616887707e-01,1.962792598891276510e-02,3.156402301980252428e-02,2.567161525063715042e-04,2.314001877089589317e-03
9.102359626911261659e-01,4.490413386195597767e-02,3.929520074071794766e-02,2.613920109538821093e-04,5.303310695245924515e-03
9.309977027619491530e-01,2.724454556689604248e-02,3.923893212946516496e-02,2.708631986609497089e-04,2.247956343028596152e-03
9.146986275932359467e-01,3.988405899471974408e-02,3.800828262927154894e-02,2.704719982495667682e-04,7.138558784523164023e-03
8.215612830152784207e-01,8.749821434094745554e-02,8.320271915979696176e-02,3.691428056494469329e-04,7.368640678327754295e-03
9.209060192370855935e-01,3.809779904433652914e-02,3.424876021569728257e-02,2.064619589309505017e-04,6.540959543949596139e-03
9.086502050077069903e-01,4.062791372266937040e-02,4.135808869144151634e-02,3.405444285994051233e-04,9.023248149582699731e-03
8.085051592817185107e-01,9.433611711797638966e-02,8.876352162634840171e-02,5.060527593843840415e-04,7.889149214572375307e-03
8.116543111950244027e-01,6.914061765543301485e-02,1.131356667911432440e-01,8.377077244763146951e-04,5.231696633923131959e-03
9.258876335219357046e-01,2.935212868783822898e-02,4.202098793703287760e-02,3.342274956157823386e-04,2.405022357577282603e-03
7.557069846456976325e-01,6.500737607271707408e-02,1.735971999445681813e-01,2.107328004457157192e-03,3.581111332560013051e-03
8.497426491935889947e-01,3.565877733480631029e-02,1.087273695744179619e-01,1.466390632244093809e-03,4.404813264942644691e-03
7.826798311182877610e-01,6.197439867432724681e-02,1.390268811050332232e-01,1.721810579895823035e-03,1.459707852245569967e-02
9.504836241172097688e-01,1.603958086364024732e-02,2.860278674179054029e-02,6.617119337033821290e-04,4.212296343655983800e-03
9.301258192230430488e-01,2.544577152012024099e-02,3.536332274586166668e-02,6.001920882465594086e-04,8.464894422728509032e-03
9.341200434928126350e-01,2.038428562589724921e-02,4.122410572288707359e-02,1.175752350126567456e-03,3.095812808276401842e-03
9.370378875843531352e-01,3.113599373700987050e-02,2.941622524712486295e-02,5.288298149956967720e-04,1.881063616516347615e-03
8.777101135269902432e-01,5.724534851337303304e-02,6.084736453370204190e-02,8.942912985837661848e-04,3.302882127351013022e-03
8.262028578049435135e-01,6.450200924440073480e-02,1.024525241036687295e-01,1.120694209868622251e-03,5.721914637118461107e-03
8.177055013983608456e-01,7.909854801435249605e-02,9.513885502870259026e-02,8.156220244389442544e-04,7.241473534145165605e-03
7.963698843221919121e-01,9.118396112718626934e-02,1.062102911117861898e-01,6.116737714419175857e-04,5.624189667393910026e-03
8.748854246994642869e-01,4.670617259199462412e-02,7.429213257747009636e-02,5.413651821549723443e-04,3.574904948915907932e-03
8.974295791187134608e-01,4.139158241492683910e-02,5.722080227065054481e-02,6.008985216239827150e-04,3.357137674085139325e-03
8.985803580330931073e-01,4.166208718913342463e-02,4.906901515154302174e-02,4.874277226944832711e-04,1.020111190353595841e-02
9.553693505209519543e-01,1.403464678364333904e-02,2.451077067836544832e-02,3.319090278224373571e-04,5.753322989216869826e-03
8.537634037898169659e-01,4.808766296785672856e-02,8.820598615580330093e-02,7.406907791924759610e-04,9.202256307330300769e-03
7.989922549770435145e-01,6.073815624265672258e-02,1.230509947252056424e-01,1.173692608661545045e-03,1.604490144643259952e-02
7.421419667993293112e-01,7.697102878562184225e-02,1.601134286607842627e-01,1.134055686865999973e-03,1.963952006739858036e-02
8.332713752527576290e-01,6.530731170517886652e-02,8.376413419533451643e-02,6.678491093436260406e-04,1.698932973738544530e-02
8.525417734233861067e-01,4.930205444015134386e-02,9.055401587394347473e-02,8.549973528928086434e-04,6.747158909626330484e-03
8.820243832575437315e-01,3.660994496221194744e-02,7.733843046340391214e-02,7.376028556402728980e-04,3.289638461199998441e-03
7.834836341888113953e-01,8.421267859942234424e-02,1.195189333888553307e-01,1.115602969901738177e-03,1.166915085300915429e-02
8.745062619665742165e-01,5.868028718394630722e-02,6.380855177548772073e-02,4.118547332109410357e-04,2.593044340780890997e-03
8.355824908437036180e-01,6.665784173872899010e-02,9.151381217602544416e-02,6.223214918855204947e-04,5.623533749656579005e-03
8.898015277756753383e-01,2.609201574754537595e-02,8.056714027626860064e-02,6.084536900366547792e-04,2.930862510474077729e-03
8.195603935629156567e-01,6.073463623428253938e-02,1.130703003156890707e-01,7.004924051282117271e-04,5.934177481984399122e-03
9.422284528749058641e-01,2.619188090186327575e-02,2.885048554997153569e-02,2.160967021931332692e-04,2.513083971066150391e-03
8.130219147915863642e-01,7.213159922568017357e-02,1.090051496792101005e-01,8.268041406836618709e-04,5.014532162839578991e-03
7.499771722084067616e-01,8.832441387117306864e-02,1.451739497140837332e-01,7.746018111152337682e-04,1.574986239522117859e-02
7.894599996102181771e-01,5.075436327469441677e-02,1.506617713570761186e-01,1.045589224208180647e-03,8.078276533803187970e-03
8.079058782060114519e-01,5.395681552554895677e-02,1.255460819799971151e-01,6.920216492312587266e-04,1.189920263921127007e-02
9.254642426437141856e-01,2.516338285520824600e-02,4.574533870774637884e-02,3.840411491799286146e-04,3.242994644151320736e-03
9.509545342380910649e-01,1.574269269604671243e-02,3.223526031721504759e-02,2.522658384136675373e-04,8.152469102334608097e-04
9.422788070973546759e-01,2.112518644166956269e-02,3.475420138645399226e-02,2.212346235955999657e-04,1.620570450925998360e-03
9.593784748953982922e-01,1.263692552717442762e-02,2.661497081356981390e-02,2.894877002819135677e-04,1.080141063575619769e-03
8.506615157753445455e-01,4.039702739980226276e-02,1.046098814604622118e-01,1.604431991192431864e-03,2.727143373198580127e-03
8.453130959018204660e-01,3.702623918888545834e-02,1.130178814605956733e-01,1.448117389346752172e-03,3.194666059351662993e-03
8.915975063738191819e-01,3.189589847309948906e-02,7.298316311610789087e-02,9.503310506949318734e-04,2.573100986278514628e-03
7.413191029590731063e-01,4.682795944148653022e-02,2.045784123526246390e-01,3.916852387824391706e-03,3.357672858991199265e-03
8.457349390695947378e-01,3.774782678199874175e-02,1.057465285787308890e-01,2.189445971787477244e-03,8.581259597888165128e-03
8.237346440788988478e-01,6.411773110706771306e-02,9.113487519510918289e-02,1.027255163009383691e-03,1.998549445591483315e-02
7.712310074167778584e-01,5.489924847254673557e-02,1.246675032721016735e-01,1.313495555408057897e-03,4.788874528316560547e-02
9.021987103059889712e-01,1.836806706922609195e-02,4.448479367459080847e-02,7.085193294417784469e-04,3.423990962075237204e-02
8.704548567342381693e-01,3.739291652557348578e-02,4.758165223725795839e-02,5.463976409129032681e-04,4.402417686201766378e-02
8.803599234236711979e-01,3.343332517554384320e-02,6.314768899328591922e-02,5.580354608502148886e-04,2.250102694664888117e-02
8.985930904449641599e-01,2.390619646172643942e-02,7.125397678044796679e-02,6.373517103758176081e-04,5.609384602485730821e-03
9.232647333360050057e-01,2.040068406640323240e-02,4.357126486144764083e-02,5.569321780987582888e-04,1.220638555804519007e-02
9.775999638657904001e-01,8.228151693225939714e-03,9.543731810856258616e-03,1.257981245642437302e-04,4.502354505563190348e-03
9.291637759268349672e-01,3.157364157025965845e-02,3.230236332007192096e-02,3.607697801615877722e-04,6.599449402671926472e-03
8.669612611359671650e-01,5.064563314906930791e-02,7.536381718448362244e-02,1.049899297422617755e-03,5.979389233057153322e-03
8.346379778513347558e-01,5.802002400514236907e-02,1.007835632785399338e-01,1.304120249301640071e-03,5.254314615681239010e-03
7.680942385706259756e-01,5.206184924847685747e-02,1.754163440293140530e-01,2.210159581973091848e-03,2.217408569610020315e-03
8.441317156637975216e-01,4.536140527284695384e-02,1.074114430630853656e-01,1.578769748847906693e-03,1.516666251422363028e-03
8.570604999061165463e-01,4.707352636029449311e-02,9.218481306217848892e-02,1.182426700781692968e-03,2.498733970628637304e-03
7.835370003053722110e-01,6.294588216305413431e-02,1.479266205825258973e-01,1.759460700742731870e-03,3.831036248305027918e-03
7.467732235338400137e-01,8.318468035724044252e-02,1.629646274453938615e-01,1.462655051489547857e-03,5.614813612036063072e-03
7.911255961813913329e-01,6.978033272241518370e-02,1.339356751965533887e-01,1.031969340716478237e-03,4.126426558923387486e-03
8.952951588691049345e-01,3.378847810982330696e-02,6.838570030057304627e-02,6.118606854284062936e-04,1.918802035070275728e-03
8.415548379130058931e-01,4.832280552583387290e-02,1.072984829185875399e-01,8.898311467001939834e-04,1.934042495872372860e-03
8.702157779796811932e-01,4.205627825332478031e-02,8.526169816391851453e-02,7.030756100473005985e-04,1.763169993028134092e-03
7.931003996067134132e-01,7.282924449425673408e-02,1.278481669938903720e-01,9.743718197663021755e-04,5.247817085373024729e-03
7.952228906007475784e-01,4.872955585233010312e-02,1.476965642232634934e-01,1.646011440582049318e-03,6.704977883076985654e-03
8.739365141169450624e-01,2.627133346371535519e-02,9.572962165485962571e-02,1.332173758195765584e-03,2.730357006284058440e-03
8.471025613763787376e-01,3.927832649257387981e-02,1.083148629452781175e-01,1.366454835193378669e-03,3.937794350575918659e-03
6.384430037430011140e-01,8.712960454074553107e-02,2.687587849567729115e-01,1.799296358268028884e-03,3.869310401212227874e-03
7.398829068145504895e-01,6.791461933226125569e-02,1.854863778185135426e-01,1.528012866527963783e-03,5.188083168146863204e-03
8.850173303988057016e-01,2.405755844227076834e-02,8.818853982738014685e-02,1.494034747608957584e-03,1.242536583934503863e-03
9.151598505259940231e-01,3.368820465661449132e-02,4.946502602360031142e-02,5.167074078619655940e-04,1.170211385929202652e-03
9.252627990856560070e-01,2.376016705270803109e-02,4.850822026739370907e-02,4.230617835351195111e-04,2.045751810707170833e-03
9.342902277838996961e-01,1.942060320289503914e-02,4.278669612679811274e-02,4.622396273123131828e-04,3.040233259094897705e-03
8.937518152679876371e-01,2.900324317074397598e-02,7.019692314030186175e-02,9.234447109411545156e-04,6.124573710025309724e-03
8.963450263590874156e-01,3.208365288590975944e-02,6.672132911828611290e-02,9.131705944127569037e-04,3.936821042304024069e-03
7.951627767856831452e-01,4.705230553705732482e-02,1.520405131583141278e-01,2.426270216013705090e-03,3.318134302931766404e-03
6.123088576883597423e-01,5.382564316912334668e-02,3.241997986666048659e-01,4.186367062848396492e-03,5.479333413063642612e-03
4.935552885292446845e-01,7.251760212319049992e-02,4.264674860996384154e-01,3.800024643202364136e-03,3.659598604724062509e-03
5.705768866026521557e-01,6.425420876582677021e-02,3.578199571595652717e-01,3.218204844746252666e-03,4.130742627209710131e-03
6.005909764173508192e-01,4.373158694228791721e-02,3.456516813999793714e-01,4.280987951466953823e-03,5.744767288914842153e-03
8.981904668035622930e-01,1.915952626522577501e-02,7.774950158099233621e-02,1.141091699932115199e-03,3.759413650287443329e-03
8.756245016351748012e-01,2.305896101006377902e-02,9.718232873417012585e-02,1.330892811459933505e-03,2.803315809131456948e-03
8.359250904521566827e-01,3.212899374670760699e-02,1.288535206176241454e-01,1.478272701130460640e-03,1.614122482380977346e-03
8.090897438571917899e-01,4.273580921539634619e-02,1.449256128925353881e-01,1.261940832239250628e-03,1.986893202637252023e-03
8.319270093580313219e-01,3.923811895425414337e-02,1.259391847423974864e-01,1.272895950688567816e-03,1.622790994628476625e-03
7.723163340112677577e-01,6.386890435008142630e-02,1.546293256443736497e-01,2.167368092735135355e-03,7.018067901542140649e-03
8.844329330833943237e-01,2.540896937343325307e-02,8.540233766457991371e-02,1.664832437783389605e-03,3.090927440809086973e-03
7.946061642443388306e-01,6.043039752120300812e-02,1.333979014735578728e-01,1.712967620650649499e-03,9.852569140249688856e-03
7.314254286469635824e-01,7.634302365339792895e-02,1.679993989027296908e-01,2.139005309504037229e-03,2.209314348740484130e-02
7.213791647575852339e-01,6.812180119821553692e-02,1.584481258528724901e-01,1.942893006330662347e-03,5.010801518499607976e-02
7.791355314237422558e-01,6.026296475376161782e-02,1.198653251997187780e-01,1.255089791993181788e-03,3.948108883078428610e-02
8.925835805440768267e-01,3.029351397304661658e-02,7.083762194375253785e-02,8.983960822885432573e-04,5.386887456835558891e-03
8.939688744623596195e-01,2.630075620321544946e-02,7.521822008604615861e-02,1.042640747508982073e-03,3.469508500869824402e-03
7.669929688423287040e-01,6.139059306288999901e-02,1.647338208392322145e-01,2.623548827214708477e-03,4.259068428334435163e-03
7.745132266345253758e-01,4.609916271034922991e-02,1.668837238987215810e-01,3.167329482913256670e-03,9.336557273490709782e-03
8.447082711139772826e-01,3.846742717712675619e-02,1.070619800449084252e-01,1.450943399852372244e-03,8.311378264135100419e-03
8.703478401882588367e-01,3.386647137489228604e-02,6.681066486210812672e-02,1.013258157967214133e-03,2.796176541677354924e-02
9.394011611010593121e-01,1.968559196391947777e-02,3.463837325025633657e-02,7.358146268928216155e-04,5.539059057872072409e-03
9.433660858388319692e-01,2.210359126732698923e-02,2.707838045047370606e-02,7.891865709457213541e-04,6.662755872421592673e-03
9.910343870467769323e-01,4.582152689244593617e-03,3.243098019652283087e-03,1.756260293885254016e-04,9.647362149376732376e-04
9.952491752022827320e-01,3.176456487283250453e-03,1.135963233940639680e-03,8.050827206036007574e-05,3.578968044329990171e-04
9.961796230624243575e-01,2.879534474474101935e-03,7.386271269523401886e-04,4.121278873092184029e-05,1.610025474182264860e-04
9.967786826508909792e-01,2.422240526720396882e-03,6.787219358269484543e-04,5.721618717502454624e-05,6.313869938685453263e-05
9.974367604382742281e-01,1.896687985425768962e-03,5.658804873866801104e-04,5.647665293164891921e-05,4.419443598170846925e-05
9.881777241201866735e-01,6.725267461616926158e-03,4.489138397861453141e-03,5.075212140845765992e-04,1.003488062503577318e-04
9.957044386045730278e-01,2.580803428682711727e-03,1.502956711673794719e-03,1.707940106447223183e-04,4.100724442570724949e-05
9.960852185311617202e-01,2.884269338492869653e-03,9.096300000680353432e-04,7.596788929361667799e-05,4.491424098380116897e-05
9.977914891113514040e-01,1.635419224807650295e-03,4.837151703429277104e-04,5.424680511179536988e-05,3.512968838613649355e-05
9.981381521618752917e-01,1.450771663388337540e-03,3.470122929671064162e-04,3.285978289564658465e-05,3.120409887364974753e-05
9.924848896116702512e-01,5.897301209834828958e-03,1.478724784679839605e-03,8.308613489997412286e-05,5.599825891509074415e-05
9.864802329017264837e-01,8.107127522589231000e-03,4.989567751886910679e-03,3.523135372546995904e-04,7.075828654289073594e-05
