8.215346661755380531e-01,3.286036867695396602e-02,4.199388569009235989e-02,1.570383687741514628e-02,8.790724258000043312e-02
7.295275236321010492e-01,2.929293887785090061e-02,1.288043907399147592e-01,5.237531070165594299e-02,5.999983604847729246e-02
4.072887062261241198e-01,2.039805135771516065e-01,2.885327915425117684e-01,1.293442692400150786e-02,8.726356173021104778e-02
3.304661465418309296e-01,1.492856415689588767e-01,4.867068064812096195e-01,9.256964553330727929e-03,2.428444085466989824e-02
1.142168162361812539e-01,2.698004109359080499e-02,7.267832801811319188e-01,1.247375333426074540e-01,7.282329146488510270e-03
6.358961754511144315e-01,3.219090483594855279e-02,2.709889788512923614e-01,4.743642303612639194e-02,1.348751782551834734e-02
9.334471001705830773e-01,1.379731970530227378e-02,3.160673698808447868e-02,8.184950977396030294e-03,1.296389215863416426e-02
9.799772622996326676e-01,5.830236333319681677e-03,8.123968310134770804e-03,1.931875987890646238e-03,4.136657069022211738e-03
9.566860663329856962e-01,1.313547460025535005e-02,1.915042765435532798e-02,3.106956164918196848e-03,7.921075247485462323e-03
9.246539390782085865e-01,3.932933370669125517e-02,2.558001508769865845e-02,1.942058347189310266e-03,8.494653780212241614e-03
9.395250983526579613e-01,3.004043539132272150e-02,2.744203281753454168e-02,1.320018011037206365e-03,1.672415427447383057e-03
7.372902678902165663e-01,1.376165611304906167e-01,1.190790205961705650e-01,3.352838166253786258e-03,2.661312216868501768e-03
4.755212290930190266e-01,1.494759470209605090e-01,3.642072261378107578e-01,8.249950875024241251e-03,2.545646873185626168e-03
1.595740646013425468e-01,2.095131359995227593e-01,6.234976179272591068e-01,5.592502161501045239e-03,1.822679310374583682e-03
6.749248850626012042e-02,2.325695178981493361e-01,6.941219914770210275e-01,3.734961507762795535e-03,2.081040610806749944e-03
5.246291243092388035e-02,1.745060441396293627e-01,7.631691929995378931e-01,5.634984612507708615e-03,4.226865817401297479e-03
4.930866412769367019e-02,2.366194512893326218e-01,7.031565543003962526e-01,3.285569562929432572e-03,7.629760719648139879e-03
7.183012015989843901e-02,1.177512658651724553e-01,7.944904102202268170e-01,1.065637279084918378e-02,5.271830963853146521e-03
3.379764471851350871e-01,8.810486489994093229e-02,5.409775600474012736e-01,1.707331713054219616e-02,1.586781073698043110e-02
4.082196659614142908e-01,1.575165754363563875e-01,4.147614457681826905e-01,8.985091316634084141e-03,1.051722151741254531e-02
4.704363733389330116e-01,5.018130303240048856e-02,4.494486860215680668e-01,2.639661149164509654e-02,3.537026115453388575e-03
4.927800988147383876e-01,7.054274771450450010e-02,4.151992489852522339e-01,1.656446305038859756e-02,4.913441435116188034e-03
2.772108903467253582e-01,1.216160274920383699e-01,5.769576850274673596e-01,1.764045608034857035e-02,6.574941053420457239e-03
2.745470477469709736e-01,1.457577461472926716e-01,5.391669924957406268e-01,1.877971847295615768e-02,2.174849513703955989e-02
6.258064834169774215e-01,8.680009442564957933e-02,2.581357703339123288e-01,9.765165927283145364e-03,1.949248589617762206e-02
3.840650016863920158e-01,6.702555201065579782e-02,5.186152877045108189e-01,1.944106106215842678e-02,1.085309753628285225e-02
1.708582481513699625e-01,1.631909213620316434e-01,6.430879055057276972e-01,5.926206022174937069e-03,1.693671895869564362e-02
1.473081045022330560e-01,2.305331292315903335e-01,5.869763156883858191e-01,3.808973843719752270e-03,3.137347673407121784e-02
8.637060278921107614e-02,2.245318226563909336e-01,6.625250586869507741e-01,3.522593636376547890e-03,2.304992223107053817e-02
1.364286122907578946e-01,2.204244511426518283e-01,6.248162243899860746e-01,3.562851333911543506e-03,1.476786084269262472e-02
2.158646810303296304e-01,2.948988428816533003e-01,4.154691455977058134e-01,1.933872782980933670e-03,7.183345770733033653e-02
2.681386127861585811e-01,2.885774124520556483e-01,3.844915873880619950e-01,1.394464992794705593e-03,5.739792238092907006e-02
2.631923389216620501e-01,3.676785293299857371e-01,2.296429181889839966e-01,6.707985916873098354e-04,1.388154149676807392e-01
3.337186575987179382e-01,2.895590878495198917e-01,2.404660201252221130e-01,1.168255305138433172e-03,1.350879791214016079e-01
4.913067139462294342e-01,1.897517047274943358e-01,2.255765633504235868e-01,1.427673180067228018e-03,9.193734479578538621e-02
2.671225141169047967e-01,2.386427061091312418e-01,4.106203485053618318e-01,2.323093394769502277e-03,8.129133787383258092e-02
2.324819243461165585e-01,2.147409542498440460e-01,4.926504735370425547e-01,2.991355227197411287e-03,5.713529263979941208e-02
2.930682512356819758e-01,1.604525546420321191e-01,4.962113450032991646e-01,5.356391478864479597e-03,4.491145764012239444e-02
5.648173845730438680e-01,8.956295936647547251e-02,2.412539348594052169e-01,6.603391825257392059e-03,9.776232937581808002e-02
5.544056959348375724e-01,5.598861118924222668e-02,2.693071889842303945e-01,1.687626885129427448e-02,1.034222350403955770e-01
4.668041703695053335e-01,4.202066395309941166e-02,3.208847937323205946e-01,2.589316272062167773e-02,1.443972092244530103e-01
4.448783492817580121e-01,2.967639759982990122e-02,4.224415461103255831e-01,6.478889990545867728e-02,3.821480710262762509e-02
7.288615027912820343e-01,6.794689286429900221e-02,1.686696024503998581e-01,1.027790541132430659e-02,2.424409648269479009e-02
4.881477019261247219e-01,1.362886305249134122e-01,2.902569143151930708e-01,1.524094566896009272e-02,7.006580756480872141e-02
6.155780629475430255e-01,1.287260642265034560e-01,2.165510813875425322e-01,1.254378165976091121e-02,2.660100977865014621e-02
3.226788227213979732e-01,2.572476977370030116e-01,3.646087158888419721e-01,9.938786229019249546e-03,4.552597742373773460e-02
3.186718936122848178e-01,1.656131582755229759e-01,4.739668264761400240e-01,2.136259065994762854e-02,2.038553097610458498e-02
2.810444537871584769e-01,1.997989290769676962e-01,4.325620681070088680e-01,1.341934215222232753e-02,7.317520687664255674e-02
5.391017320690210113e-01,1.264824046178908423e-01,2.949558438087661605e-01,1.465291065070457519e-02,2.480710885361733092e-02
3.463580566926701687e-01,1.168532251270856803e-01,5.052081358507073405e-01,1.903550671093101609e-02,1.254507561860578914e-02
3.984832906660896179e-01,1.140330568990624432e-01,4.522378202758974841e-01,2.211109027681619488e-02,1.313474188213429282e-02
3.971392341562111628e-01,1.763922607421135602e-01,3.806385444908976790e-01,1.538445774240549541e-02,3.044550286837209921e-02
3.785848170564259374e-01,1.406560987395556184e-01,3.940299459384675185e-01,2.733570312744201466e-02,5.939343513810883129e-02
2.691888972203028141e-01,1.814795620675618004e-01,4.844226652076123463e-01,2.509479329739095974e-02,3.981408220713202051e-02
3.673282467882533209e-01,1.144278196954576637e-01,4.627991791328369686e-01,2.266539140163560673e-02,3.277936298181644698e-02
4.536464512994547449e-01,8.995934422343440651e-02,3.768068452676651692e-01,2.442297671343311716e-02,5.516438249601249288e-02
4.245465046736935366e-01,9.337959602128162451e-02,4.205155199615374650e-01,2.620183080219734215e-02,3.535654854128994495e-02
4.858919575495769805e-01,9.524936281563800566e-02,2.999617333835209454e-01,1.110237158059959595e-02,1.077945746706645974e-01
2.898206292878385271e-01,1.291993215035132925e-01,4.833910683882745585e-01,1.135827463054768505e-02,8.623070618982597857e-02
2.991260014468052897e-01,1.100316010207275513e-01,2.927295669478148787e-01,6.120108450695382896e-03,2.919927221339567724e-01
3.435404182221876712e-01,1.440527271381283614e-01,2.995252951988476298e-01,6.169208103518945829e-03,2.067123513373174404e-01
3.008900223020343767e-01,1.688931767551260232e-01,3.115054074148727037e-01,6.224186133874669638e-03,2.124872073940923256e-01
3.601600368072870317e-01,1.550960923971331507e-01,1.335636899269863342e-01,2.961688093541098125e-03,3.482184927750523462e-01
3.673080750931865812e-01,1.409405492299382612e-01,1.792303396345850675e-01,3.952738342023914310e-03,3.085682977002661698e-01
2.911045810460909933e-01,1.460117603344833481e-01,3.823628735889660901e-01,6.577844570062272786e-03,1.739429404603972662e-01
1.721010917482278524e-01,1.455710248606896795e-01,5.509273087347754672e-01,8.257070814310218249e-03,1.231435038419968209e-01
2.275587179678916216e-01,1.930487736081835104e-01,4.129670882443916002e-01,6.660498552814724492e-03,1.597649216267184591e-01
2.035687284871181280e-01,1.938388109992865982e-01,4.924416447713538814e-01,7.803826053678995962e-03,1.023469896885624009e-01
2.840026182150160450e-01,1.580055780047411318e-01,4.035010006859725551e-01,7.465928756457384727e-03,1.470248743378128053e-01
2.877125516282063589e-01,1.591358617612297355e-01,4.100751999890588362e-01,9.706525300209321513e-03,1.333698613212957185e-01
2.035993133583396675e-01,1.519741362298860088e-01,4.198275958573206568e-01,8.064491976891258879e-03,2.165344625775623699e-01
1.895512840160919754e-01,1.875302251621047134e-01,4.602536990019522323e-01,6.254099330416490986e-03,1.564106924894346218e-01
2.691324744175794259e-01,1.464507997069447454e-01,3.940690140072117265e-01,8.594627559448928672e-03,1.817530843088151216e-01
3.640113274792058928e-01,1.249974964520628451e-01,3.971785105385143844e-01,1.022988003187096442e-02,1.035827854983459861e-01
2.418567127764610636e-01,1.224566751511359380e-01,5.530900936483226227e-01,1.287431532057868415e-02,6.972220310350174532e-02
2.371236821871272604e-01,1.225539647581270070e-01,5.553313119571854362e-01,1.403360901705897300e-02,7.095743208050128703e-02
4.309191563634646727e-01,8.416061965280562107e-02,4.149107894881627345e-01,1.152843245718620895e-02,5.848100203838069860e-02
4.160878540557948480e-01,1.002150541187124405e-01,2.997424201962783918e-01,1.048379888899183578e-02,1.734708727402224926e-01
5.418668720294997909e-01,7.562555033057133391e-02,2.457550679472206845e-01,1.109389099131917120e-02,1.256586187013889744e-01
4.112937672690548108e-01,6.004518816014272481e-02,4.405533920417538662e-01,2.012742953243504967e-02,6.798022299661350687e-02
5.616324316371730241e-01,5.112101854421757796e-02,2.986002020220059339e-01,1.297989459589714636e-02,7.566645320070633507e-02
5.035095004370592209e-01,5.301228859072844996e-02,2.888706618459404019e-01,1.359541288164265241e-02,1.410121362446294102e-01
3.550647372323017525e-01,8.820722311266633586e-02,4.611949094834852936e-01,2.198784114267917505e-02,7.354528902886750541e-02
2.202025832519106940e-01,7.952577810373109846e-02,6.440483807385151138e-01,2.059682583180177246e-02,3.562643207404136286e-02
3.489039649080563632e-01,8.870984519505770161e-02,4.951086580807050330e-01,1.012909175863658737e-02,5.714844005754429745e-02
3.579617503833985581e-01,8.765992178068895968e-02,4.659352924578787358e-01,1.508402446529532454e-02,7.335901091273842878e-02
4.653358175982319489e-01,6.254000051999376864e-02,3.976061610731762563e-01,7.603005142954102902e-03,6.691501566564392323e-02
4.006940271048641811e-01,7.253966286913884898e-02,4.388256594148778333e-01,1.135895638711290935e-02,7.658169422400620818e-02
5.043021109535590352e-01,9.543616673350609203e-02,3.020052627290812364e-01,9.146724258419915848e-03,8.910973532543377262e-02
5.640800266539105490e-01,7.550002865707373945e-02,2.964893620071354929e-01,1.368504871320514078e-02,5.024553396867521143e-02
5.609295721246800870e-01,6.271820513248353712e-02,3.400337276687308563e-01,1.328079196598439329e-02,2.303770310812099792e-02
5.443394519483014671e-01,7.959549095270190833e-02,3.381117334828675491e-01,7.241750084925770332e-03,3.071157353120326783e-02
6.307477620938303220e-01,5.300015372128478314e-02,2.952863037615499620e-01,1.235485453929665266e-02,8.610925884038203929e-03
6.952755687791513095e-01,3.192122508057362862e-02,2.425958494771004725e-01,1.585518314825919498e-02,1.435217351491523650e-02
5.605276125722958858e-01,4.411109876406276581e-02,3.293972459368555983e-01,2.673312937429257047e-02,3.923091335249326989e-02
5.315669550561705758e-01,5.258842250322862816e-02,3.384999957322460395e-01,2.269433577874683736e-02,5.465029092960799195e-02
3.276122987594626279e-01,8.167658488475676437e-02,4.690309227336607045e-01,2.215707124440330703e-02,9.952312237771664127e-02
3.263541941952594616e-01,6.885439181192186398e-02,5.415298112980195810e-01,2.561333183776634895e-02,3.764827085703278259e-02
4.096023642845225132e-01,7.440604424123870020e-02,4.319848967782312643e-01,2.393181742436401027e-02,6.007487727164361607e-02
2.588272783948107336e-01,5.417295204946144527e-02,5.676549929413591267e-01,4.213500317277436152e-02,7.720977344159445088e-02
3.856592647875031199e-01,7.934859382328886268e-02,4.063654735037830479e-01,2.870984836714061267e-02,9.991681951828441932e-02
4.090979180115764113e-01,7.378010564805162486e-02,4.176100678728486004e-01,2.451536073844341398e-02,7.499654772907991818e-02
4.049291351200599576e-01,7.335132694407134335e-02,4.256242660167915970e-01,3.043020767611489402e-02,6.566506424296210398e-02
4.647081096092737229e-01,8.480669335207749460e-02,2.863019460402050353e-01,2.217264620833903077e-02,1.420106047901047719e-01
6.018899214902074801e-01,6.736046487187334619e-02,2.749955041758024299e-01,2.689236704188875324e-02,2.886174242022803912e-02
4.752639804035052595e-01,7.356513489962303309e-02,3.283367854404230513e-01,3.050051855815436724e-02,9.233358069829422643e-02
6.817654232943627379e-01,2.615519178833249428e-02,2.121544629295187834e-01,2.254926673722009930e-02,5.737565525056599613e-02
7.498398722597834354e-01,2.821886567570448465e-02,1.621602049313731475e-01,1.367176757451194630e-02,4.610928955862692025e-02
8.002574996427399556e-01,3.728910855877094060e-02,1.267716315339194044e-01,7.401025072982488420e-03,2.828073519158727511e-02
5.803788975871635447e-01,5.793596948021556559e-02,3.076201338267516294e-01,1.565981759620593480e-02,3.840518150966334282e-02
6.787171092363348812e-01,4.638726765491645032e-02,2.287805799545838958e-01,1.568898114927636672e-02,3.042606200488840243e-02
4.627888971945507968e-01,6.072732956130014181e-02,4.182527408151333614e-01,2.383975909450702924e-02,3.439127333450858054e-02
4.638554161337514192e-01,5.222103956663186330e-02,3.578713318804442878e-01,2.398650515131646802e-02,1.020657072678560762e-01
4.559125465518193976e-01,8.478074769051721638e-02,3.188451422567610272e-01,1.724315322849890447e-02,1.232184102724033364e-01
4.628325478794406700e-01,9.219919101439558173e-02,3.543958958673995019e-01,1.604278374161942355e-02,7.452958149714480895e-02
2.883365418454561513e-01,8.882979939574141282e-02,5.697788339170656302e-01,1.408900485741757837e-02,3.896581998431913885e-02
1.989785463157988654e-01,5.232743021690309387e-02,6.855058858092173413e-01,1.764434869957461419e-02,4.554378895850607484e-02
2.461416689289823712e-01,7.393688397612156737e-02,5.466700415573624294e-01,1.803460468147372736e-02,1.152168008560597867e-01
4.926047102984502102e-01,4.763682980445024112e-02,2.719389066337693506e-01,1.118890581004313919e-02,1.766306474532870208e-01
5.440621279964940049e-01,9.689828642214097509e-02,2.507830296289053629e-01,6.317433631554399825e-03,1.019391223209053648e-01
3.951366599057513640e-01,1.267974586357367428e-01,3.521043275078279966e-01,5.600437791161560520e-03,1.203611161595222329e-01
4.979786185253054498e-01,5.262529624129012179e-02,2.383904376332485475e-01,6.209646805521236608e-03,2.047960007946346417e-01
5.432629502750530026e-01,4.841827302884721407e-02,3.409176311005991389e-01,9.330585183302831861e-03,5.807056041219776227e-02
6.266440858069700637e-01,5.028621123813640376e-02,1.600588246699197470e-01,6.968097583625640357e-03,1.560427807013481383e-01
7.291028035163934495e-01,4.101750418407582033e-02,1.438026976757062758e-01,1.043253083633168335e-02,7.564446378749278832e-02
5.170552246628781212e-01,5.481246782275626950e-02,3.835865066938046741e-01,1.428755446840064905e-02,3.025824635216021671e-02
7.787324536305841871e-01,6.850437488856499224e-02,1.318168205230094980e-01,3.344757223671344318e-03,1.760159373416989373e-02
8.226106996341006061e-01,4.689323320160233843e-02,1.034168009523981080e-01,3.929014638358051086e-03,2.315025157354091631e-02
6.906291830573395574e-01,8.469164769418151273e-02,2.057341305915792729e-01,5.815510033781241123e-03,1.312952862311854083e-02
6.437624674147753856e-01,8.410383203291951770e-02,2.573787895749221066e-01,5.333075468144518431e-03,9.421835509238451686e-03
4.770960898922997906e-01,5.765118881136849227e-02,4.528808093684318914e-01,7.933234118020059816e-03,4.438677809879847461e-03
5.800227120795088398e-01,7.922475548327292949e-02,3.276314303532117944e-01,7.887402931791494612e-03,5.233699152214940815e-03
5.824179965392838332e-01,1.107671413312249220e-01,2.966031709827814389e-01,3.962125322093178019e-03,6.249565824616594087e-03
5.814196571088748877e-01,9.299534674846225701e-02,3.126542960599270615e-01,4.498809277121917742e-03,8.431890805613993095e-03
7.146816720684792124e-01,6.832074736930561498e-02,2.075233247109860291e-01,4.727713706309723089e-03,4.746542144919399693e-03
7.122223772430712474e-01,6.998636063035600097e-02,2.012433115839930564e-01,5.948726208134630725e-03,1.059922433444497256e-02
3.808167625145454926e-01,1.204328204691193088e-01,4.807226863065743316e-01,6.249614169710212587e-03,1.177811654005064650e-02
4.228281532770880036e-01,5.799331749665283253e-02,4.771752638822028825e-01,2.068566583366421990e-02,2.131759951039212744e-02
5.503880990507066251e-01,4.810566635180509726e-02,3.533469054446616298e-01,2.604727399738246754e-02,2.211205515544418035e-02
2.573219154709865952e-01,5.917905345128003647e-02,6.245806185732866167e-01,3.236002631605662538e-02,2.655838618839014356e-02
2.067261751514535006e-01,5.958155784949325379e-02,6.600126733789729583e-01,3.970902499448349804e-02,3.397056862559674068e-02
5.880426329181362988e-01,2.716743093403026221e-02,3.171415259414209764e-01,5.979505260598483307e-02,7.853357600427511576e-03
3.965599449827400536e-01,5.073554009508245838e-02,4.904201612019560286e-01,4.560595759350609402e-02,1.667839612671522323e-02
7.657814402853299063e-01,3.401393005740624420e-02,1.653865775662317628e-01,2.572497656799997701e-02,9.093075523032029955e-03
9.432501124957154426e-01,9.277729622579613047e-03,3.575630859858235783e-02,7.315689724284663714e-03,4.400159558837839560e-03
9.793092884238364659e-01,7.301084551192753985e-03,1.055038325251465847e-02,1.186597905826709820e-03,1.652645866629205143e-03
9.647832074771939270e-01,1.574785542381901965e-02,1.373831956767642207e-02,1.179217505249399809e-03,4.551400026061401885e-03
9.542072112710874299e-01,1.989126580102459560e-02,1.993925754724908128e-02,2.529062197764561128e-03,3.433203182874292221e-03
9.444527774645913309e-01,2.586664316511351827e-02,2.511502177469639857e-02,2.233088894785826423e-03,2.332468700812819970e-03
9.006632535573962928e-01,3.618029349716378462e-02,5.773956335358682718e-02,3.873955561962417679e-03,1.542934029890626795e-03
9.122711462354845535e-01,2.778078374857193694e-02,5.255128497486605266e-02,5.239534063707950926e-03,2.157250977369489908e-03
7.693135253691425479e-01,3.587581846165601579e-02,1.618564009578058183e-01,3.030368967240525471e-02,2.650565538990320817e-03
5.804459545437505863e-01,5.783499646809630440e-02,3.240650881467031508e-01,3.351953414423159555e-02,4.134426697218310069e-03
4.287281726634799006e-01,3.635947682337500181e-02,4.432489607032790158e-01,8.932794191721100951e-02,2.335447892654963012e-03
2.529210729884838749e-01,5.762500626697590611e-02,6.448094091492664326e-01,4.145459982017481171e-02,3.189911775099073601e-03
9.354405766581938564e-02,2.344023878486758972e-02,8.285226416383260073e-01,5.305395119312611429e-02,1.439110717860980250e-03
5.607625727506604374e-01,1.222612356764700252e-02,3.319066697623798134e-01,9.125637981954598521e-02,3.848254099766621351e-03
4.457440477975629922e-01,1.456209596849769236e-02,4.112793233173934193e-01,1.200564606440721604e-01,8.358072272473811987e-03
5.158704766343178427e-01,1.452183794884666541e-02,3.137052587847075635e-01,1.541747173511831548e-01,1.727709280944710003e-03
3.277549959412567326e-01,3.839081692033475407e-02,5.359151508678864362e-01,9.622599844684998072e-02,1.713037823672144966e-03
2.000373247323094239e-01,1.239133378183952250e-01,6.453077688742625551e-01,2.658372970245648226e-02,4.157838872576117770e-03
1.818688859866111063e-01,2.771215348310112625e-01,5.280130896678669750e-01,7.452911417296629107e-03,5.543578097214092205e-03
3.395697247659690832e-01,3.247008975849013934e-01,3.187816535405578744e-01,2.019241371798858806e-03,1.492848273677272949e-02
4.277038427364226458e-01,3.666276105664580953e-01,1.787777776839680477e-01,1.065823398230855007e-03,2.582494561492036655e-02
4.112047121109149161e-01,3.859849923113994885e-01,1.604046786389318191e-01,6.374688508028113166e-04,4.176814808795098477e-02
4.578024577569347886e-01,3.362467733141653592e-01,1.202021043880017320e-01,5.510499640523281633e-04,8.519761457684583983e-02
3.804505147392093223e-01,3.364063512205123230e-01,2.087981315260132031e-01,9.103626472332392895e-04,7.343463986703199775e-02
2.347006411429077843e-01,4.565746752973505185e-01,2.332803798343431323e-01,5.522143413718815907e-04,7.489208938402688864e-02
4.851411801473984320e-01,2.529621434966586313e-01,9.285310321257594923e-02,4.072904282247646608e-04,1.686362827151421662e-01
3.931682555488255071e-01,3.692032696424836224e-01,1.266579633964248219e-01,3.354883029346401521e-04,1.106350231093315012e-01
3.022827404010761110e-01,2.860005448043057008e-01,1.055686455679040320e-01,4.747040711298736388e-04,3.056733651555841869e-01
2.776178443432152365e-01,2.622907577799066803e-01,8.313887011771381452e-02,3.579900837662767718e-04,3.765945376753979112e-01
2.362817153466088005e-01,2.315533606183929893e-01,1.445109420020956881e-01,8.519210256761452962e-04,3.868020610072264165e-01
2.064730970739918625e-01,2.845362711316342663e-01,9.912285003452532550e-02,4.417380414112270998e-04,4.094260437184372714e-01
1.877987473625561676e-01,2.595056098314379445e-01,6.201005424139983263e-02,2.434782046486754902e-04,4.904421103599573839e-01
5.793389020158228320e-01,1.559919511891301458e-01,2.641053488625962065e-02,1.749267403702998969e-04,2.380836851684172695e-01
3.530661212316613673e-01,2.543378797905231359e-01,4.388349791181658799e-02,2.212917139810852791e-04,3.484912093520177723e-01
1.692649113736879596e-01,2.002266219486339427e-01,4.985872094332690491e-02,2.936318616340448558e-04,5.803561138727171276e-01
1.645990369347698212e-01,3.106377367228150277e-01,5.527458512563619697e-02,3.340482539666753104e-04,4.691545929628122558e-01
2.468634101132015091e-01,3.095236074478319721e-01,5.783667490913695780e-02,3.627722020798990134e-04,3.854135353277496345e-01
1.355627044219675781e-01,5.087268943429371637e-01,1.182865400294238756e-01,4.297145553020635948e-04,2.369941466503694694e-01
1.045268756047447178e-01,4.685349454575767347e-01,9.365945383598835161e-02,3.129837024971777472e-04,3.329657413991931048e-01
8.414603280475088654e-02,5.188530859452639143e-01,1.008140988702381363e-01,2.147510299451419380e-04,2.959720313498019340e-01
7.338891109256241718e-02,5.993299281685083857e-01,9.084656355285793128e-02,1.599264488636381663e-04,2.362746707372077593e-01
6.302842349468330829e-02,6.214692642814487744e-01,1.185364584208450922e-01,1.628336532083135882e-04,1.968030201498144061e-01
7.313165986665288998e-02,5.493338442821233958e-01,2.202954070421398458e-01,4.387285502655378791e-04,1.568003602588184942e-01
6.851736914136448420e-02,5.278508665749189754e-01,1.752397891897574667e-01,3.625243523808587866e-04,2.280294507415781546e-01
8.679110358806492453e-02,4.721920865592530436e-01,1.713858444792443203e-01,3.873738898640658899e-04,2.692435914835736854e-01
6.743855895231790076e-02,4.457106285144545876e-01,1.645545214795224032e-01,2.978901510587477408e-04,3.219984009026462535e-01
4.529073081041624232e-02,4.286023282382253607e-01,1.667267076797701031e-01,2.144924495611941987e-04,3.591657408220271797e-01
5.105610572266837399e-02,4.682735353492591401e-01,1.669849379499018238e-01,2.563084991428607917e-04,3.134291124790277716e-01
3.988350439996488778e-02,4.980544565380929933e-01,2.362892476669586628e-01,3.320648129921973508e-04,2.254407265819912964e-01
2.712505456485111641e-02,5.169954341916670471e-01,2.694626433231420148e-01,3.476819893589969839e-04,1.860691859309806240e-01
3.774521236181009598e-02,5.349131335454584413e-01,1.960380213224188484e-01,2.672718158312311536e-04,2.310363609544814623e-01
2.916638138860700932e-02,4.711981784961468134e-01,2.677045188984853441e-01,2.843943577561144887e-04,2.316465268590045534e-01
3.342040056074498111e-02,4.722436740067585959e-01,2.190894034027480730e-01,2.401074680104297644e-04,2.750064145617378553e-01
4.801717451242464019e-02,3.984243736993771656e-01,1.590202866726339037e-01,2.444348526502220995e-04,3.942937302629141438e-01
4.024413663162316329e-02,3.704371554128336741e-01,1.475750393408273298e-01,2.328684739000156723e-04,4.415108001408157290e-01
4.364140002149540648e-02,4.364777041390648371e-01,1.970774711758425668e-01,3.163401800280685400e-04,3.224870844835692196e-01
3.158946974753031739e-02,5.015099910479303702e-01,2.157343404756572602e-01,2.527385567837525313e-04,2.509134601720983682e-01
3.511301699874691540e-02,4.613898306813000727e-01,1.987881325413640710e-01,2.501161666275246464e-04,3.044589036119614844e-01
4.876133580248629557e-02,4.764867071928385878e-01,1.395684823629752824e-01,1.818675093264473901e-04,3.350016071323733691e-01
4.399009994956288444e-02,5.005874947028223776e-01,1.384231146048398031e-01,1.562011275733827024e-04,3.168430896152014675e-01
3.502008682484013952e-02,4.528827566936984850e-01,2.502018896251946289e-01,2.889752196299803441e-04,2.616062916366366231e-01
1.952021863568750848e-02,4.186707975419243777e-01,1.853553194111142444e-01,1.691474020386015190e-04,3.762845170092352642e-01
2.002940818782322080e-02,4.277225840010147606e-01,1.613054280980709132e-01,1.431849035433872483e-04,3.907993948095476733e-01
1.815378494292384931e-02,4.159746680077630043e-01,1.571378240147368877e-01,1.513131779537186888e-04,4.085824098566224194e-01
2.645011006504170356e-02,4.299159375950045159e-01,1.740065141657158310e-01,1.512894340734144817e-04,3.694761487401645450e-01
1.571950674291260064e-01,4.506569785621297730e-01,2.386165929133064745e-01,4.608821790904958746e-04,1.530704789163471469e-01
6.598851485788735927e-01,1.633687546677067559e-01,1.516770345341133808e-01,1.749236022229099354e-03,2.331982619707732157e-02
1.671253456458203501e-01,5.436409185513633169e-01,2.552524901807911029e-01,8.521381452038845122e-04,3.312910747682137891e-02
6.362469020650113327e-02,6.525905240544099817e-01,1.856442019674894861e-01,3.608225059899445057e-04,9.777976126560943004e-02
3.165243723340039478e-02,7.141532022013699077e-01,1.864285786023035796e-01,1.835209082062571391e-04,6.758226105471987211e-02
2.145667456076219559e-02,6.673077928683076587e-01,1.939469054710468710e-01,1.731036862113458563e-04,1.171155234136718876e-01
2.312439506288453683e-02,6.534204245242416498e-01,2.133151277093558729e-01,1.924343812177821216e-04,1.099476183223001835e-01
2.844696235727949343e-02,5.554416988952538548e-01,3.220411675286735109e-01,3.023916535687558630e-04,9.376777956522443225e-02
2.186180678241791617e-02,5.543164433212889319e-01,3.099660779099117081e-01,2.662216714223693335e-04,1.135894503149591367e-01
2.361097789831136454e-02,5.781453681989624505e-01,3.045810444850176046e-01,2.839002159769998639e-04,9.337870920173177436e-02
2.679545928426803336e-02,5.281003563663155820e-01,3.776145325330859115e-01,2.862386598450282461e-04,6.720341315648552249e-02
2.428273469474822449e-02,4.969629667721387478e-01,3.459837204029803659e-01,3.143197582805936133e-04,1.324562583718520981e-01
1.801518407503330255e-02,4.649318350662355881e-01,3.857726211098224112e-01,3.218450605468523820e-04,1.309585146883618656e-01
2.704280614628144092e-02,4.281363343954628919e-01,3.653511991688515037e-01,4.214034600172199448e-04,1.790482568293869647e-01
2.436850864612866152e-02,5.036309198115893615e-01,3.762211048494721322e-01,3.004607494808483751e-04,9.547900594332896229e-02
2.319236145969897842e-02,4.511842829989437531e-01,3.459360419895845529e-01,2.671216511431201554e-04,1.794201919006296053e-01
2.340291610958618318e-02,4.408771228399681053e-01,4.123282934973136471e-01,3.873329209149652141e-04,1.230043346322171882e-01
2.426964420126185087e-02,4.155879269596258196e-01,3.087446983138971146e-01,3.697269609703601615e-04,2.510280035642448726e-01
1.905338679879187147e-02,4.166819077579592134e-01,3.187850501357802901e-01,2.470437443565408819e-04,2.452326115631119907e-01
1.992515753399620379e-02,4.010544806343237512e-01,4.172922506786175267e-01,2.718478237606153586e-04,1.614562633293017968e-01
2.073941559073164131e-02,4.592812393865662313e-01,3.710600063077742483e-01,2.764499145429562396e-04,1.486428888003847870e-01
3.190377555637193691e-02,4.928854774481803980e-01,3.053468781144056954e-01,2.635886508765836796e-04,1.696002802301654067e-01
6.117934691880353576e-02,3.522301796942922669e-01,4.540809728836111003e-01,7.438371663971714461e-04,1.317656633368959052e-01
9.438110409496448805e-02,1.080322749105100955e-01,4.111871672699872193e-01,3.211683165754823828e-03,3.831877705587832805e-01
8.902824394125018193e-02,1.319111053127785538e-01,2.065133096367404442e-01,1.637984950483210899e-03,5.709093561587476051e-01
5.494901740502764614e-02,8.079063032891381502e-02,1.161004717661688890e-01,1.262464521342432150e-03,7.468974159785473077e-01
3.927851937869537152e-02,4.798549497511554740e-02,1.204603328105813692e-01,1.285220477424292703e-03,7.909904323581834484e-01
2.283907373118056888e-02,4.893547165621060790e-02,8.314874541774287808e-02,9.097542885426414174e-04,8.441669549063234301e-01
5.446536333731663015e-01,1.254661476524920882e-01,7.489900978722044411e-02,1.374169752304011142e-03,2.536070394348170498e-01
8.689246860083046364e-01,2.379673047450991952e-02,1.333953288573102094e-02,6.238635309029496407e-04,9.331518710055146382e-02
6.225165447040672539e-01,2.134707734393833101e-01,6.174302078897826729e-02,7.735293583838650242e-04,1.014961317091873511e-01
2.085356282741050726e-01,4.886577414254995588e-01,9.835455298637321708e-02,4.979404696333041350e-04,2.039541368443889280e-01
7.217922269695382920e-02,5.415994717809152759e-01,1.067204537592667257e-01,2.679466315110471493e-04,2.792329051313530153e-01
5.642981808807710775e-02,6.370214896117113446e-01,1.294693151789778063e-01,2.197997152619148150e-04,1.768595774059719405e-01
6.321285756637870512e-02,6.824934266794032700e-01,1.493601865223788683e-01,2.303545951140295589e-04,1.047031746367250854e-01
5.166747389865642553e-02,7.281421366416339636e-01,1.759614223553261358e-01,1.426588168450067977e-04,4.408630828753831721e-02
3.794054426677138242e-02,7.063901885164637351e-01,2.151537906099112440e-01,1.666413173147357452e-04,4.034883528953869120e-02
3.458886177734173117e-02,5.396810858313726422e-01,3.847862405298810295e-01,3.506451459134159133e-04,4.059316671549109690e-02
4.824305824630047146e-02,5.674275030302371459e-01,3.565823647927568452e-01,3.085984157347396997e-04,2.743847551497069492e-02
7.504138015936538675e-02,2.405800030204106044e-01,6.708606764588520566e-01,1.886890744162216449e-03,1.163104961720960555e-02
1.576091221385501895e-01,1.829075307950145390e-01,6.311155132561657721e-01,4.752865116698518251e-03,2.361496869357107911e-02
5.798461685456698378e-01,1.048946743274173227e-01,2.723667557510853765e-01,6.106058348922461382e-03,3.678634302690501207e-02
6.696689220900470252e-01,7.701326096874766547e-02,1.469758916852292596e-01,4.622596189679066374e-03,1.017193290662970068e-01
5.159998882125170772e-01,5.629160386891211842e-02,1.725146054907566451e-01,1.236053118730913794e-02,2.428333712405050249e-01
4.416458546674860708e-01,6.752460967041602757e-02,1.576151592856551431e-01,1.263972473636803227e-02,3.205746516400748147e-01
5.601884535234080698e-01,5.954278699049277840e-02,1.175735780491517779e-01,1.198843308527056985e-02,2.507067483516767226e-01
4.398802907542888052e-01,1.088896855953964404e-01,1.522241988458860051e-01,6.825807560598130992e-03,2.921800172438305809e-01
6.866243809296851408e-01,2.404979525630326909e-02,8.122289532731610806e-02,7.333835279825931010e-03,2.007690932068695866e-01
8.641364536462724510e-01,2.235831872870057413e-02,6.862510250834413794e-02,1.226697040013658563e-02,3.261315471654629289e-02
7.086615686517909740e-01,4.043429366394422908e-02,1.390884513138665179e-01,9.503673213499833072e-03,1.023120131568984598e-01
5.126503626709154604e-01,5.704052140991617420e-02,3.411987189316790792e-01,3.411240263526504196e-02,5.499799435222432753e-02
4.256691850755851547e-01,4.019492428571353609e-02,3.982877383525124104e-01,4.141202123405508806e-02,9.443613105213391479e-02
5.259227700964467234e-01,3.827429095854657792e-02,2.797216302178506808e-01,3.142097546457588153e-02,1.246603332625801780e-01
3.617420292217445876e-01,2.271797127300335603e-02,4.568925884449003827e-01,7.284639908814570519e-02,8.580101197220596498e-02
5.019440081968946643e-01,3.234621679410799866e-02,1.275879592574716281e-01,1.103608490376256288e-02,3.270857308477632119e-01
4.920058825319966744e-01,5.406876319173521683e-02,2.574341162121652760e-01,2.461349925626004492e-02,1.718777388078428225e-01
2.584877429787261760e-01,8.144692766398531347e-02,5.099872083373704346e-01,3.384052042004934147e-02,1.162376005998687345e-01
2.265210265761648523e-01,6.259611896579223012e-02,5.665533027038139879e-01,5.025196291563949896e-02,9.407758883858950705e-02
6.812712695792393358e-01,2.766839069008832780e-02,2.232592727497585972e-01,5.732741906372923468e-02,1.047364791718449935e-02
4.991973984592465441e-01,2.266473258666321794e-02,3.358570199869342354e-01,1.025843953642597006e-01,3.969645360289624642e-02
3.169870809043197069e-01,4.189187696712812908e-02,4.770225733994284956e-01,9.952757268727573103e-02,6.457089604184797216e-02
4.981908007914691017e-01,3.585653763513312053e-02,3.364688960624445113e-01,7.640803650542105085e-02,5.307572900553232664e-02
8.987639485864741262e-01,1.177850711879310959e-02,6.010096526902673764e-02,2.254675043858154690e-02,6.809828587124561183e-03
9.008032640369495470e-01,1.712496268500233315e-02,5.793641856600409423e-02,2.002829040154052373e-02,4.107064310503572187e-03
7.045676834357104124e-01,4.785405845870455838e-02,1.952695567966837853e-01,4.593835163689901496e-02,6.370349672002398149e-03
7.273186346560429616e-01,1.063829010930432556e-01,1.482072261747706676e-01,8.585431549438478360e-03,9.505806526704574377e-03
7.949850300748473320e-01,6.272278974023845488e-02,1.165476706964339859e-01,1.405084668720688393e-02,1.169366280127342658e-02
5.011578313519540195e-01,1.886944071060928374e-01,2.451086027320705518e-01,1.178531771872826615e-02,5.325384109115426090e-02
1.905837188240036284e-01,4.193738329585793845e-01,3.322336238873538905e-01,3.020724091503875029e-03,5.478810023855924111e-02
1.199333352733960439e-01,3.991241934063002872e-01,4.260257213793696707e-01,2.229811392597779753e-03,5.268693854833619850e-02
7.301097368460128523e-02,4.879096119150816424e-01,2.619634087552470403e-01,6.191280733182144948e-04,1.764968775717518368e-01
8.786039827983184447e-02,5.261643756539594596e-01,2.841314608059830604e-01,5.517667938594767200e-04,1.012919984663661760e-01
1.074110559515260022e-01,3.344582896893282808e-01,3.406040031616056618e-01,9.139797084653348853e-04,2.166126714890747595e-01
8.899640103085251774e-02,3.672610566350570371e-01,2.452182008182645367e-01,5.419375709495651179e-04,2.979824039448763506e-01
6.159215717055011030e-02,4.673792454440646171e-01,2.524175449210930844e-01,2.927565885222542324e-04,2.183182958757698966e-01
7.037708640599260601e-02,3.576818603084083170e-01,2.558589837138445233e-01,4.065196755075650204e-04,3.156755498962470763e-01
9.069858892201156098e-02,3.340975787024166310e-01,2.449159654270511299e-01,4.630724673962396325e-04,3.298247944811244503e-01
1.348819595172135455e-01,3.234340583794561019e-01,2.853209600165408366e-01,5.919585130745035235e-04,2.557710635737150406e-01
9.819873186706679080e-02,3.894866655309829340e-01,2.342869410594148327e-01,5.612958708730315244e-04,2.774663656716625515e-01
1.784040096765125150e-01,1.060222345546014272e-01,2.072802480372124834e-01,1.616190670066018067e-03,5.066773170616074573e-01
2.142117967126414835e-01,7.441763924993698154e-02,1.768841577981466462e-01,3.042808747082030498e-03,5.314435974921929429e-01
3.155210488228684107e-01,8.444063224518449928e-02,3.467517219479439028e-01,5.724001461422816885e-03,2.475625955225804198e-01
1.816169476028564600e-01,9.853449243255789358e-02,5.933288982518772903e-01,6.747560624992766411e-03,1.197721010877156461e-01
1.082359690024191079e-01,1.614602539437356432e-01,4.640389804006552765e-01,3.957925771093150427e-03,2.623068708820967543e-01
1.769755132603257064e-01,2.623894072121071841e-01,3.956696563811022971e-01,2.239594924922513278e-03,1.627258282215423013e-01
1.405729747197139445e-01,1.449535913601551484e-01,6.941134916894750040e-01,3.915177120702017545e-03,1.644476510995402513e-02
5.275356485916118249e-02,9.108142544672406804e-02,8.438517318211864460e-01,6.048553301499341034e-03,6.264724571428976346e-03
1.378929569283530443e-01,7.501474182798338608e-02,7.693273776344178305e-01,1.090312410263887498e-02,6.861799506606882336e-03
7.720233972804636802e-02,7.148379116175114512e-02,8.337860299986482593e-01,1.127546992351010843e-02,6.252369188044195475e-03
1.543337884235369550e-01,1.232707668725683131e-01,6.839377638230017542e-01,6.216428661160852166e-03,3.224125221973202227e-02
1.533712334673210664e-01,2.204695922593798707e-01,5.742746014089030737e-01,2.872672698820837728e-03,4.901190016557524509e-02
1.580479664977161025e-01,2.730450301882369479e-01,5.203203388215460468e-01,3.167436710533981514e-03,4.541922778196700455e-02
8.167060152031224707e-02,2.020647289629926846e-01,6.963993862464725737e-01,2.677280053292931464e-03,1.718800321692965163e-02
1.198773645697657625e-01,1.486749991454215936e-01,6.777554149630241609e-01,4.461297791985836640e-03,4.923092352980269065e-02
1.153584973257175822e-01,2.125429958258039653e-01,5.162483371216800565e-01,1.873315769498858042e-03,1.539768539572995976e-01
1.703432596980059555e-01,2.477184037797281746e-01,3.504425032079506175e-01,1.012027379565742747e-03,2.304838059347496249e-01
2.215794623475357550e-01,2.578521095302873656e-01,3.912702378565211525e-01,8.452155377567411188e-04,1.284529747278990164e-01
1.675802361631489046e-01,2.397505781430416816e-01,3.291840588100808374e-01,1.086667608040597617e-03,2.623984592756879453e-01
3.043021746340934808e-01,1.871271772525863741e-01,4.015545650218544371e-01,2.644916027195389797e-03,1.043711670642703121e-01
2.051252722804660089e-01,2.151671320149363409e-01,3.325752974129976280e-01,1.977432446078463118e-03,2.451548658455215135e-01
2.935477159841402006e-01,1.963408227991207400e-01,3.307773924335408733e-01,2.094893715690035463e-03,1.772391750675081368e-01
2.887574532094399626e-01,1.706480949474585007e-01,4.781553764759022829e-01,3.099237523536624989e-03,5.933983784366272246e-02
4.705317545675214985e-01,8.433704757142429509e-02,3.864306605540355766e-01,5.760907264639975739e-03,5.293963004237861592e-02
4.150124659176911979e-01,1.048305270078292856e-01,4.059566034453167549e-01,7.235641060354439449e-03,6.696476256880834477e-02
1.743410009852583709e-01,1.795991619588156174e-01,5.893452505155626353e-01,5.252654178670516580e-03,5.146193236169293445e-02
2.366987521677913486e-01,2.854194401314593676e-01,3.789450816653299192e-01,2.957354629908457572e-03,9.597937140551096591e-02
2.799494061928040622e-01,2.868902614983718236e-01,2.744130709545140046e-01,1.397367264452192403e-03,1.573498940898580001e-01
3.209685376594986761e-01,2.520857394486095138e-01,3.462646400830473037e-01,1.592813613034692235e-03,7.908826919580971837e-02
2.022737342930227278e-01,3.311095716717213366e-01,4.051457138250862955e-01,1.186669125843583172e-03,6.028431108432596996e-02
2.174361626029913674e-01,2.956183220759774355e-01,2.950772149443200432e-01,9.338652682859699145e-04,1.909344351084252267e-01
2.558894594354267360e-01,2.826538895731970369e-01,3.960591027036769463e-01,1.914809160703516422e-03,6.348273912699578525e-02
3.269301390794220330e-01,2.262488837744154602e-01,4.059572335237147112e-01,2.468967064502568948e-03,3.839477655794511224e-02
2.622329939126757381e-01,2.024755948491956670e-01,5.052555054711714844e-01,2.122277761130833811e-03,2.791362800582616530e-02
2.139205121548379829e-01,1.760557287241333313e-01,5.905463480107578933e-01,2.310370764756042306e-03,1.716704034551484737e-02
2.568097225536563610e-01,2.333865316955508196e-01,4.717371606908064008e-01,1.971557425700324467e-03,3.609502763428600741e-02
2.363994689604281274e-01,2.480230494191534574e-01,4.865359995106556257e-01,1.773062510357586215e-03,2.726841959940519422e-02
2.260197679174492935e-01,2.723038838656714478e-01,4.153014645367454349e-01,1.376060379844208734e-03,8.499882330028961375e-02
1.706863652322404834e-01,2.142587385701794078e-01,5.676384292440422863e-01,2.136004132262139983e-03,4.528046282127560357e-02
1.693167782426371615e-01,2.458589267266366729e-01,5.349312762577365099e-01,2.765488550251030478e-03,4.712753022273864084e-02
2.609845126074287203e-01,2.074663977017400518e-01,4.595283256714825515e-01,2.016498469961047757e-03,7.000426554938768420e-02
2.501387662170735937e-01,1.325299058468774882e-01,6.003747121831800593e-01,2.574933481019944098e-03,1.438168227184892511e-02
1.864803129205903909e-01,2.408245099790807808e-01,5.261344890432890775e-01,1.273496734635299254e-03,4.528719132240429518e-02
2.516683913100047909e-01,2.730181405613011369e-01,4.542389282094180247e-01,1.110863467594559771e-03,1.996367645168152169e-02
3.354623760444724878e-01,2.939606198557846439e-01,3.279473929761754780e-01,9.645532267333782129e-04,4.166505789683389721e-02
3.071842351768504509e-01,2.229536701295665724e-01,4.122024697419847117e-01,1.243733187108249805e-03,5.641589176449000875e-02
1.906149700078971498e-01,1.962535786497668355e-01,5.881379167931154450e-01,1.442429477671855692e-03,2.355110507154866209e-02
1.589311802477333668e-01,2.162992187644466879e-01,6.063321874702649605e-01,1.228248183539865524e-03,1.720916533401499818e-02
1.638043705977800524e-01,2.492401486834625035e-01,5.510430750850086046e-01,1.187199140653283184e-03,3.472520649309549651e-02
1.208652772268433429e-01,1.000137004795122464e-01,7.665462625151899800e-01,2.919140396424301995e-03,9.655619382030179026e-03
2.209595197122747046e-01,1.364086201941310528e-01,6.360381039816279669e-01,2.127908873517121019e-03,4.465847238449035909e-03
1.591458045925740195e-01,1.596761017617624456e-01,6.750830290789523458e-01,2.399660183816796494e-03,3.695404382894248215e-03
1.484084475249104473e-01,2.230782516382240899e-01,6.201112194567572899e-01,1.709779176873150487e-03,6.692302203235052718e-03
1.646032733696936312e-01,1.954382544693134272e-01,6.293804432562364326e-01,2.339938251826448323e-03,8.238090652929982646e-03
8.312805192846843549e-02,1.700445434211274032e-01,7.409424296735640514e-01,1.506925270862533462e-03,4.378049705977687944e-03
1.971443143011529231e-01,1.904790110472130982e-01,5.982343925058096756e-01,1.419478317774779640e-03,1.272280382804945841e-02
2.288108130840616761e-01,1.635908041477179276e-01,5.992447596771701690e-01,2.416622240719997101e-03,5.937000850330330023e-03
1.615841182353234817e-01,1.632296173211077173e-01,6.707364329800410419e-01,1.791143115569881821e-03,2.658688347957997682e-03
2.856524894313918206e-01,1.278679744258514051e-01,5.784647902083472903e-01,2.821019672345092925e-03,5.193726262064437930e-03
3.600448274858933373e-01,1.705399991297389117e-01,4.549985932995833648e-01,2.876864971538850915e-03,1.153971511324543980e-02
2.363446096326355661e-01,1.436649099858838818e-01,6.081779968059285446e-01,4.987219143892501413e-03,6.825264431659496499e-03
2.531705872984552630e-01,1.069491235990462086e-01,6.338860715029266402e-01,4.263137911100457408e-03,1.731079688471367324e-03
3.346389455600584095e-01,1.049259749065513531e-01,5.536016870943191170e-01,3.696402646318820186e-03,3.136989792752365239e-03
2.256470980078305599e-01,7.666685142317332391e-02,6.922811271671713840e-01,3.405378952106581213e-03,1.999544449718164852e-03
3.161014033888638330e-01,9.820039187849566309e-02,5.779686361202605038e-01,4.595304404897826780e-03,3.134264207482177159e-03
2.275178890649555419e-01,1.716873541574120143e-01,5.951298731174884393e-01,2.369049847994227163e-03,3.295833812149887455e-03
2.913111120848145275e-01,1.802514873594544265e-01,5.200101393543503647e-01,2.810383967545855566e-03,5.616877233834719971e-03
2.782623572969700199e-01,1.782943597065180241e-01,5.363513524275956845e-01,2.393831019530854708e-03,4.698099549385379055e-03
1.859834175604279938e-01,1.614849077146948142e-01,6.449856645660340115e-01,2.401870382726335393e-03,5.144139776116752293e-03
1.871339942763692032e-01,1.796590870996557232e-01,6.250417077223947571e-01,1.762296062732439904e-03,6.402914838847884385e-03
1.399328155679714636e-01,1.422994349224502852e-01,7.122549077019677544e-01,2.225895272725759814e-03,3.286946534884848010e-03
3.415289422822700427e-01,1.910267248612054491e-01,4.404079086664108855e-01,2.528878609628322244e-03,2.450754558048528348e-02
3.827616033688264752e-01,2.647734541430140642e-01,3.003492996210797017e-01,1.520314817113381121e-03,5.059532804996628996e-02
4.839445644069996222e-01,2.478747687330947469e-01,2.226713120395135415e-01,1.527805853080847417e-03,4.398154896731124724e-02
3.597772067747563862e-01,3.144736939950158461e-01,2.420763103689246298e-01,1.389837948503982058e-03,8.228295091279913542e-02
3.027244181387944710e-01,3.230255605717202161e-01,3.207003988307335907e-01,1.533593969032539302e-03,5.201602848971927789e-02
3.865197971262866461e-01,2.041526136080957787e-01,3.178898616027143742e-01,2.853484019428815209e-03,8.858424364347439184e-02
2.650133033431927854e-01,2.200123616739578791e-01,4.646515578033258986e-01,3.897591022263663732e-03,4.642518615725972631e-02
5.021145684851658908e-01,1.499876991164656170e-01,3.148225848483890421e-01,2.719737099574472648e-03,3.035541045040501124e-02
3.402953182604979143e-01,1.223501644413806794e-01,5.168198055692680981e-01,5.189008121188143016e-03,1.534570360766529355e-02
5.354025239241493317e-01,1.117536884239418715e-01,3.224210295809334381e-01,3.925319398156701216e-03,2.649743867281867740e-02
2.903205483115088859e-01,1.287533375511481226e-01,5.558865053875698958e-01,5.922321098817561261e-03,1.911728765095564372e-02
4.753385473878640743e-01,6.578752655764000257e-02,4.414965822668990292e-01,8.582252814045485817e-03,8.795090973551408092e-03
4.197409516416317765e-01,7.977096763926370959e-02,4.780434368182456262e-01,8.805981114000296234e-03,1.363866278685862271e-02
2.367179986533562708e-01,7.829210534065682292e-02,6.702702554674715429e-01,7.658077402645018135e-03,7.061563135870470992e-03
3.216421690393467259e-01,1.306504420359596019e-01,5.267874881163199241e-01,7.335733282598481605e-03,1.358416752577533415e-02
2.318589572082896677e-01,1.301382671731762530e-01,6.246835108141096660e-01,6.097045902616480412e-03,7.222218901807911200e-03
2.276403568327918792e-01,1.306000829871758473e-01,6.304878567806577738e-01,7.679413706173031894e-03,3.592289693201617881e-03
4.104435053112268084e-01,1.419082439571333343e-01,4.290802577072584389e-01,6.923767337072304039e-03,1.164422568730913606e-02
4.502124992303889184e-01,1.042513944476471943e-01,4.340098717538255491e-01,5.735308848875493928e-03,5.790925719262859928e-03
6.337078553642615519e-01,1.029368568024914971e-01,2.464851082713651331e-01,3.177131494019467400e-03,1.369304806786242508e-02
6.301011421765596587e-01,1.105936930320109701e-01,2.482251627035768349e-01,3.395676189859043233e-03,7.684325897993476116e-03
5.598824460223359445e-01,1.060803765829692741e-01,3.232488772820902856e-01,5.016979733235856116e-03,5.771320379368592886e-03
4.011963913284901651e-01,1.581291636894755492e-01,4.170674730899763816e-01,6.242302496417670779e-03,1.736466939564028714e-02
5.288659410664872107e-01,9.369564763618516701e-02,3.578608954159457345e-01,4.934143132642722536e-03,1.464337274873920083e-02
4.929132930349346409e-01,1.298853075204002006e-01,3.460943465220770454e-01,5.108405763065977483e-03,2.599864715952223543e-02
5.771817771880920489e-01,8.878623675748427424e-02,3.114884194338737311e-01,8.862762400508802929e-03,1.368080422004099538e-02
4.432233103555091036e-01,5.451863148087599670e-02,4.481072098788910218e-01,2.496158423913968569e-02,2.918926404558416093e-02
7.606133573613853560e-01,3.216687326962051202e-02,1.847548005166864404e-01,1.128047589449276446e-02,1.118449295781481258e-02
6.596931831378499700e-01,7.127154335559836296e-02,2.402043246290902767e-01,7.120300112269913398e-03,2.171064876519146133e-02
5.094657460369023116e-01,8.276014726333491556e-02,3.813983108088558338e-01,7.109554900226563133e-03,1.926624099068049295e-02
6.307735468481646679e-01,6.400563528431979510e-02,2.803117706889255434e-01,8.518062354638733166e-03,1.639098482395120668e-02
4.222401833542667182e-01,9.084673230243900388e-02,4.510322793242648176e-01,9.081750277709245769e-03,2.679905474132016768e-02
4.737188875086427720e-01,6.532283843798106227e-02,4.121319560647160318e-01,1.077762407044819543e-02,3.804869391821194546e-02
4.160712055473325677e-01,9.493107459025593164e-02,4.341965084127812347e-01,7.910227484111638507e-03,4.689098396551870385e-02
2.649701747510314620e-01,5.116791420875477919e-02,6.116067823557420624e-01,1.659214434353606382e-02,5.566298434093572972e-02
3.915052109921657864e-01,7.180751557984629829e-02,4.412575056963269349e-01,9.387510445614552154e-03,8.604225728604629475e-02
3.376277776885818205e-01,9.309255425239271187e-02,5.044649260529175949e-01,1.080427970451506778e-02,5.401046230159282924e-02
2.824781414949558145e-01,2.035797006779757334e-01,3.119089704631903270e-01,3.033312941268778880e-03,1.989998744226093297e-01
5.683006092696456513e-01,1.132693832260702749e-01,2.696261784098280545e-01,6.430190645020263454e-03,4.237363844943583396e-02
5.963989015776683944e-01,1.708187005446229756e-01,2.043378892633911648e-01,3.739863721638315465e-03,2.470464489267925473e-02
4.773356416342273145e-01,1.677486682688597852e-01,3.390495906156339445e-01,3.688373300557997326e-03,1.217772618072102304e-02
5.713302176244910990e-01,1.035878211367883828e-01,2.980614549118091872e-01,5.353617320372092321e-03,2.166688900653931590e-02
3.888959693914027516e-01,1.038132979261703198e-01,4.781741295572188855e-01,1.602142997274584590e-02,1.309517315246217298e-02
3.692018682266560159e-01,8.803627573713046495e-02,5.146031055500057683e-01,2.138257013534749021e-02,6.776180350860283239e-03
5.765946732808971964e-01,5.761730830654362978e-02,3.445826657764892165e-01,1.450583508530566348e-02,6.699517550764337234e-03
3.568737653186597747e-01,1.544654750570715607e-01,4.736185098688277528e-01,6.259271788638190621e-03,8.782977966802668277e-03
5.268426801539611848e-01,1.294816869627821443e-01,3.183751410521051817e-01,5.430228290002343805e-03,1.987026354114915239e-02
3.999883959648235510e-01,1.810784667257916980e-01,4.048850336093029467e-01,4.639765554868410455e-03,9.408338145213317530e-03
3.890305284270970110e-01,1.167040819872474516e-01,4.809135084981986386e-01,6.932778179194316187e-03,6.419102908262415245e-03
4.022270516117898986e-01,1.160857689704391238e-01,4.730935756593829811e-01,4.559857966386063680e-03,4.033745792002011755e-03
2.771989883793485876e-01,1.103721467026970576e-01,5.978174361595341990e-01,6.899631905303848199e-03,7.711796853116240774e-03
3.232215668996449853e-01,1.815623357579524144e-01,4.797446645394096709e-01,3.756739560001217532e-03,1.171469324299177078e-02
6.613280782867791974e-01,1.169901245493435021e-01,2.027451576609936856e-01,3.213496870021201931e-03,1.572314263286243852e-02
6.268303215584118959e-01,1.222824149846983288e-01,2.345445237342111411e-01,5.740918925312986192e-03,1.060182079736561242e-02
3.293454688553770771e-01,1.221749254768463994e-01,5.298475874745117720e-01,1.113951385621810009e-02,7.492504337046684490e-03
3.816439504803574856e-01,2.214748243056594568e-01,3.714137531909028067e-01,5.049640116203318006e-03,2.041783190687683491e-02
2.129947742416231915e-01,1.311506116757589213e-01,6.367203580345910385e-01,6.189227184920540088e-03,1.294502886310621402e-02
1.752713988541287349e-01,1.091105835830981780e-01,6.778538643653118090e-01,6.617920832844505392e-03,3.114623236461661407e-02
1.528981897533845113e-01,7.951187361322538394e-02,7.310987277315866839e-01,8.219641076971460208e-03,2.827156782483196407e-02
1.270430085463535586e-01,1.198545144890569430e-01,7.176231164644861771e-01,8.668285519632501490e-03,2.681107498047089963e-02
1.370064646006034226e-01,1.477259241491125363e-01,6.731092000443269496e-01,6.654380782301372657e-03,3.550403042365567891e-02
1.851540238375641856e-01,1.877987054593235616e-01,5.820202131159287751e-01,5.190508511106360287e-03,3.983654907607706019e-02
2.044693625832542383e-01,1.589105373294929513e-01,5.811299854409895937e-01,6.013681918909639240e-03,4.947643272735374048e-02
8.163329937008052817e-02,1.936675128959330361e-01,6.924667487918616526e-01,3.457196339576680197e-03,2.877524260254802832e-02
2.866373032608978133e-01,4.784837626724595949e-02,6.299578641281157187e-01,2.945636065240619939e-02,6.100095691334286516e-03
3.463729950216637432e-01,9.230905978331185868e-02,5.435099697542774555e-01,1.482014841163486162e-02,2.987827029112016808e-03
6.869884083136604813e-01,3.619562873586187890e-02,2.587621433777411162e-01,1.725149285803156268e-02,8.023267147049414037e-04
5.904837074435860256e-01,1.046923048796081362e-01,2.906719799929251558e-01,1.153969443066348195e-02,2.612313253217163171e-03
4.941586622750785418e-01,1.109723071150046786e-01,3.801835249100812830e-01,1.341264815296519877e-02,1.272857546870343566e-03
4.934683528248559048e-01,9.877689317829903282e-02,3.950997745693708429e-01,1.205501924758449472e-02,5.999601798896998925e-04
4.589408113187805061e-01,1.350498112618307434e-01,3.973904278290981695e-01,7.755559480004727349e-03,8.633901102858088181e-04
2.893594543823784226e-01,2.021705531294461233e-01,5.020448313286484110e-01,4.859791810098756763e-03,1.565369349428288870e-03
2.475308851641384034e-01,1.746483990132331465e-01,5.721081289256122471e-01,4.660702258028484070e-03,1.051884638987720267e-03
2.991573256864429320e-01,1.458564413904266943e-01,5.505666003699037914e-01,3.760091391002394652e-03,6.595411622241819294e-04
1.338819813852232254e-01,1.109483226809008932e-01,7.496728159877875663e-01,4.841959054941961417e-03,6.549208911464102700e-04
5.156211862335158269e-02,6.244149615846512208e-02,8.777436671843902305e-01,7.880784134578615666e-03,3.719338992143967552e-04
4.262241828095875151e-02,4.561523538694972624e-02,8.941877763560441839e-01,1.717033406747813309e-02,4.042359085692080094e-04
2.773805966252316235e-01,5.956074166338531928e-02,6.343348403690386439e-01,2.760190401242971353e-02,1.121917329914590925e-03
5.037177293993357896e-01,8.084873702541514606e-02,4.020085866354402571e-01,1.214727288584185362e-02,1.277674053966832432e-03
3.397614805763147783e-01,5.459766574314364740e-02,5.660797719573961162e-01,3.750178543933996300e-02,2.059296283805588362e-03
1.225866707104210779e-01,1.020753448266741581e-01,7.613126885188107318e-01,1.206783375482546779e-02,1.957462189268467309e-03
8.211679219312387201e-02,9.409052131687127563e-02,8.079301419459276046e-01,1.408051925403015943e-02,1.782025290047162085e-03
8.238426958708724990e-02,9.888243807394786478e-02,7.983370566736441853e-01,1.811809306763856320e-02,2.278142597682011883e-03
6.315534469528234773e-02,5.287189072000091083e-02,8.663832372514724822e-01,1.623700307225756437e-02,1.352524260986659281e-03
4.094473230993299351e-02,4.759390022367702977e-02,8.938424693962067069e-01,1.393268937467450480e-02,3.686208695508794934e-03
4.666495905938456562e-02,7.553381322848175261e-02,8.623327638396778294e-01,9.748771051378557484e-03,5.719692821077313090e-03
2.090443908813082452e-01,9.018118114718746969e-02,6.162941572346511965e-01,1.025169649573955642e-02,7.422857424111348190e-02
2.498276159213792813e-01,5.130816435007815035e-02,6.596060815784610121e-01,1.574888995136712599e-02,2.350924819871443375e-02
2.150607592480195951e-01,4.372776874976953831e-02,6.891876014146325335e-01,1.923908517670751273e-02,3.278478541087070236e-02
1.769995683851987855e-01,8.464026033748135724e-02,7.008700571165352722e-01,1.387267548066810526e-02,2.361743868011647110e-02
2.034511512839729530e-01,1.065502238342348196e-01,6.293992487744444198e-01,1.036171424092484881e-02,5.023766186642290160e-02
1.257486449378762416e-01,1.518899845441562813e-01,6.839752192690724542e-01,6.924207974325670423e-03,3.146194327456942885e-02
1.814132812569286823e-01,1.742391975604422327e-01,5.965451462556512485e-01,7.854965378840611870e-03,3.994740954813723322e-02
1.230301642599468809e-01,2.371481056366115669e-01,5.464945827912151000e-01,4.971866710946582987e-03,8.835528060127972871e-02
1.417845784042256196e-01,2.191128697690787608e-01,4.034818203746444176e-01,4.430283174827644686e-03,2.311904482772235148e-01
1.663746514905838636e-01,1.767026706935966862e-01,5.601422806778795227e-01,7.031449198321793395e-03,8.974894793961814277e-02
1.820313859643135079e-01,1.570573492325825216e-01,5.761246638260324460e-01,6.024673114634627666e-03,7.876192786243690902e-02
1.589022261742078224e-01,1.235181346092353999e-01,6.638587156288363600e-01,8.343553945169411568e-03,4.537736964255097150e-02
1.981025417928281296e-01,1.609915044422955965e-01,5.364673327326187069e-01,6.592682359607074903e-03,9.784593867265044265e-02
2.303962825241069323e-01,1.577471749473705609e-01,3.958405721648065589e-01,4.238994745346353482e-03,2.117769756183695840e-01
1.556948137673679622e-01,2.080430966214505961e-01,3.351323512901983603e-01,2.328292141680086969e-03,2.988014461793029874e-01
4.346501276912248524e-01,1.452869196724765610e-01,2.879250542315810457e-01,3.700640260384234839e-03,1.284372581443332662e-01
3.306316853267228240e-01,2.365174770078399269e-01,2.736157604054316184e-01,1.893719438301468124e-03,1.573413578217041364e-01
2.757165552512450546e-01,2.470030892530375166e-01,3.073992799981918878e-01,2.117212832645189169e-03,1.677638626648803866e-01
4.093320802812496217e-01,1.545770691212204895e-01,2.530907125210893893e-01,2.875491348881665729e-03,1.801246467275587904e-01
4.327867112402108418e-01,1.120909954961624849e-01,2.071898143752567700e-01,4.727223722709398418e-03,2.432052551656605222e-01
5.275354596907602112e-01,9.203503966358592137e-02,1.712665425267379804e-01,5.369613581407056691e-03,2.037933445375088581e-01
3.836277389821359796e-01,1.487008578668018444e-01,1.262440166603403524e-01,3.233709815614702054e-03,3.381936766751070800e-01
3.672406910348502973e-01,1.297600156792320658e-01,3.014800049540637406e-01,7.377307923155905500e-03,1.941419804086978451e-01
4.137492628364200509e-01,1.354838740273229536e-01,1.531689862060438279e-01,3.820058936617505650e-03,2.937778179935955913e-01
1.812173824913337894e-01,1.398078916579888198e-01,7.934344809288257361e-02,1.186432056163348779e-03,5.984448457016317002e-01
2.287355030570268621e-01,1.426290161570942794e-01,1.409293731339688605e-01,1.856153134394565281e-03,4.858499545175153922e-01
1.743430702297780466e-01,1.886299244384340990e-01,3.329578343578520894e-01,3.470891521079493610e-03,3.005982794528563318e-01
5.001293923142400288e-01,1.395105404375067970e-01,1.120112118783155725e-01,2.835315281141613172e-03,2.455135400887960284e-01
2.935850691754747777e-01,1.705648446291346820e-01,1.036393114793236758e-01,2.391159348355080365e-03,4.298196153677119047e-01
2.662355113853707156e-01,1.830143375026456187e-01,1.113381566654606109e-01,2.808764571819034449e-03,4.366032298747040130e-01
3.047591333479975351e-01,1.864670680367463973e-01,2.152923657984983086e-01,4.437433031372482913e-03,2.890439997853851972e-01
2.664789010794936241e-01,1.507772641474352249e-01,3.890353697858242032e-01,7.153928269564428441e-03,1.865545367176824898e-01
4.159223154706660486e-01,8.505679287821012180e-02,1.732634143876562449e-01,4.986853346102710152e-03,3.207706239173649387e-01
3.897024082832816205e-01,1.415313393395726815e-01,1.543426792936969938e-01,4.673914793895359542e-03,3.097496582895533090e-01
2.381729787218642147e-01,1.782734403186830019e-01,3.037754756664148292e-01,7.932536462261175966e-03,2.718455688307768181e-01
1.533062215456222066e-01,2.102855493642342977e-01,3.124699585385199985e-01,6.378620152064322715e-03,3.175596503995592457e-01
2.824738840043367061e-01,1.521821051987724549e-01,3.040053345000400253e-01,6.833971795118776692e-03,2.545047045017321818e-01
2.118832099441731176e-01,1.437092990470217324e-01,2.627692176957727721e-01,6.242444850008426263e-03,3.753958284630240505e-01
2.689159990154624258e-01,1.384451070520817950e-01,2.446086419130613365e-01,6.323832842240501885e-03,3.417064191771538306e-01
6.584248401160355257e-01,8.606934554618862754e-02,7.920793246109933405e-02,2.292888208830851354e-03,1.740049936678457199e-01
6.675861684913956262e-01,8.381941337584523921e-02,9.289777517307092058e-02,2.521752325794499386e-03,1.531748906338938343e-01
5.303855191123382218e-01,9.217495582607508620e-02,1.502693507824080510e-01,5.699999621991256975e-03,2.214701746571872965e-01
4.116116843410449477e-01,1.706039051986536492e-01,2.416983804938211966e-01,4.845312405975826797e-03,1.712407175605043796e-01
2.844763590427210609e-01,2.131133644174900976e-01,3.675910618269186414e-01,4.195017978382508360e-03,1.306241967344876909e-01
1.779513862051931850e-01,1.254211456572243977e-01,6.483871558975582428e-01,9.659248580011176727e-03,3.858106366001308463e-02
4.098376743595431582e-01,6.999855462720698529e-02,4.245511743411592986e-01,1.470144940137215091e-02,8.091114727071850588e-02
4.747600104270662813e-01,6.035739664732810844e-02,3.810977923478365836e-01,1.745052936798253268e-02,6.633427120978652169e-02
2.048799372204545555e-01,5.719057638760331047e-02,6.841255223757529702e-01,2.360800099661884699e-02,3.019596301957045911e-02
2.499207734310867068e-01,1.118950999673351543e-01,5.630740207407036735e-01,1.106379716833439872e-02,6.404630869253996606e-02
4.282115132210095321e-01,5.586015564121035032e-02,4.517877381177999307e-01,1.461664085514566974e-02,4.952395216483463508e-02
3.028098907288676589e-01,6.150206677027526825e-02,5.685662502860072687e-01,2.411869574743083153e-02,4.300309646741909408e-02
1.494372843989776045e-01,5.996017336122450719e-02,7.464495920010848495e-01,3.050369570519750190e-02,1.364925453351544318e-02
2.179163851948894837e-01,6.959656687604014180e-02,6.538586499878350500e-01,2.851943804450239248e-02,3.010895989673286616e-02
4.205542311691622404e-01,6.920046210060276648e-02,4.284416391887572728e-01,2.254544603774803410e-02,5.925822150372975911e-02
3.668958707890379589e-01,8.848482134324139881e-02,3.608357448371865561e-01,1.154080172668636717e-02,1.722427613038476635e-01
2.723479913591466683e-01,1.026092386998492534e-01,5.196940417783568744e-01,2.420998010995199096e-02,8.113874805269537249e-02
2.798901988611122160e-01,6.319296751637823450e-02,6.058106853411886483e-01,3.732703277169317768e-02,1.377911550962780500e-02
4.574890579064562202e-01,8.045536680073255009e-02,3.613345320611855982e-01,2.117354158267032230e-02,7.954750164895521558e-02
4.256222017458630158e-01,7.261468349222674479e-02,4.438296070421681172e-01,3.252839579103812551e-02,2.540511192870391691e-02
2.455461423865383797e-01,4.156469790588709218e-02,6.275090491336836607e-01,6.594614311971906673e-02,1.943396745417183200e-02
2.129566999868983124e-01,7.801342231605644384e-02,5.905790404221559209e-01,3.299172871678449775e-02,8.545910855810487372e-02
2.142971982995092728e-01,7.146870630924943846e-02,6.287760989432913394e-01,5.127624024795648244e-02,3.418175619999341830e-02
3.128899680827221808e-01,6.575525478617440245e-02,5.515927095227782795e-01,5.429495506771977315e-02,1.546711254060536764e-02
4.203491802733771432e-01,1.233457053642207091e-01,4.096159260477329478e-01,1.322116167718087772e-02,3.346802663748830314e-02
6.860715808640264202e-01,6.127207290350802915e-02,1.994636893260542387e-01,1.269064459655719693e-02,4.050201230985416706e-02
4.880116769677153021e-01,6.506725593235918037e-02,3.817200462740725775e-01,4.308431467313460911e-02,2.211670615271837254e-02
3.785725617807175758e-01,1.051998134679167224e-01,4.670187070733380352e-01,2.990202932008322739e-02,1.930688835794460226e-02
3.860746211105958725e-01,1.210913027271737219e-01,4.501129810946881138e-01,2.685212353862844945e-02,1.586897152891397419e-02
4.147813298337063581e-01,9.462727376613838670e-02,4.411411856880693150e-01,2.955301427385987820e-02,1.989719643822609324e-02
1.886002549157153596e-01,4.401299585579028506e-02,6.648033284691153844e-01,9.582448242756749779e-02,6.758938331811555587e-03
1.775297414446763422e-01,7.398903530459809141e-02,6.634145708103685868e-01,6.910550218495788155e-02,1.596115025539920906e-02
3.390139399368026218e-01,1.399801123929659830e-01,4.379989908785427155e-01,3.867372564725642115e-02,4.433323114443223079e-02
2.284564217302889333e-01,1.818768723591207559e-01,4.729183909691204168e-01,3.382882602987673237e-02,8.291948891159320323e-02
3.516605357709408630e-01,2.036907112476877557e-01,3.083533961312450167e-01,1.720965674065351100e-02,1.190857001094729195e-01
5.198451485861920185e-01,8.162158302198942172e-02,3.312272235983966251e-01,2.249297131531991997e-02,4.481307347810209452e-02
3.825114639939115047e-01,6.577953293306691707e-02,4.827324435921935275e-01,4.686712194055441677e-02,2.210943754027360278e-02
1.837028955807811503e-01,5.324980885201982539e-02,7.080028599943258838e-01,3.790001227586105303e-02,1.714442329701211520e-02
1.800473495227525311e-01,7.592420793414013380e-02,6.858158066852769741e-01,4.558223945371553398e-02,1.263039640411475067e-02
3.225332920569389805e-01,8.886179102661818929e-02,5.224520169843045458e-01,4.366113815407762777e-02,2.249176177806074678e-02
4.688677436259182651e-01,1.135258244314676090e-01,3.641368583183044461e-01,2.348738800820308892e-02,2.998218561610654573e-02
4.870186355814608570e-01,1.152825838893842408e-01,2.871567299165090903e-01,2.005965675641650445e-02,9.048239385622923459e-02
5.754253323524444186e-01,1.011708113868885345e-01,2.146109873047833960e-01,1.727061613497023543e-02,9.152225282091340508e-02
5.505644947784357202e-01,1.288928432663526968e-01,2.366183869483477475e-01,2.087970505638158530e-02,6.304456995048229873e-02
2.324054020467237469e-01,8.467130955656451685e-02,5.832319549506130851e-01,7.823814152956647117e-02,2.145319191653221810e-02
4.022096556993291494e-01,1.412592553560810260e-01,3.821911154303254121e-01,2.760851228935891355e-02,4.673146122490544341e-02
4.127146216512396215e-01,1.873227873948148103e-01,3.123755789158850216e-01,1.862694611027842020e-02,6.896006592778215760e-02
1.676769413012749455e-01,2.907269627268910805e-01,4.707385414969527671e-01,1.412037732688753260e-02,5.673717714799360323e-02
3.422268709774728412e-01,2.738434358362028531e-01,3.279086599959316062e-01,7.172040048327102055e-03,4.884899314206549159e-02
3.838515234158687561e-01,2.327451624769266147e-01,1.495628178070138037e-01,2.883630406126273544e-03,2.309568658940644725e-01
4.854994445302249217e-01,1.911554433830731647e-01,1.050129471710867374e-01,1.723257646452608849e-03,2.166089072691625428e-01
3.809001301278265306e-01,1.494954186161813470e-01,3.390558203128606340e-01,8.150229424086991373e-03,1.223984015190446029e-01
3.908221833328086037e-01,1.519197262582645536e-01,3.299405243284934675e-01,9.106562615928303489e-03,1.182110034645051377e-01
3.248838843200858584e-01,1.423722457944154307e-01,3.174415371204619696e-01,1.014185459776270094e-02,2.051604781672739797e-01
2.434166712369102981e-01,1.852792063191602556e-01,4.757092952848867573e-01,7.370261502471204748e-03,8.822456565657159355e-02
3.244574647018065860e-01,1.704651982699953161e-01,4.132325909683350895e-01,1.229235836314516127e-02,7.955238769671779675e-02
2.486183318689154653e-01,2.310492690155449558e-01,4.157658898034342076e-01,7.317336487834009105e-03,9.724917282427138210e-02
2.154545061244022841e-01,2.760947256502560010e-01,4.200981371478672011e-01,5.309745922248561636e-03,8.304288515522596781e-02
3.911958322064683635e-01,1.702127699418890527e-01,2.326440828389383653e-01,6.193968228417987866e-03,1.997533467842862454e-01
6.103244945990015102e-01,1.509470975792462089e-01,1.338917406963782697e-01,3.758574227643903930e-03,1.010780928977301624e-01
3.830661251206370910e-01,2.140929313018871405e-01,1.828529544382558880e-01,3.778622611597346696e-03,2.162093665276225707e-01
3.767345404454154889e-01,2.209162680902576337e-01,2.620026717647279124e-01,6.282754416692823245e-03,1.340637652829060611e-01
7.390498162677103799e-01,9.737953397460288874e-02,1.065298370142181983e-01,3.615273234156785118e-03,5.342553950931173967e-02
6.345731301667388857e-01,1.442090763620197114e-01,1.614103480721306438e-01,7.190284984034491823e-03,5.261716041507634445e-02
5.465955520868159834e-01,1.499494263115915549e-01,1.095107955190510879e-01,3.453178430920551302e-03,1.904910476516209206e-01
3.289046802715456241e-01,2.558113477559632032e-01,2.428700155528188964e-01,5.623229473502950812e-03,1.667907269461692821e-01
1.934041452494072444e-01,2.113311702318402818e-01,3.761953860068586453e-01,7.574356097547937580e-03,2.114949424143460488e-01
2.745864209749662721e-01,1.889325375793553252e-01,2.125033962300933998e-01,5.316549763545220381e-03,3.186610954520397443e-01
3.182127914384743073e-01,1.729900595632266613e-01,1.441022075528314295e-01,3.963903271664463018e-03,3.607310381738031979e-01
1.710820148625102899e-01,2.039769264650351799e-01,3.260995758705539371e-01,5.781063476250092661e-03,2.930604193256504675e-01
1.936466423305686912e-01,1.862662559119522554e-01,2.637609608209415812e-01,3.819695749890892559e-03,3.525064451866465887e-01
2.548724995869470766e-01,1.509619020824181923e-01,1.379250025201393670e-01,2.579788149367743394e-03,4.536608076611275409e-01
2.366237211971191357e-01,1.444913450907556185e-01,9.429111154190458755e-02,1.770420204000485321e-03,5.228234019662201248e-01
2.523612980022461039e-01,1.641101203855429569e-01,1.127127952602725580e-01,2.241694539862289660e-03,4.685740918120760989e-01
2.371379208864957400e-01,1.609090049965744285e-01,3.708513748192702186e-01,4.161629562622914426e-03,2.269400697350366924e-01
1.842174432870652134e-01,2.243200121338112529e-01,2.089086424877123760e-01,1.965177677679240658e-03,3.805887244137319270e-01
2.996704756810555370e-01,1.791304645819268571e-01,1.585585479641619389e-01,2.455196845885167234e-03,3.601853149269704235e-01
3.322305396691038748e-01,1.900102080829561002e-01,1.732751697667845869e-01,3.752283394368501317e-03,3.007317990867869884e-01
2.577594544344807836e-01,2.598519293850768408e-01,2.835894639409929918e-01,3.955591539736000306e-03,1.948435606997133973e-01
3.952722930060674766e-01,1.411796390894044795e-01,2.711320175153928425e-01,6.447810678671077669e-03,1.859682397104640839e-01
3.697313314922356375e-01,1.242055682846193304e-01,1.923804045885333658e-01,4.597160835002184025e-03,3.090855347996095959e-01
3.781019602578862271e-01,1.212341553945395223e-01,1.785256872146852858e-01,4.065207424930484398e-03,3.180729897079583868e-01
3.537248734603565259e-01,1.662544171307423768e-01,1.943336452690141158e-01,3.427297862076641999e-03,2.822597662778103533e-01
6.113638803063782268e-01,1.175544176843903998e-01,1.589553743042328715e-01,4.050163808711203760e-03,1.080761638962871724e-01
5.388449803558174045e-01,4.881667937423757320e-02,3.056729668527140009e-01,3.949887149715999857e-02,6.716650192007106446e-02
8.325120963511266625e-01,2.155685885787645556e-02,1.003673762607776715e-01,3.248195122400159701e-02,1.308171730621761862e-02
8.160519012883362677e-01,1.542675105264368525e-02,1.048000965602658430e-01,6.111367066381974411e-02,2.607580434934299481e-03
8.581966602503496855e-01,3.170779242200121029e-02,8.628395975518472760e-02,1.607652886763493577e-02,7.735058704829662034e-03
9.443565374879161478e-01,1.706086520807149551e-02,2.615341978779302592e-02,4.106144643949484821e-03,8.323032872270012469e-03
7.467255376252565080e-01,3.069133631944009205e-02,1.553207113381128157e-01,4.212662590983104471e-02,2.513578880735944585e-02
4.603342041275653718e-01,6.197334376483366880e-02,4.125724821846133428e-01,4.188922623339085688e-02,2.323074368959686734e-02
6.110903777614383747e-01,7.983234418713634761e-02,2.676543325933995465e-01,1.706753648349160560e-02,2.435540897453408737e-02
6.264401142054204508e-01,9.426508867547843395e-02,2.235018603615044064e-01,1.813588659402812914e-02,3.765705016356869078e-02
6.258061356560817856e-01,3.677560362035262737e-02,2.444586249041666715e-01,6.409848053987952932e-02,2.886115527951926135e-02
8.480527593495761352e-01,1.865532426178367550e-02,8.871268639271101542e-02,3.416854843725750795e-02,1.041068155867165210e-02
9.647544362658035944e-01,7.040491600108230753e-03,1.486418674002372257e-02,5.597736194361696734e-03,7.743149199702798954e-03
9.830755706398690563e-01,6.752481425256472679e-03,6.066428931176378637e-03,1.153762797529794392e-03,2.951756206168492259e-03
9.901996231893371858e-01,5.844090587329690660e-03,2.563671735396893560e-03,3.418987247466109087e-04,1.050715763189681616e-03
9.891943593098111442e-01,7.519628086844052338e-03,2.367510576579664842e-03,2.833430440321141374e-04,6.351589827330186930e-04
9.834070778605702445e-01,1.218066251257902619e-02,3.230548332916352225e-03,2.520619163964411911e-04,9.296493775379718622e-04
9.928548542363906382e-01,4.653777284385244087e-03,1.656177046940685710e-03,1.265798170379505425e-04,7.086116152454894788e-04
9.933999822598325036e-01,4.514192624431304611e-03,1.261893452306279062e-03,9.779754131519809569e-05,7.261341221144989840e-04
9.907277619938408275e-01,7.101018111474799617e-03,1.374178951442413558e-03,7.700637935684491561e-05,7.200345638852281545e-04
9.932940674780657009e-01,5.172173286242239508e-03,1.123267957819963376e-03,9.014435559297652846e-05,3.203469222791585332e-04
9.950663983300620519e-01,3.904238632838237088e-03,7.278226628875402544e-04,6.739828363731203639e-05,2.341420905748240442e-04
9.937265458392132711e-01,5.065931612818642266e-03,7.828218676748007745e-04,7.649707579747780112e-05,3.482036044959916201e-04
9.804360484245090435e-01,1.652861881664928131e-02,2.222622013411032320e-03,1.275228994888320268e-04,6.851878459417479368e-04
9.569365121624482384e-01,3.331959207409271317e-02,8.498001175358749909e-03,4.898931351009982397e-04,7.560014529992720601e-04
7.867476490902827191e-01,1.588260445456908809e-01,4.889545350616972957e-02,1.177218628861002826e-03,4.353634228995610991e-03
8.966571608041149499e-01,5.327607918830185030e-02,4.401907656315915546e-02,2.978478936106766870e-03,3.069204508317162523e-03
9.793028702394911411e-01,1.030132937451523276e-02,7.938663441444265140e-03,1.077234440025091064e-03,1.379902504524243689e-03
9.721554446249588421e-01,1.288903010545453497e-02,1.097901401900324911e-02,2.069538789116038245e-03,1.906972461467412944e-03
9.196018161526362533e-01,1.687513847824534396e-02,4.773822480413438679e-02,1.040701892945779250e-02,5.377801635526330976e-03
7.379956757041322701e-01,8.698842399701522954e-02,1.062045386180608120e-01,4.590977832562785632e-03,6.422038384822879864e-02
8.323939848153378840e-01,6.817886745272949689e-02,7.470890942311421423e-02,3.808811151704292412e-03,2.090942715711402444e-02
9.602644652931541236e-01,1.306710631648820911e-02,1.878038906209853615e-02,2.767696704318225748e-03,5.120342623940963948e-03
9.632359367149314622e-01,1.211857630581661058e-02,1.730757244006840903e-02,4.931946082364422994e-03,2.405968456819044480e-03
9.717565716062273040e-01,1.454158228795413010e-02,1.022628726763823853e-02,1.636342622746889477e-03,1.839216215433558651e-03
9.695673576071925925e-01,8.808444205057011644e-03,1.609109399794060938e-02,2.302085678632345787e-03,3.231018511177396850e-03
9.166830333830063848e-01,1.278749566441756552e-02,5.103298905178108719e-02,1.577467041474218956e-02,3.721811486052968923e-03
9.320440469584833076e-01,1.437414351928967444e-02,4.495722113256134245e-02,6.852986784513469959e-03,1.771601605152135902e-03
9.935961364794492212e-01,2.770402674831006981e-03,3.105587359024662361e-03,3.383056800510032564e-04,1.895678066442133892e-04
9.986658934202402582e-01,8.134769943106388585e-04,4.456440174294296758e-04,2.823643603818786179e-05,4.674913198158638149e-05
9.983856260248971104e-01,1.119353986230058138e-03,4.266705305845169480e-04,1.913925700567434884e-05,4.921020128277939611e-05
9.977863157143315176e-01,1.580122438313650342e-03,5.654044262495645443e-04,1.913522917997920593e-05,4.902219192527424970e-05
9.947495024564471100e-01,3.119194815628468891e-03,2.022223455627383121e-03,4.407040529057661539e-05,6.500886700635555586e-05
