6.579386481049149804e-01,8.859029785017086267e-02,1.932550739761473013e-01,3.998436177740349179e-02,2.023161829136326667e-02
8.652828837083431646e-01,5.705980642317608209e-02,5.045658746598205568e-02,7.186092872079890767e-03,2.001462953041882945e-02
9.737766923550620346e-01,1.012263917593995456e-02,2.279470926858580358e-03,1.999640466258014576e-04,1.362123349551369947e-02
9.783012895983956847e-01,1.332152751386104020e-02,1.663848987789169794e-03,6.123830899970346810e-05,6.652095590954362064e-03
9.807787912735463909e-01,1.450117871657724891e-02,2.800543188794234976e-03,4.899008220433402811e-05,1.870496738877844680e-03
9.890702236907106260e-01,9.246815634101330714e-03,9.734279322551988353e-04,2.176956035872219670e-05,6.877631825741205166e-04
9.939012173335428635e-01,5.114012479998600140e-03,6.988214106576746097e-04,1.597800275565536897e-05,2.699707730452293570e-04
9.970087962055091957e-01,2.480745581501444565e-03,3.658416667475432402e-04,1.470920163081857254e-05,1.299073446110858305e-04
9.975362152815790973e-01,1.985030528476951044e-03,3.466605791196818338e-04,2.305375264595299877e-05,1.090398581781772407e-04
9.925777550312211428e-01,5.070571543542453513e-03,2.087515775625278271e-03,1.122055700154623355e-04,1.519520795957303005e-04
8.996172090384255693e-01,6.002781623738049493e-02,3.892572431569858021e-02,6.423714025368015054e-04,7.868790059585282527e-04
7.033685020970180668e-01,1.824701798593689750e-01,1.120825018434454118e-01,7.663804479592975765e-04,1.312435752208210033e-03
4.140360945412506211e-01,3.693791022201364238e-01,2.132148614415911858e-01,9.096008360338285297e-04,2.460340960987843217e-03
2.492973938292976088e-01,3.614868205086405051e-01,3.829533372596539698e-01,1.559103575036437355e-03,4.703344827371497630e-03
3.888554605235271522e-01,2.535840720362189105e-01,3.505590779630962661e-01,2.064311214735251379e-03,4.937078262422466696e-03
3.930043541920364425e-01,1.951847027596761708e-01,3.954443433000038310e-01,4.994148889253400420e-03,1.137245085903030098e-02
4.158833394599552036e-01,3.113691505799525694e-01,2.380986279109941484e-01,1.478508115217578222e-03,3.317037393388044125e-02
5.653092440598515012e-01,1.588730811460768166e-01,2.375613278812318818e-01,2.639635952036036796e-03,3.561671096080368942e-02
8.567366796953630459e-01,4.288505335786992750e-02,9.228994332099059450e-02,3.956154752099699280e-03,4.132168873676888947e-03
9.619930101895290964e-01,1.568450012928036125e-02,1.911707150061696739e-02,1.182011981088903216e-03,2.023406199484550135e-03
9.326333044716609288e-01,1.989916740299476489e-02,4.352624924790299277e-02,3.154336455421068251e-03,7.869424220201711980e-04
9.523876186862575421e-01,1.734741091802424404e-02,2.733528124713093671e-02,2.320475071136491024e-03,6.092140774508539563e-04
9.332212189507252953e-01,2.375099597861102946e-02,3.853953004809377442e-02,3.996932019422420185e-03,4.913230031474417241e-04
7.715922946599338417e-01,5.057536623142234317e-02,1.681924625337034851e-01,9.011992814172383945e-03,6.278837607677690722e-04
6.339503425052721575e-01,5.375679876516855499e-02,2.873854566242765030e-01,2.372921077305070042e-02,1.178191332231974661e-03
8.872636945744424297e-01,2.365459508495899865e-02,8.200531398759407231e-02,6.696871893972859355e-03,3.795244590316582318e-04
9.018586110000038625e-01,2.128653378916879266e-02,6.733089283441620609e-02,9.108385107668410738e-03,4.155772687427526971e-04
8.736648100518016324e-01,1.188285917638647569e-02,8.440173283807884952e-02,2.976435859744249943e-02,2.862393362904076658e-04
7.368302143313071317e-01,2.803300825526240658e-02,1.890726732713141345e-01,4.555390750821172036e-02,5.101966339046000139e-04
9.307894732925448000e-01,1.237695054399801792e-02,4.565852347205678896e-02,1.081910837553957776e-02,3.559443158609634349e-04
9.019563581850248424e-01,1.483792853124715067e-02,6.113348547083177764e-02,2.132681458343574019e-02,7.454132294604864191e-04
7.183079777104274255e-01,2.108351930326639312e-02,1.647414336164751414e-01,9.515767801692871786e-02,7.093913529022053679e-04
8.856862083680644426e-01,1.894838514666081358e-02,7.541728534679066620e-02,1.939241956049980037e-02,5.557015779844862516e-04
8.049702011234802779e-01,5.371206400051009577e-02,1.244558744389300670e-01,1.540036694304338337e-02,1.461493494036147185e-03
5.528841840913606420e-01,1.311799993512597906e-01,2.913984202170292748e-01,2.072616806647744822e-02,3.811228273872955836e-03
4.654410282316436276e-01,1.288272627014519223e-01,3.832278920324866944e-01,1.633873576743996581e-02,6.165081266977832410e-03
4.172907118946042049e-01,1.522983447377102284e-01,3.817625140892063618e-01,1.979452144214673484e-02,2.885390783633228276e-02
3.940933830610968691e-01,9.105489352811786674e-02,4.235228666096757522e-01,6.782695666319546457e-02,2.350190013791398497e-02
1.967868987289257687e-01,5.511525364991092663e-02,6.401569702852434318e-01,1.029870020380835582e-01,4.953875297836346676e-03
3.775625436693572645e-01,6.452180207475848028e-02,4.753029597339024637e-01,7.561867450113303468e-02,6.994020020848696131e-03
4.975063390741941705e-01,9.621920162327078641e-02,3.626375751243761658e-01,3.926266372186935916e-02,4.374220456289543320e-03
3.149982572645207979e-01,7.865514114118996036e-02,5.324855507110264341e-01,6.934191944103508531e-02,4.519131442227691982e-03
3.147604424143963797e-01,1.048790923705357203e-01,5.261942456449402172e-01,5.055434685877652906e-02,3.611872711351105103e-03
3.334865185949801858e-01,6.527615219200505470e-02,4.874922691793899254e-01,1.116770915462468733e-01,2.067968487377973372e-03
2.907892436798238389e-01,1.503606476716842777e-01,4.983517153366602837e-01,5.062542880378308185e-02,9.872964508048483190e-03
3.852188725693508897e-01,2.418613546912754264e-01,3.513115112070209767e-01,1.263746598315166128e-02,8.970795549201092747e-03
1.940430410741190714e-01,3.016908404984960934e-01,4.820480766290824448e-01,5.485757842876964364e-03,1.673228395542551011e-02
2.183627717356318998e-01,2.005552593588554033e-01,5.486514022982885708e-01,5.289733446866326516e-03,2.714083316035766774e-02
2.759373180471287323e-01,1.260677529438831990e-01,5.475117575481344145e-01,7.587207158421340608e-03,4.289596430243227537e-02
4.759786823535275824e-01,9.077851387005581030e-02,3.900603084160337297e-01,8.526040823424958781e-03,3.465645453695796047e-02
4.659752901706844530e-01,1.042916287242473677e-01,3.419580528446531931e-01,6.698999160250943344e-03,8.107602910016394049e-02
2.284054164302125323e-01,2.152787992517248283e-01,4.137528292650449191e-01,4.403190311390936876e-03,1.381597647416268060e-01
4.888356227743491100e-01,1.159793002818948066e-01,3.205429704902340582e-01,5.307028459590695454e-03,6.933507799393133497e-02
4.401252597060538729e-01,1.621986583232096768e-01,1.823094567837277857e-01,2.355909109923656330e-03,2.130107160770849661e-01
4.156545140028226615e-01,1.809749067231807285e-01,1.924108366307641094e-01,2.379050334598863548e-03,2.085806923086336861e-01
3.974453287858950024e-01,1.749956148021509506e-01,1.863846434162669541e-01,2.106071093305522321e-03,2.390683419023815204e-01
3.431312807089898498e-01,1.212760536726844585e-01,2.198994153352660241e-01,5.537695527081246301e-03,3.101555547559784465e-01
1.836592898556169973e-01,1.401441047229720904e-01,2.724181644877951558e-01,5.025371217540136777e-03,3.987530697160756032e-01
4.085748790245918860e-01,8.272319228835102456e-02,2.631930124560797890e-01,9.619730191799329838e-03,2.358891860391781059e-01
3.430266848141714786e-01,4.929841689497844320e-02,2.558337664990791294e-01,1.963674784248831129e-02,3.322043839492826445e-01
2.073028631969417168e-01,7.773912448011600917e-02,2.945158225676300923e-01,1.657845143293755485e-02,4.038637383223746546e-01
1.918559589822879663e-01,6.488888071411330616e-02,3.600978785033768226e-01,2.021241540383800217e-02,3.629448663963840138e-01
1.491276508282270707e-01,8.052450293925818292e-02,2.919944246878994343e-01,1.760973295392343624e-02,4.607436885906919799e-01
7.305322045320900015e-02,6.140379093485429096e-02,1.574157677503017494e-01,6.765657437840943630e-03,7.013615634237939656e-01
7.450967414590962956e-02,5.132972483612576603e-02,1.301049465237959502e-01,4.226669296925908079e-03,7.398289851972428277e-01
1.216718300959636068e-01,7.900240244914340237e-02,1.445459790264084499e-01,3.954457574990171559e-03,6.508253308534944770e-01
2.432495269979363939e-01,5.998820723629047502e-02,2.848350235165127420e-01,7.262725735852763528e-03,4.046645165134075683e-01
2.195914205762553861e-01,7.068734054661150734e-02,2.974694046918206491e-01,1.335250006785191138e-02,3.988993341174605356e-01
2.253092747244428151e-01,1.099041413487376329e-01,3.643755146245028498e-01,9.159727075359471588e-03,2.912513422269572549e-01
2.954986545051881408e-01,8.590262640766883895e-02,2.871488242777469058e-01,1.412444352419120995e-02,3.173254512852049514e-01
2.103322433712125350e-01,1.114973875813669024e-01,3.017259162614006063e-01,1.194090911245148171e-02,3.645035436735685197e-01
2.898300578309569442e-01,1.522010964790279086e-01,2.063349645250592834e-01,1.142850426923221543e-02,3.402053768957236102e-01
2.308246144275024059e-01,1.426539208220178601e-01,3.032507131980765047e-01,8.573364281907898052e-03,3.146973872704952879e-01
2.345745407426077511e-01,9.830271482818361828e-02,4.856521490428363230e-01,2.443950195810157613e-02,1.570310934282706239e-01
1.751664248292059134e-01,6.096585550621121119e-02,5.666430740259466026e-01,3.232277789737444951e-02,1.649018677412618095e-01
1.091130274994214083e-01,1.182933999764095856e-01,5.679778970861270038e-01,1.776874122974370085e-02,1.868469342082982876e-01
1.072638582044575239e-01,7.317234278746370668e-02,5.458552619895872260e-01,2.338073027896608869e-02,2.503278067395253714e-01
8.701607836625512016e-02,7.314742105759361457e-02,6.016651642188782789e-01,2.618638212476984833e-02,2.119849542325031311e-01
9.019644840610875625e-02,8.201731193055562807e-02,5.714379324177598640e-01,2.279591359346057680e-02,2.335523936521151089e-01
4.828228276823122445e-02,8.666928501586183831e-02,6.616213035188615033e-01,1.480414027346534794e-02,1.886229884235801346e-01
6.473388560699645800e-02,7.394610214385990976e-02,6.358954707989415978e-01,1.987303392588265702e-02,2.055515075243194989e-01
1.265945653818280892e-01,8.796542074165490666e-02,5.832505931582666614e-01,2.192606497964470769e-02,1.802633557386056906e-01
3.633137898686503720e-01,7.630002673480838771e-02,3.361317720034325274e-01,2.137020954676849965e-02,2.028842018463402896e-01
1.659414308402423766e-01,8.671171397172079687e-02,5.960676392086087239e-01,2.373536148600445192e-02,1.275438544934236196e-01
1.450478614258325083e-01,1.221077658336481297e-01,5.424653624238365834e-01,1.490310304060395857e-02,1.754759072760787575e-01
1.320472067682604556e-01,1.267314674890357984e-01,4.373217575469001694e-01,1.244281317030744398e-02,2.914567550254962280e-01
1.141919489467297655e-01,1.207309997201800600e-01,5.410006152883137798e-01,1.083316268882399645e-02,2.132432733559524729e-01
7.430627947298758251e-02,8.432070242956385409e-02,7.513910906749829977e-01,7.379974104244897519e-03,8.260195331822066389e-02
1.365337089672116477e-01,9.809483892127122961e-02,7.107988936090483545e-01,7.796680142918536657e-03,4.677587835955025752e-02
2.453518862954284230e-01,1.210660725584025987e-01,5.089307417892884322e-01,1.142811468780747727e-02,1.132231846690730653e-01
2.308244455035692588e-01,2.008183530824137752e-01,4.535039908181341950e-01,6.840352325800373723e-03,1.080128582700822376e-01
2.828655519891992154e-01,2.331063675683484049e-01,2.788558937880181721e-01,3.451011013849118389e-03,2.017211756405852263e-01
2.090040014790618961e-01,2.433796429946704920e-01,2.660807541977279200e-01,3.220919815378593676e-03,2.783146815131611884e-01
1.239769152311040179e-01,2.508560327462846518e-01,1.962605385693177718e-01,1.941241428945379450e-03,4.269652720243481969e-01
1.414087979311343113e-01,1.442027998892852214e-01,1.777007985978172055e-01,2.535295003121878967e-03,5.341523085786414882e-01
1.419682086444537250e-01,1.165483955648575765e-01,1.491398608273823145e-01,2.231112086868691866e-03,5.901124228764377255e-01
7.320804717092520286e-02,1.505243257399366819e-01,1.345007839180214770e-01,1.596680518047804368e-03,6.401701626530689193e-01
6.096103987388787337e-02,1.614108390680968619e-01,1.862636008414355615e-01,1.802933168978165497e-03,5.895615870476015319e-01
6.088685435441250349e-02,1.382919621764387708e-01,2.258649574654846282e-01,2.501712641822379651e-03,5.724545133618417214e-01
7.663305377643130079e-02,1.402932040623626198e-01,2.236916869977416122e-01,3.089558936407864505e-03,5.562924962270565654e-01
1.090709897124431810e-01,7.385127375333522259e-02,2.435411970864394537e-01,6.073340397546313565e-03,5.674631990502357892e-01
1.505156293488913444e-01,6.580110308718192802e-02,2.794737509921359497e-01,7.894085622003447350e-03,4.963154309497873617e-01
1.616295628950051300e-01,6.846895582222865817e-02,2.068333626944315884e-01,5.762021722544048014e-03,5.573060968657906900e-01
3.704648310324131222e-01,4.480635811745631303e-02,2.013900117625403996e-01,6.337297429667221489e-03,3.770015016579229550e-01
2.351068927436925637e-01,1.059757356142145002e-01,1.610533619234386649e-01,3.350862246534399257e-03,4.945131474721198850e-01
2.126411187847462025e-01,1.069185357225706651e-01,1.195368309597110990e-01,2.864338983893977703e-03,5.580391755490778927e-01
3.458177891945058424e-01,6.694462506544639202e-02,1.948980345837593442e-01,5.601343599925424389e-03,3.867382075563630117e-01
2.199616144774410031e-01,1.153449930009347729e-01,4.224545436991413161e-01,6.746218954137231036e-03,2.354926298683456543e-01
1.387336051789204994e-01,1.108351741301836502e-01,1.969353712239288179e-01,2.757232150502063588e-03,5.507386173164650067e-01
3.594952233345090065e-01,1.068632978904314051e-01,1.749986608349970441e-01,3.037476830143826401e-03,3.556053411099187045e-01
2.607142049125983907e-01,1.365126840523958884e-01,2.031793749755511358e-01,2.947014734300000549e-03,3.966467213251544943e-01
2.051744361919229098e-01,1.152445159134220937e-01,2.200749280346274428e-01,3.595459253095218029e-03,4.559106606069323608e-01
3.653793888864768635e-01,6.951104858121309737e-02,1.513771772186083275e-01,7.616836010394020806e-03,4.061155493033076214e-01
7.699238779713978298e-01,6.069908792091212313e-02,9.117655717016476258e-02,6.202234391542642104e-03,7.199824254598266582e-02
8.891951491752668746e-01,4.491286159210824969e-02,3.735534839055312112e-02,2.622902239701656833e-03,2.591373860237028079e-02
7.657030282074946959e-01,9.798615483560353667e-02,1.131278318541797112e-01,8.378027781218523595e-03,1.480495732150363675e-02
7.673603291369249790e-01,5.886662629607646025e-02,1.407556733360404988e-01,2.613900022803185286e-02,6.878371002926212535e-03
7.475069859515590665e-01,8.088326011248242464e-02,1.365736944242051387e-01,2.078157927140835901e-02,1.425448024034491577e-02
9.469629954711505926e-01,1.539553475982250071e-02,2.749856652043904115e-02,5.386734982544751082e-03,4.756168266043444073e-03
9.342666401005211840e-01,1.777579417582328403e-02,4.009246078068764985e-02,6.801195937185787639e-03,1.063909005782036994e-03
9.524585945469603576e-01,1.325489427215093170e-02,2.603445283464548080e-02,7.139216162002485523e-03,1.112842184240635723e-03
8.875746458576319053e-01,2.367938482538924777e-02,7.483109596767861804e-02,1.292386504367555068e-02,9.910083056246198323e-04
8.923878941381284680e-01,3.165514615575869967e-02,6.715300300744390938e-02,7.782180699011493306e-03,1.021775999657452676e-03
9.267323368621791513e-01,2.280484196259434035e-02,4.439717849274035094e-02,4.754540133977481695e-03,1.311102548508718017e-03
8.927380849953044928e-01,2.747031345035668565e-02,7.340523162276882396e-02,5.247188661735775403e-03,1.139181269834028129e-03
5.187733349849417142e-01,1.616629106172102204e-01,3.100032466588099611e-01,6.573241844110193702e-03,2.987265894928051169e-03
5.854644716536401283e-01,1.214147794291230986e-01,2.767366413420795368e-01,7.825728751688151505e-03,8.558378823469258226e-03
8.470602038786876342e-01,2.939290463613679349e-02,1.096344268148385370e-01,8.627038624134390071e-03,5.285426046202691165e-03
7.473016947569415258e-01,6.071676748620342262e-02,1.736150171789935526e-01,1.506442111644978182e-02,3.302099461411777456e-03
8.693014116572995720e-01,2.433843057292778625e-02,9.353775053825959251e-02,1.121918362595070336e-02,1.603223605562415941e-03
9.122924760288629864e-01,1.681354249327911624e-02,6.115032524587787205e-02,8.771020592411051670e-03,9.726356395689874116e-04
9.463813623159283983e-01,1.767752117428813413e-02,3.185536432808132312e-02,3.488437929652539460e-03,5.973142520495916411e-04
9.857568873275383003e-01,6.658616077811986035e-03,6.820151381477661950e-03,4.932168561656260141e-04,2.711283570062650826e-04
9.796459747124232065e-01,1.140284993187410528e-02,8.278932365607605953e-03,3.232461954112172248e-04,3.489967946837941020e-04
9.763856463977478306e-01,1.452905561093655908e-02,8.374091368596483370e-03,3.300804158437770129e-04,3.811262068754913703e-04
9.725208549680460779e-01,1.698685041685137759e-02,9.798622869341251651e-03,3.516214030359889010e-04,3.420503427253032626e-04
9.889469771366710127e-01,7.243324434165548768e-03,3.383352813152672427e-03,2.054611506780249246e-04,2.208844653328063262e-04
9.948302060435497696e-01,3.546354328494889536e-03,1.399969131591374122e-03,9.259910181997626382e-05,1.308713945439557078e-04
9.947859353776263847e-01,3.730075354945248771e-03,1.267196426838402461e-03,7.731547048126335129e-05,1.394773701085803049e-04
9.936387831870128196e-01,3.890276463055772349e-03,2.142759227810394837e-03,1.340857509479820352e-04,1.940953711730327976e-04
9.926511737586878326e-01,4.082308292375736239e-03,2.796320743627192518e-03,2.689152390858875314e-04,2.012819662234155264e-04
9.924515512904387160e-01,4.461736934881264417e-03,2.712167649220072370e-03,2.023291522532143563e-04,1.722149732065440678e-04
9.918467916741945389e-01,4.471164073268724115e-03,3.197766022460963534e-03,3.212835048672138516e-04,1.629947252085263876e-04
9.890463714105650617e-01,6.323293633436339635e-03,4.094223363955231537e-03,3.506990135616351568e-04,1.854125784815331625e-04
9.913003358212258975e-01,5.531535176222361974e-03,2.828837597732523045e-03,1.841687741189208371e-04,1.551226307002733895e-04
9.887378717000291362e-01,6.596188723322569600e-03,4.179380747465349932e-03,2.737476212678493061e-04,2.128112079149871536e-04
9.874299456534570973e-01,6.617319942781170819e-03,5.473720563929675154e-03,3.035376532960842129e-04,1.754761865360698328e-04
9.862465179295331064e-01,7.327202508773234153e-03,5.912385172042365633e-03,3.092443489756201798e-04,2.046500406757665344e-04
9.858685668872486652e-01,8.103231311654924759e-03,5.526621740118229514e-03,3.013456808413905990e-04,2.002343801367952047e-04
9.714823503561380580e-01,1.390133334436149080e-02,1.358840660762253641e-02,6.911260743779575923e-04,3.367836175000851404e-04
9.844170195948312996e-01,5.523007664151925213e-03,9.239326998991345338e-03,6.489705999773332391e-04,1.716751420481165541e-04
9.846542549978680725e-01,6.461946498971152253e-03,8.032155560109662668e-03,6.027203126233601988e-04,2.489226304277663594e-04
9.843319352864883243e-01,8.312447193645296564e-03,6.559432264769366611e-03,5.083619959699078178e-04,2.878232591270452187e-04
9.821514929759483925e-01,9.186275528236823029e-03,7.799299462369947006e-03,5.916287751905826989e-04,2.713032582544260105e-04
9.835699200001688514e-01,8.603330668088776320e-03,7.219186159294715271e-03,3.718677181955283399e-04,2.356954542519923163e-04
9.889756020254800717e-01,6.659051042647812398e-03,3.962472137993706608e-03,2.343504873857436117e-04,1.685243064926275570e-04
9.867089922662343193e-01,7.397189134637877431e-03,5.314959212123665164e-03,3.691523591697859594e-04,2.097070278343660815e-04
9.834306311137457346e-01,8.486194192466682204e-03,7.246259008540068512e-03,5.495180085704127505e-04,2.873976766771933365e-04
9.785127616793729555e-01,1.232846031701422505e-02,8.281821418655143513e-03,5.372873732717231088e-04,3.396692116861137504e-04
9.818592289277705554e-01,1.133996878594383320e-02,6.151199866951702691e-03,2.995682777742832864e-04,3.500341415596923975e-04
9.809018595522989159e-01,1.027873268015804323e-02,7.709654093630254404e-03,7.656401786690872780e-04,3.441134952437912924e-04
9.834481442799587469e-01,8.047535576896358567e-03,7.402305335156357177e-03,8.697937792092319672e-04,2.322210287793487074e-04
9.812623734308804080e-01,1.078142210450425652e-02,6.919552199227583036e-03,6.980142757427674344e-04,3.386379896450062202e-04
9.868791488841728299e-01,8.820773701952723880e-03,3.683458766010849934e-03,3.190174824422143231e-04,2.976011654215140914e-04
9.824468743760108591e-01,1.112191523075799042e-02,5.610533023623704568e-03,5.285826151588055022e-04,2.920947544485213553e-04
9.775661170324697613e-01,1.597867013667551156e-02,5.715036116973361280e-03,4.371916854592016832e-04,3.029850284221582090e-04
9.696459559660772776e-01,1.902150898137880061e-02,1.031335360252753908e-02,6.728865298995474536e-04,3.462949201169775388e-04
9.762834207862258751e-01,1.433394623303827810e-02,8.498922518296984224e-03,6.071777578688074013e-04,2.765327045700636025e-04
9.872959559997378509e-01,8.720636233433125620e-03,3.591528196082954209e-03,1.501824994494479516e-04,2.416970712967777266e-04
9.880548096665155988e-01,8.306982416243138129e-03,3.179837265260493286e-03,1.856341993858124176e-04,2.727364525949517362e-04
9.793426555684450197e-01,1.327409735124248681e-02,6.615782933432449997e-03,4.352856258059345702e-04,3.321785210741872471e-04
9.819083264422659996e-01,1.113985262399936650e-02,6.096398604935654789e-03,5.711691714942730529e-04,2.842531573047974878e-04
9.821252857897896371e-01,1.220783741351214730e-02,4.988469093926955339e-03,3.405468403013055907e-04,3.378608624699237068e-04
9.838753589165699642e-01,8.912931101406843665e-03,6.318289070871284038e-03,5.797907190144590325e-04,3.136301921374164549e-04
9.829671706104365914e-01,1.036496561763512389e-02,5.758815885047999759e-03,5.290220053410225236e-04,3.800258815391496553e-04
9.736372678733018482e-01,1.603217395146341873e-02,9.167150416700527160e-03,7.184362298077793911e-04,4.449715287262633523e-04
9.737595618727167279e-01,1.595123685495886470e-02,9.192199754964528249e-03,7.161320033289562178e-04,3.808695140308207181e-04
9.718094597072733931e-01,1.685331516636753499e-02,1.030291005468406476e-02,6.578423292523998206e-04,3.764727424225270303e-04
9.854929918886125018e-01,8.173755888376946221e-03,5.618504856697900847e-03,4.947636719218678151e-04,2.199836943906327330e-04
9.839531929243435782e-01,9.199744601983993186e-03,5.736829103642933358e-03,8.330797331156452549e-04,2.771536369138314975e-04
9.728836607885514853e-01,1.794242959300601167e-02,8.304180975899180459e-03,5.244477081073641283e-04,3.452809344360214540e-04
9.720049603653059256e-01,1.999917536447534672e-02,7.195198247342073777e-03,3.847459331627458364e-04,4.159200897140514705e-04
9.787125364658864068e-01,1.230658117537297876e-02,8.116268541494376515e-03,5.984736728861268914e-04,2.661401443601958856e-04
9.793095897523141913e-01,1.437603631378198479e-02,5.706821798802211819e-03,3.394617093871366465e-04,2.680904257144944348e-04
9.734341368035032138e-01,1.778446668898002112e-02,7.993397894044473179e-03,4.420771560754431268e-04,3.459214573969026448e-04
9.763839844807357116e-01,1.501949016142999950e-02,7.815084680690677355e-03,4.587450027023191488e-04,3.226956744413483230e-04
9.733894278817545320e-01,1.545500622521277755e-02,1.005936503429345069e-02,7.746398170898852620e-04,3.215610416494887012e-04
9.636742215907482256e-01,2.153530346905950174e-02,1.346522633574131697e-02,8.860420903622020670e-04,4.392065140886966708e-04
9.763390297988395750e-01,1.327533190508251720e-02,9.577617548191788913e-03,5.628008912454525664e-04,2.452198566407979272e-04
9.649174419550086146e-01,2.090637389836847576e-02,1.314373162793248950e-02,7.069010512036906068e-04,3.255514674867697141e-04
9.681751102407004650e-01,2.009009394493301709e-02,1.083457160610916056e-02,5.262819339931013637e-04,3.739422742643169783e-04
9.636415550408343744e-01,2.240462764534471851e-02,1.285709725351530386e-02,7.038886076742063716e-04,3.928314526313614894e-04
9.604159039831113853e-01,2.124813177239712886e-02,1.707453445110071119e-02,9.587724279065089339e-04,3.026573654843627849e-04
9.609791653241923637e-01,2.115584617313714250e-02,1.645856751888311389e-02,1.102569007255423767e-03,3.038519765321609088e-04
9.560213267464343634e-01,2.504107358816507270e-02,1.748458880561438999e-02,1.117060474626270809e-03,3.359503851599722826e-04
9.071381578359160036e-01,6.189985202114428597e-02,2.910339993636993500e-02,1.257816487924686907e-03,6.007737186451341535e-04
9.229358872382553702e-01,5.131600684161041759e-02,2.428456901151352168e-02,8.111893235524098283e-04,6.523475850682996418e-04
9.200546878790919481e-01,5.096745387169214492e-02,2.713434847713329032e-02,9.624159406191022410e-04,8.810938314635688960e-04
9.212350471406399732e-01,5.137009924066853611e-02,2.586535488402300076e-02,8.105146896968352596e-04,7.189840449717514606e-04
9.090107617597673606e-01,4.866283712156656283e-02,3.995214170971269491e-02,1.540308311745283449e-03,8.339510972081268410e-04
9.376878586044650188e-01,3.982512391115667488e-02,2.114676965600159955e-02,6.740404847494817567e-04,6.662073436271501040e-04
9.715377342952821182e-01,1.999241130415244788e-02,7.888970587740339394e-03,2.398558859640493300e-04,3.410279268610871069e-04
9.621937631061074914e-01,3.084721245651866894e-02,5.978617554933843975e-03,1.426540071695268875e-04,8.377528752704554906e-04
9.140733433493388738e-01,7.090533021368140842e-02,1.309700947615662601e-02,1.886479296616643128e-04,1.735669031161497441e-03
9.579160453076689397e-01,3.282714539683005694e-02,7.756221345657474640e-03,1.062472207033125874e-04,1.394340729140326014e-03
9.464146369668966496e-01,4.118962347932333956e-02,1.060650539678020289e-02,1.259621912502153422e-04,1.663271965749532882e-03
8.423965624729862212e-01,1.226934738152759830e-01,3.170202702409410933e-02,2.735213377436753520e-04,2.934415349900113337e-03
9.023562203859982755e-01,7.316759708088388381e-02,2.141912620920938259e-02,3.089861761206796984e-04,2.748070147787867040e-03
9.281091272774530943e-01,5.016515676875090562e-02,1.967418982283225537e-02,4.102731028258093434e-04,1.641253028137761721e-03
9.178462167702854391e-01,5.414224850017180374e-02,2.584737264630288314e-02,7.377147558890406959e-04,1.426447327350926272e-03
9.365391730111081170e-01,3.961354692434392727e-02,2.203097803130662016e-02,7.700578435055618291e-04,1.046244189735699801e-03
9.430475746400107662e-01,3.592591016629220757e-02,1.911836789897071454e-02,7.378898766412936641e-04,1.170257418085008955e-03
9.374049964696959947e-01,3.883215999484197073e-02,2.162666480545171951e-02,1.094740207662285884e-03,1.041438522347916873e-03
9.561525651748244981e-01,3.277518689476677238e-02,9.675333979079797642e-03,3.812410695856147677e-04,1.015672881743442382e-03
9.079742314729507546e-01,6.522079609004725886e-02,2.455865213412596060e-02,6.698561101609074465e-04,1.576464192715098080e-03
9.336886127134449431e-01,4.352197037536432306e-02,2.089232361178881836e-02,6.653149624011150389e-04,1.231778337000959903e-03
9.326391590402158815e-01,4.633897490045379985e-02,1.906527080305738323e-02,4.133318616781460082e-04,1.543263394594815820e-03
9.210570853126438529e-01,4.787731874270873683e-02,2.913442161743129075e-02,7.136895371012004193e-04,1.217484790115035695e-03
8.920619481780626137e-01,8.053479597355592268e-02,2.514384028291658316e-02,5.080564333110176032e-04,1.751359132153737248e-03
9.415516043037280847e-01,3.803338548179897166e-02,1.876909141432965902e-02,3.829574236337941274e-04,1.262961376509418206e-03
8.619636843815071670e-01,7.761282402498405342e-02,5.767164567170613571e-02,7.949883909427983694e-04,1.956857530859936953e-03
9.057214221870448778e-01,5.634289512861647559e-02,3.622980647744480226e-02,5.135813755914946880e-04,1.192294831302234074e-03
8.701767663053266988e-01,6.099649632269533300e-02,6.694824113829359047e-02,1.327964328320857534e-03,5.505319053634774844e-04
5.725534034567305586e-01,5.436508081358670114e-02,3.546429996617983527e-01,1.803035812976569105e-02,4.081579381186657327e-04
6.836045748917440879e-01,7.343280721337473727e-02,2.321454579541570862e-01,9.687539041922587149e-03,1.129620898801463828e-03
5.138153384035100135e-01,1.371468727078992977e-01,3.360345381742218529e-01,1.140527372815932153e-02,1.597976986209396566e-03
3.894785093588444824e-01,1.591060534503710988e-01,4.413099768681392754e-01,8.694376052749745731e-03,1.411084269895250196e-03
6.604830775753733896e-01,1.066899349786533668e-01,2.207138726049831245e-01,9.690586440810153301e-03,2.422528400180052905e-03
5.315786301476442821e-01,1.974011222036159419e-01,2.600906829174043366e-01,7.807896402825269602e-03,3.121668328510279061e-03
8.460013961760746160e-01,7.144772861285945964e-02,7.849984810252563783e-02,2.755892691796404254e-03,1.295134416743877123e-03
8.898071449587769965e-01,6.124203233354753861e-02,4.631844789424803543e-02,1.700277450202903207e-03,9.320973632245897322e-04
8.843548963027801912e-01,5.206086062791536601e-02,6.023386501130843784e-02,2.632551252424356926e-03,7.178268055717932673e-04
8.665215236829113543e-01,4.597939475076298632e-02,8.024116300688938219e-02,5.533553869082624525e-03,1.724364690353606677e-03
9.232458397766567515e-01,3.282433507924244209e-02,4.065020805500502848e-02,1.583868232869740629e-03,1.695748856225925191e-03
9.034923089940788410e-01,5.040656868286429171e-02,4.213763592120743640e-02,1.971688041755054795e-03,1.991798360094364836e-03
8.171013189987390568e-01,9.301596605321420241e-02,8.470019770128792147e-02,3.190899791967815625e-03,1.991617454790860567e-03
7.692584096928668513e-01,6.141650210499485785e-02,1.553505966058365273e-01,1.126586111566634657e-02,2.708630480635282507e-03
6.264718368420797434e-01,4.115158190572750646e-02,2.896717942949132429e-01,4.011539113826870229e-02,2.589395819010745486e-03
7.141008448627389482e-01,3.020818363518824531e-02,2.168029803892484175e-01,3.720139518419372099e-02,1.686595928630619818e-03
6.111943212208954535e-01,3.767862091083642312e-02,2.988320798321258964e-01,5.048357048271222974e-02,1.811407553429879086e-03
6.622416044141964386e-01,4.937082546042270009e-02,2.511942074846721384e-01,2.598683014235862732e-02,1.120653249835018052e-02
7.546147098013589183e-01,6.047333349594296442e-02,1.620544781658818378e-01,1.181771558944461238e-02,1.103976294737172778e-02
4.503318648659171974e-01,1.260964292963070998e-01,3.790833020027056244e-01,3.156888775291307597e-02,1.291951608215691910e-02
3.871338477970972525e-01,1.995814324544453733e-01,3.931851832882400366e-01,1.248620998758628517e-02,7.613326472631055074e-03
4.266715983817950253e-01,8.968269077773262377e-02,4.246820773544082162e-01,5.630309898849114592e-02,2.660534497573026607e-03
5.445780835213384075e-01,1.163972757043741507e-01,3.066483657949987118e-01,2.487512658673387764e-02,7.501148392554841948e-03
4.302802055248076130e-01,5.009659756708670364e-02,4.025347128505590844e-01,1.133251555100557723e-01,3.763328547490765209e-03
3.132019410536187598e-01,3.243712677935777638e-02,4.718173229406338320e-01,1.795557008840543145e-01,2.987908342335255686e-03
5.251489805148383816e-01,2.960747275194888437e-02,3.368984344356928951e-01,9.844903228934756556e-02,9.896080008172269959e-03
6.088883875913920773e-01,8.439077747244899674e-02,2.591352278056747727e-01,2.599521000999054782e-02,2.159039712049366094e-02
5.407437068537127578e-01,8.592023784246816120e-02,3.485683345515603326e-01,1.695299479766694192e-02,7.814725954591907053e-03
6.927455781218968545e-01,8.756549733420708470e-02,1.920140372397701189e-01,1.109753054351480042e-02,1.657735676061113453e-02
7.780741515443008183e-01,8.990502690269738806e-02,1.033650179381579853e-01,4.728629124898358835e-03,2.392717448994540266e-02
8.551994462712900757e-01,6.523634448562518062e-02,4.563632829267223051e-02,2.634680465807721743e-03,3.129320048460473153e-02
5.547177345508492730e-01,1.980518030528356510e-01,1.849885493054564956e-01,7.101792273465905303e-03,5.514012081739266130e-02
4.142743522017025559e-01,1.776842174497675342e-01,2.943132056406134733e-01,1.092574167568689109e-02,1.028024830322296634e-01
3.944702828019858165e-01,1.354467827304849104e-01,4.189699152234527268e-01,1.372426395941459161e-02,3.738875528466194947e-02
2.066562281467173856e-01,1.922349486923035922e-01,5.539102079090880704e-01,1.228795105647093391e-02,3.491066419542002836e-02
2.055000162730498403e-01,2.518638917215961781e-01,2.874920163574837262e-01,7.308127170146411916e-03,2.478359484777237498e-01
1.445964895498751401e-01,2.235031650365170153e-01,2.686390970179772797e-01,4.836860861599742191e-03,3.584243875340307750e-01
1.698155850397266298e-01,1.329946460156551380e-01,3.436434387552818603e-01,1.076686359413737450e-02,3.427794665951990893e-01
4.668630711336870243e-01,8.657682554576451306e-02,2.905788475493785161e-01,1.691636520126456322e-02,1.390648905699054250e-01
3.711871767899265762e-01,1.032468566255058950e-01,4.118645244449998244e-01,1.670808106067499590e-02,9.699336107889272585e-02
1.588816125846871097e-01,1.321592253866022693e-01,6.494070654650745400e-01,9.690696927901183352e-03,4.986139963573498618e-02
1.696446522033302207e-01,2.307159150791204816e-01,4.402596783545087433e-01,4.575088821655570563e-03,1.548046655413849448e-01
2.501980836940581598e-01,7.090548049739404946e-02,6.173323904752944236e-01,8.275517857713935929e-03,5.328852747553940866e-02
1.473053509541028261e-01,1.054454112382269410e-01,6.254220728949568819e-01,6.616732160874660984e-03,1.152104327518386345e-01
1.624670520273534813e-01,1.469777921244110330e-01,5.526696783292420756e-01,4.356213757171855001e-03,1.335292637618216705e-01
1.919122918939005218e-01,1.222662185999383311e-01,5.276780250516029946e-01,6.336381895404289213e-03,1.518070825591538719e-01
1.332221524538989288e-01,9.208824009378376030e-02,6.576309110077936948e-01,6.699881283945818659e-03,1.103588151605776196e-01
1.562569791304099232e-01,1.195654381747814493e-01,5.706612634834518083e-01,5.140830197325836973e-03,1.483754890140309701e-01
2.142983111826081977e-01,8.660864529877940199e-02,5.647517779253878878e-01,6.934016908445602909e-03,1.274072486847789010e-01
2.576011028311772644e-01,1.010282655541771824e-01,4.138553065858574520e-01,5.959152972689109491e-03,2.215561720560989267e-01
2.180037544680888673e-01,6.751140642262901115e-02,5.045322239040257450e-01,7.503128450565922647e-03,2.024494867546905441e-01
2.423921224810416386e-01,5.571935926419168544e-02,4.738109202674585796e-01,9.562521483499512170e-03,2.185150765038086362e-01
1.326331502441701893e-01,5.430907949052987682e-02,7.025666672222781184e-01,9.379220490155612891e-03,1.011118825528662252e-01
1.224960835354504257e-01,4.981115110179706873e-02,7.674098214772375748e-01,8.933406616219250612e-03,5.134953726929575302e-02
3.350196289014205631e-01,7.633149682391192348e-02,5.191019691435463379e-01,1.506005485118719345e-02,5.448685027993397517e-02
1.585342044662980676e-01,1.477769899541832022e-01,6.109268948979708069e-01,6.430700667102912972e-03,7.633121001444498344e-02
1.255631976873570199e-01,1.185559576005588145e-01,5.465581046455462166e-01,5.750802543154553623e-03,2.035719375233833173e-01
1.128793929551524244e-01,1.983564218588927119e-01,3.925917540752016377e-01,2.847704254471337178e-03,2.933247268562820254e-01
1.090216159844321908e-01,1.729098199935824309e-01,4.819563364550394913e-01,2.855330326905375707e-03,2.332568972400406171e-01
1.003803064310574977e-01,1.064617305772565525e-01,6.229520806644245345e-01,5.194975930520088180e-03,1.650109063967413747e-01
7.166786253102569448e-02,6.366604659345023731e-02,7.504112483561133917e-01,7.769943911790706814e-03,1.064848986076200876e-01
8.327453483290163383e-02,3.964642862094171216e-02,7.589534578114455199e-01,1.078522912691930527e-02,1.073403496077917213e-01
1.843671743650690809e-01,4.164685709308291184e-02,6.276898719020557182e-01,1.513883800806867935e-02,1.311572586317235889e-01
1.721902520637053069e-01,6.811618139370152758e-02,5.525386061899698609e-01,1.185143800240495877e-02,1.953035223502185003e-01
1.112501371312847320e-01,8.540052078471759012e-02,5.619796106729310070e-01,7.124016458884874919e-03,2.342457149521818272e-01
1.113762435003971124e-01,7.868678361760542139e-02,5.351038177382374528e-01,6.097086511985450388e-03,2.687360686317745717e-01
1.736286827878342209e-01,8.046739448391200533e-02,5.688453581340848775e-01,8.882017754580150831e-03,1.681765468395886309e-01
1.144443959628430318e-01,7.073856363119931934e-02,5.876188113811109393e-01,7.276890851819071276e-03,2.199213381730276140e-01
1.390526403427263802e-01,9.396861330168403137e-02,4.987541402206089325e-01,6.249261497510063407e-03,2.619753446374704642e-01
1.172302834026113516e-01,1.366313669947500642e-01,3.940865798937315256e-01,4.616534278130604747e-03,3.474352354307764235e-01
1.126379388903268608e-01,1.369058018836529222e-01,2.931457089736072552e-01,3.575205926179772769e-03,4.537353443262330810e-01
1.242692100994709642e-01,7.670073067523938692e-02,4.791366854495597849e-01,6.008913361609103179e-03,3.138844604141208250e-01
1.929507667994071196e-01,1.046817977887441464e-01,3.707509685206034633e-01,7.464658295407852577e-03,3.241518085958374762e-01
2.790807114562458557e-01,1.455692773208913937e-01,2.351467241153998300e-01,3.168582624650357997e-03,3.370347044828124194e-01
3.231378707843100551e-01,1.208298470133198355e-01,1.542917217570329014e-01,2.098435384620168671e-03,3.996421250607170572e-01
3.400320377219005485e-01,9.013003770064521858e-02,7.477985717224772122e-02,1.209555312121134239e-03,4.938485120930852790e-01
4.240449721232916747e-01,9.821163563604173863e-02,1.541701475968126345e-01,2.493229988053999313e-03,3.210800146557998835e-01
1.837271599349625251e-01,7.971579318842327011e-02,5.773071963373078708e-01,7.466482563340928573e-03,1.517833679759654497e-01
1.251024800647138058e-01,8.068832930706391904e-02,6.455333269274393659e-01,1.254053227326430014e-02,1.361353314275186299e-01
1.466983670137492757e-01,8.852721371759025848e-02,6.074718359200566020e-01,8.186680055264924580e-03,1.491159032933389583e-01
2.291304763385725030e-01,6.799323761051130621e-02,5.080177463109509794e-01,1.261324924388759761e-02,1.822452904960774889e-01
1.850237211285579442e-01,6.695396588677349214e-02,3.961693772820234494e-01,8.949205203855796834e-03,3.429037304987893053e-01
2.522411716865853859e-01,8.151445748362856625e-02,3.607182333396483642e-01,8.257132031971781486e-03,2.972690054581659247e-01
2.301532570019881596e-01,8.877180866292207206e-02,3.233637472285986747e-01,7.272205156748886776e-03,3.504389819497421565e-01
2.212205584602298103e-01,8.606618149373995719e-02,3.419454380737003696e-01,5.725692274469674527e-03,3.450421296978602448e-01
2.027894129301120174e-01,7.795699505249314987e-02,3.250843082291172692e-01,7.027360687612988974e-03,3.871419231006644757e-01
1.964185620469386662e-01,1.176464771956920730e-01,3.800327262427472541e-01,4.383142171696920164e-03,3.015190923429249548e-01
1.270273010739045860e-01,8.213198885168584984e-02,5.003711562917553257e-01,6.931340183820812115e-03,2.835382135988335772e-01
2.122249145079310173e-01,1.372196414504992246e-01,3.000835910363683912e-01,4.194898172983017523e-03,3.462769548322183200e-01
1.764494580746110708e-01,6.392259468332335548e-02,4.981061363995706315e-01,8.475377633254165335e-03,2.530464332092408619e-01
1.003243587914809803e-01,1.222769692394259228e-01,4.978743788796651804e-01,5.932878856534179457e-03,2.735914142328936816e-01
1.403539796928912342e-01,1.145928276511998939e-01,6.097140562022821397e-01,7.817813091641432136e-03,1.275213233619852393e-01
1.401795762912521615e-01,1.238503675888128347e-01,5.421896498780657270e-01,8.009596393390418234e-03,1.857708098484788517e-01
3.217916504268985567e-01,7.931655989087639524e-02,4.568674350619099656e-01,1.021931876448242335e-02,1.318050358558326418e-01
1.893756080015227272e-01,7.702437019184475708e-02,5.691446695213728812e-01,1.414147931320210681e-02,1.503138729720574218e-01
5.113605101119542695e-01,5.922097464078893841e-02,3.522078126274972298e-01,2.847136017064557170e-02,4.873934244911392460e-02
1.072573030923987536e-01,3.549505967819027025e-02,7.684525649525618674e-01,6.535276681795279541e-02,2.344230545889627176e-02
8.507773147646435774e-02,7.953563672658799100e-02,7.478977132180053555e-01,2.621053493808884680e-02,6.127838364085342465e-02
1.091732727075674231e-01,6.716488290311375953e-02,6.641238302135707983e-01,2.932337059200551543e-02,1.302146435837425731e-01
6.289634915283200123e-02,3.105172405065382418e-02,6.969812354300867208e-01,3.373039587980602994e-02,1.753402954866215280e-01
9.277505450872991499e-02,4.458918416749747815e-02,4.984195930404317632e-01,1.535062287620211907e-02,3.488655454071388218e-01
1.238160822308868453e-01,7.306428489479055433e-02,3.947927277839201055e-01,9.683279414356756737e-03,3.986436256760458319e-01
3.156366932082593779e-01,5.100818548699536520e-02,4.111280162671262506e-01,9.518371806671721905e-03,2.127087332309473555e-01
2.740648949870001516e-01,4.361431172742292334e-02,2.730994300986634427e-01,7.922728271859824992e-03,4.012986349150535759e-01
1.466379042157449908e-01,5.324713895103982270e-02,4.855668999915405681e-01,1.403430075161061358e-02,3.005137560900640326e-01
1.949429279640015611e-01,9.405832242774421481e-02,5.462740625019734120e-01,1.132594917171676589e-02,1.533987379345639612e-01
1.339557241741773097e-01,8.996522253604689878e-02,5.577955483823358040e-01,8.648440290920999390e-03,2.096350646165191511e-01
2.093367842058471151e-01,9.411434618738138969e-02,5.913946817605171269e-01,9.131625678837643201e-03,9.602256216741657247e-02
6.250120035629518067e-02,9.211623303753251057e-02,6.476837581265890709e-01,7.466343908953477874e-03,1.902324645706296724e-01
6.265216275285120928e-02,8.791345931351765564e-02,4.111984136466210749e-01,6.736877524847788984e-03,4.314990867621623094e-01
1.148803429284094429e-01,1.035964170157966241e-01,3.092652673158956533e-01,6.143353749497679900e-03,4.661146189904005754e-01
1.038125704704188773e-01,7.948983466075984494e-02,4.466675908910761050e-01,6.625958359658314784e-03,3.634040456180867573e-01
1.042877701405658664e-01,6.561862444410290762e-02,4.250786388918132985e-01,6.369258436098348443e-03,3.986457080874196146e-01
1.016313029176023897e-01,6.679949532260810730e-02,5.428038498586817973e-01,1.005082617030319050e-02,2.787145257308046298e-01
4.040538444078989322e-01,9.876085672908659074e-02,3.532761718333142786e-01,9.953757205402090011e-03,1.339553698242981483e-01
5.541727216924262622e-01,3.843836528858082802e-02,3.505157198750658010e-01,2.231150069966127136e-02,3.456169244426580273e-02
3.960791301854603152e-01,9.201195923774371788e-02,2.403540960202649734e-01,1.218077314482322870e-02,2.593740414117077231e-01
2.477888063520159723e-01,1.419397973078019848e-01,3.592075819760685573e-01,1.084709904698374569e-02,2.402167153171296532e-01
2.057423968124923730e-01,1.369244351224526146e-01,3.899812264584922583e-01,6.569271770452232186e-03,2.607826698361105366e-01
1.643567683858697392e-01,1.333927695905876010e-01,4.657738863056490874e-01,5.846548126708079815e-03,2.306300275911853381e-01
1.397412326218190615e-01,1.356142237227425940e-01,3.636010437299889708e-01,4.578643418259691067e-03,3.564648565071896757e-01
1.262590741952075990e-01,8.417836567121519953e-02,5.776861865171628585e-01,1.012850114063313343e-02,2.017478724757811315e-01
2.991685900137853182e-01,5.185525052285526459e-02,4.946851646023032734e-01,2.292417418531894624e-02,1.313668206757370449e-01
2.280241568020724419e-01,6.296816673718720614e-02,4.852276136461187717e-01,1.085817545728671139e-02,2.129218873573348603e-01
2.353360315018299120e-01,7.561526055874488728e-02,4.462393826650107864e-01,6.199183904133516790e-03,2.366101413702808298e-01
2.262008366363024436e-01,9.969741226789190225e-02,3.659694063066086800e-01,3.451549745874126288e-03,3.046807950433228496e-01
3.127805028210436378e-01,6.091737057923808651e-02,4.304045023145995352e-01,4.763146780105005119e-03,1.911344775050137779e-01
2.649669631632116662e-01,8.397590998790339933e-02,4.514547853136381961e-01,4.181261159396796462e-03,1.954210803758500148e-01
4.204712527880693496e-01,9.389169584589358852e-02,2.708324825825070836e-01,3.448377694035181622e-03,2.113561910894946883e-01
2.263605438593210561e-01,8.985902202846948739e-02,5.799459180816862736e-01,6.698821067427356869e-03,9.713569496309580609e-02
3.129339238925832323e-01,5.282141498999786550e-02,3.604797802309430699e-01,4.869792085667053703e-03,2.688950888008088125e-01
1.784205977534061849e-01,5.844538527759284702e-02,5.279569307343754403e-01,4.223962010698814606e-03,2.309531242239267201e-01
2.234974510036613626e-01,5.688691625129151802e-02,4.277434148153920201e-01,4.025405411457541778e-03,2.878468125181974924e-01
2.285936296147559887e-01,7.524128624812773114e-02,2.790731851652241691e-01,2.342637151041917533e-03,4.147492618208502013e-01
2.798319160055371402e-01,7.394797954816824392e-02,2.761179621770659121e-01,3.260010211045319926e-03,3.668421320581833345e-01
2.127890379958476130e-01,7.434250044768579702e-02,3.757096254036507710e-01,3.649973029510930524e-03,3.335088631233049106e-01
1.504465678132652640e-01,8.091201583920214213e-02,2.292950541390287311e-01,3.172224118552342386e-03,5.361741380899515130e-01
1.522084461507482722e-01,5.793303820205157606e-02,3.211831498927572026e-01,4.915742498147128436e-03,4.637596232562957721e-01
1.377084424279031438e-01,5.244677379815307350e-02,3.302536968810270146e-01,7.700393111297442438e-03,4.718906937816192970e-01
1.770116713670339958e-01,4.984464063687751856e-02,2.429739305627816870e-01,5.022146399212596042e-03,5.251476110340942416e-01
1.426969036920080758e-01,8.438069127914313294e-02,2.238046807163857899e-01,4.063692661007867191e-03,5.450540316514552730e-01
1.239842332619819493e-01,6.281723842799140367e-02,2.895846231706752927e-01,4.470832629384374583e-03,5.191430725099671628e-01
1.327976786795019570e-01,8.833785638065390355e-02,2.308197345464687855e-01,4.206181619885339049e-03,5.438385487734899160e-01
1.831343920941780334e-01,1.011626486544205811e-01,2.046674778537371509e-01,2.842734035538247665e-03,5.081927473621259406e-01
2.483139497532250717e-01,8.921713450771176501e-02,1.883544262089471011e-01,3.477911009266674864e-03,4.706365785208493913e-01
2.337620378580672065e-01,6.271383663521423735e-02,3.751437130081853866e-01,7.534839399619848270e-03,3.208455730989134835e-01
9.051454529747730848e-02,6.291285217480872827e-02,5.483768041025963713e-01,7.886182958302715221e-03,2.903096154668148854e-01
6.696559007534517993e-02,4.165403089007144177e-02,7.248594429659955818e-01,1.768481707828121335e-02,1.488361189903066317e-01
7.821234818711284009e-02,6.394021917513845188e-02,6.100489796711227042e-01,1.371143381066021634e-02,2.340870191559658586e-01
1.107876475836499508e-01,6.701376697957880935e-02,4.806545367686793080e-01,1.147566359703868985e-02,3.300683850710532941e-01
1.966141700430782679e-01,4.447030577184032940e-02,5.586428358654322857e-01,1.453074881454778297e-02,1.857419395051013722e-01
2.261597355899350181e-01,4.209833466333798291e-02,4.922775637474434141e-01,1.219524725929249480e-02,2.272691187399911439e-01
1.680605935395825534e-01,4.766334738402460552e-02,5.247911066059058882e-01,1.222033383137569040e-02,2.472646186391111445e-01
1.372656647651670225e-01,5.090301497413513010e-02,5.018113928654817091e-01,1.737305318774638729e-02,2.926468742074697094e-01
1.814816805962285451e-01,5.502740123218002183e-02,4.265996032597170751e-01,1.542203186799513681e-02,3.214692830438793392e-01
2.111122818203723384e-01,7.262663351258552558e-02,3.629246370255906906e-01,1.220868667570950035e-02,3.411277609657419330e-01
1.923084501837382387e-01,8.906573938511716526e-02,3.797304014448515952e-01,1.125652729500497239e-02,3.276388816912881308e-01
1.748055537211565258e-01,6.127750660949402711e-02,5.950159174636624471e-01,1.521008740678243994e-02,1.536909347989046104e-01
5.640069990341094880e-02,6.205921300407663682e-02,7.317832336630277767e-01,1.200270990237034367e-02,1.377541435271143477e-01
8.342169217508245416e-02,4.375195636113853731e-02,5.634260814000628947e-01,1.404619739148818200e-02,2.953540726722277965e-01
2.485035807967965471e-01,9.037844453779107778e-02,3.338085244381761019e-01,1.146355276854086822e-02,3.158458974586953460e-01
2.452018791992060243e-01,7.607254506731039867e-02,4.300542690216985764e-01,9.614129259615564194e-03,2.390571774521694781e-01
2.280187470309081033e-01,9.131135306583967881e-02,3.772995027207229346e-01,6.262229824573377693e-03,2.971081673579557547e-01
1.775218798200793868e-01,1.982907912942028228e-01,3.302626815135818461e-01,3.225478419906747333e-03,2.906991689522291922e-01
1.201989876645127853e-01,1.037481224382515305e-01,3.871576698046254039e-01,3.541167901138334538e-03,3.853540521914718964e-01
1.312735223482878744e-01,6.664508696369708662e-02,4.688760869970273748e-01,4.347279770017967691e-03,3.288580239209696887e-01
8.138415910822245636e-02,6.795148901875182335e-02,7.375967631649675837e-01,6.247726109018490737e-03,1.068198625990396250e-01
3.985747494805488150e-02,7.728307518380965468e-02,7.777947367686294244e-01,4.515792528509449122e-03,1.005489205709967637e-01
5.590876078221269224e-02,8.253841645742993061e-02,6.463506382880040979e-01,5.038058227889252380e-03,2.101641262444640668e-01
4.690480259181006861e-02,1.342579665492424634e-01,6.765097555280012998e-01,3.052590281840485836e-03,1.392748850491057344e-01
1.821088266696017366e-01,9.793519688886515029e-02,5.135643633862400081e-01,4.294407326594412190e-03,2.020972057286987145e-01
1.336768262099501114e-01,1.077481005484206555e-01,4.153997071509833994e-01,3.521528533038244518e-03,3.396538375576074742e-01
1.395431698521567010e-01,7.695108425340510538e-02,5.546627304571813966e-01,4.717336766511287527e-03,2.241256786707455095e-01
1.832706271148251964e-01,9.480579637814749716e-02,4.416618930521555297e-01,5.196919907951741066e-03,2.750647635469202212e-01
2.106418583413547929e-01,6.080501362562353018e-02,5.297026409470069197e-01,5.126261142801441691e-03,1.937242259432132852e-01
1.334558668200664655e-01,6.038290375649148223e-02,4.749251671158778998e-01,5.186414367986817535e-03,3.260496479395774139e-01
9.724224169859781164e-02,5.151102865844136430e-02,6.211599364414783775e-01,7.124308014242116370e-03,2.229624851872402946e-01
2.086505122826115832e-01,1.064649494500669452e-01,4.725578590037412541e-01,6.507781819875612522e-03,2.058188974437046015e-01
1.888115795523623852e-01,1.013419194641471816e-01,4.440742207213125292e-01,5.181245773157594492e-03,2.605910344890202679e-01
9.170096870427400793e-02,9.310998632940091502e-02,4.851624481786847576e-01,3.948932158358694697e-03,3.260776646292816716e-01
2.037987818679905805e-01,7.047630560833895164e-02,5.165361712685726525e-01,7.946588969561256890e-03,2.012421522855365186e-01
1.326611463868153373e-01,6.267373720782433433e-02,5.984774735676585689e-01,7.846554258969644716e-03,1.983410885787319500e-01
3.762277041862787108e-01,4.163492581958369576e-02,3.959943296735926599e-01,8.419395924922435173e-03,1.777236443956224932e-01
4.493582781846006124e-01,5.984623173268677210e-02,3.184001663868538667e-01,6.001422440050909954e-03,1.663939012558077746e-01
3.237662244268093015e-01,6.434633223632027499e-02,4.189242661544118063e-01,6.701216944418253094e-03,1.862619602380404249e-01
3.984417893375205022e-01,7.339608582516536639e-02,2.977011281632046535e-01,5.446949573097679964e-03,2.250140471010116383e-01
3.888153612126876157e-01,5.756311076275306277e-02,3.178469448050825763e-01,1.030227704322914106e-02,2.254723061762476111e-01
4.798781521219913082e-01,6.429423992993131554e-02,2.834511109481214208e-01,6.492626011609074418e-03,1.658838709883470042e-01
2.805635602269800355e-01,7.195162003995436706e-02,4.082525045509898254e-01,6.919984359441563870e-03,2.323123308226343608e-01
2.192633173608641295e-01,5.324145566597647539e-02,5.609350775283042934e-01,8.772619117569697630e-03,1.577875303272854857e-01
3.586974411845609834e-01,2.906586881090705149e-02,5.358573433838790256e-01,9.212434083345081084e-03,6.716691253730794342e-02
3.667668339673136879e-01,3.933092922221306798e-02,4.823688294239497631e-01,7.968486731755902719e-03,1.035649206547676060e-01
3.126757690426681946e-01,7.418029935609278536e-02,4.898334037316738332e-01,7.442139140496026664e-03,1.158683887290691689e-01
1.312364970094690719e-01,5.601993990670122575e-02,7.341712770302250002e-01,1.250502756529580164e-02,6.606725848830878600e-02
7.753268245948129189e-02,4.240537541360341750e-02,8.328138875077149006e-01,1.095311198459090508e-02,3.629494263460950054e-02
5.855721819178066195e-02,7.790150071040471969e-02,7.750021277400181985e-01,7.046681789629602975e-03,8.149247156816680215e-02
3.106195588470760799e-02,4.042265211715879297e-02,8.156683919000842220e-01,7.720626360020149508e-03,1.051263737380292718e-01
8.504063961810261196e-02,5.737498313600334493e-02,4.725972419673852287e-01,8.443610802177065056e-03,3.765435244763316591e-01
1.604086982982531606e-01,5.471013240610701073e-02,4.211331892778598096e-01,9.094644798801088462e-03,3.546533352189789601e-01
7.273305372099124477e-02,4.449385729781656779e-02,6.237916165436012683e-01,8.965145547533125495e-03,2.500163268900578717e-01
1.726687746514643518e-01,6.492615623630568211e-02,3.892805931098081706e-01,6.423888542994466225e-03,3.667005874594273518e-01
2.026470317523083042e-01,7.094817446948409323e-02,4.280159154630459595e-01,6.977843248354149812e-03,2.914110350668074334e-01
1.796969565164345806e-01,1.334530622359355878e-01,3.605072762160893007e-01,3.073388440930596970e-03,3.232693165906100341e-01
2.589895354795883065e-01,9.577584755984132336e-02,3.502183513856731434e-01,3.798780211868904230e-03,2.912174853630283833e-01
2.027915032963567843e-01,1.105538831437440639e-01,3.867145313045153299e-01,4.094763837136076133e-03,2.958453184182476825e-01
2.446169832196195826e-01,9.875563567770155593e-02,4.237997147263417586e-01,4.164899725718543971e-03,2.286627666506183820e-01
1.716461172105991362e-01,7.910395465078295940e-02,5.547287738577691973e-01,4.915864940246629511e-03,1.896052893406021123e-01
7.654853302988776087e-02,7.801076133142070823e-02,7.348246934365538774e-01,3.344046608291014605e-03,1.072719655938464134e-01
6.112179599248229039e-02,5.604665494728654218e-02,7.619277718861464654e-01,6.995741802176351151e-03,1.139080353719084254e-01
1.475035977192451497e-01,7.384133275698677445e-02,5.887534332610411258e-01,7.887651480735384524e-03,1.820139847819915169e-01
1.627123915903572748e-01,5.302459058571767914e-02,4.949599642348010420e-01,1.351578275293587733e-02,2.757872708361880920e-01
2.222898977373528318e-01,5.779327952406158875e-02,4.584462997297160669e-01,8.071862073964160278e-03,2.533986609349053731e-01
3.460990363212543830e-01,8.154010849443611708e-02,2.934883405177621807e-01,5.805832177055477404e-03,2.730666824894917299e-01
2.129804798900294949e-01,8.925920386068925128e-02,2.534495735866977295e-01,4.876363325726565390e-03,4.394343793368570283e-01
1.786492600602520298e-01,1.189391760239037060e-01,2.883994473407538450e-01,5.312016211900133858e-03,4.087001003631903218e-01
3.004675442275805963e-01,6.467459610551661020e-02,4.264828444092981785e-01,9.213050432639020501e-03,1.991619648249656205e-01
2.423656220311074250e-01,4.959954490986469289e-02,4.733411002009129120e-01,1.068419195342312430e-02,2.240095409046918840e-01
1.159979616558772242e-01,5.176198636256781893e-02,5.531851631894820764e-01,1.238569843471720375e-02,2.666691903573556455e-01
1.088622910548746048e-01,8.066000076655968631e-02,4.006641645484749215e-01,6.871617438259729725e-03,4.029419261918311124e-01
8.482333312988504792e-02,3.806162797110269891e-02,6.678110068061677840e-01,2.306325728695239607e-02,1.862407748058921841e-01
1.379168023723651992e-01,7.631225761366249027e-02,5.574437120443932470e-01,1.260991305290359854e-02,2.157173149166753123e-01
8.358918615397953333e-02,6.524862057915661873e-02,6.257136472601159127e-01,8.741252647915941087e-03,2.167072933588320427e-01
9.319874509047097744e-02,1.067144461819650308e-01,5.984655815002219992e-01,6.610788461053918388e-03,1.950104387662880689e-01
5.072713583925084202e-02,6.288449349427754909e-02,7.655194320010750841e-01,9.995386616464022392e-03,1.108735520489326082e-01
1.530132480770006465e-01,7.858234686835308125e-02,6.342803986784788517e-01,1.466705131161908510e-02,1.194569550645482869e-01
9.466883894330420379e-02,3.743539498601326093e-02,8.381597191718993534e-01,1.246837832560325661e-02,1.726766857317993051e-02
1.875490396791123227e-01,5.696848100537937193e-02,6.060557773339840804e-01,7.967294879868530230e-03,1.414594071016558041e-01
2.091205284802551412e-01,1.313920924818044733e-01,4.289194803574474246e-01,3.875844402967357216e-03,2.266920542775256731e-01
1.145920477409305832e-01,8.163313216072740075e-02,6.870598458166012890e-01,4.776925759080942642e-03,1.119380485226596778e-01
4.234964783285095208e-02,3.685602750441954040e-02,8.896182859918487784e-01,5.700380007688452856e-03,2.547565866319225977e-02
4.127756556307620589e-02,4.988815835464049941e-02,7.826832063807395157e-01,7.546557450925648995e-03,1.186045122506180494e-01
2.767805052959315670e-01,4.337962416500466822e-02,4.742956725893164860e-01,2.067187284081953985e-02,1.848723251089277875e-01
2.023500173762413090e-01,3.948339273959836082e-02,2.327157497231586158e-01,1.142562320196715414e-02,5.140252169590346920e-01
8.006597602400386537e-02,7.376688055489942497e-02,3.650958629045802373e-01,7.196029380936126013e-03,4.738752511355803776e-01
1.529893334832194973e-01,4.245803787525015416e-02,4.827647355458855594e-01,9.439778177814949628e-03,3.123481149178298222e-01
1.940737649362217765e-01,5.882035677617978436e-02,4.864278432652887618e-01,6.620427764386667586e-03,2.540576072579230349e-01
2.404633043853632302e-01,9.584909114450923528e-02,3.236027741557379045e-01,4.272270010018445162e-03,3.358125603043712326e-01
2.676451976853756465e-01,9.360763000322855354e-02,3.010655677631785543e-01,3.700230375699878425e-03,3.339813741725173868e-01
2.185326856689185082e-01,8.326022115838606352e-02,3.812844377544493124e-01,8.531112805873089164e-03,3.083915426123728931e-01
2.556504376114726584e-01,6.787500467451910990e-02,3.237493207010356810e-01,7.173842501369037152e-03,3.455513945116036600e-01
1.892510163355146935e-01,9.179053611151456737e-02,3.431525410877120930e-01,3.475536190866760321e-03,3.723303702743918087e-01
2.625010891065475693e-01,7.226082839551710435e-02,3.559216016294181051e-01,5.047452491667813249e-03,3.042690283768493265e-01
1.499998116786641911e-01,3.702071946313655049e-02,5.895047103684026846e-01,1.535677747460244963e-02,2.081179810151940202e-01
2.069292779775338542e-01,4.926043260864687579e-02,5.103361776461818877e-01,1.292513823593274824e-02,2.205489735317045785e-01
1.443040311881585713e-01,4.455771307625615296e-02,6.210950268527127838e-01,1.607437335561853406e-02,1.739688555272538850e-01
1.029348803749174646e-01,3.914684924782486225e-02,6.656273095794125183e-01,1.297544550691543362e-02,1.793155152909296501e-01
2.954161060120737980e-01,5.896538393462937705e-02,4.711937180844930628e-01,9.982816147168281293e-03,1.644419758216355276e-01
2.551413456134454250e-01,5.875469029668296123e-02,4.977881930898138130e-01,1.004970834513334299e-02,1.782660626549245342e-01
1.049935913128171583e-01,5.540097462933008671e-02,7.316071992030864779e-01,8.795509355445147240e-03,9.920272549932132589e-02
3.790694492316454278e-01,6.047420316087585845e-02,4.384828305333753895e-01,1.085079978554490121e-02,1.111227172885584091e-01
6.600807803056876200e-01,4.167822487213346250e-02,2.142201985330428327e-01,6.468370532739515025e-03,7.755242575639643976e-02
8.212347435765132708e-01,3.923878506267225452e-02,9.876562443404879321e-02,4.265645933023966448e-03,3.649520099374182341e-02
4.785166367881167893e-01,9.414629318745444675e-02,3.939694452367518696e-01,9.320084542379323059e-03,2.404754024529739270e-02
5.589578307632937504e-01,1.525048599383556636e-01,2.700564690316463179e-01,4.934304122609776098e-03,1.354653614409457793e-02
7.838601184624996998e-01,1.221112871385332949e-01,8.686542142174757952e-02,1.388718964251314369e-03,5.774454012968060698e-03
6.733252833167697737e-01,1.510214649290183286e-01,1.516351527762701545e-01,3.059587557579500263e-03,2.095851142036226494e-02
9.059405429577008784e-01,4.315111352260830174e-02,4.434002032391066994e-02,1.986989588288064733e-03,4.581333607492038378e-03
8.056074367907951617e-01,5.420018128038122524e-02,1.258772903920692965e-01,9.601399192341399796e-03,4.713692344412849164e-03
9.553079565618591840e-01,1.771832991673146299e-02,2.313866223169832800e-02,2.407407143606258258e-03,1.427644146104435022e-03
8.563066279371951417e-01,6.419407105825601645e-02,6.605800938596635696e-02,5.733053925087320223e-03,7.708237693495018951e-03
8.497949511703670744e-01,5.306166367520884913e-02,7.938908775155835429e-02,5.374824092569951972e-03,1.237947331029593673e-02
8.939028653834087956e-01,4.361011812425203554e-02,5.485103919209362994e-02,3.441469650717135075e-03,4.194507649528372156e-03
9.597798396643325569e-01,1.836692748461753177e-02,1.953941173598537986e-02,1.455414409142048076e-03,8.584067059224304626e-04
8.771717948952162391e-01,7.817108440512098022e-02,4.186560433030386136e-02,1.196916147626362432e-03,1.594600221732570509e-03
8.912493971287368533e-01,5.267114685118397949e-02,5.285306148609069526e-02,2.339075745008523544e-03,8.873187889798662530e-04
9.687038797762528297e-01,1.577429283062622284e-02,1.434821483453509704e-02,8.386101816334189671e-04,3.350023769524578432e-04
9.033511359771463356e-01,3.960072771082000925e-02,5.279889700405826503e-02,3.497665130714121447e-03,7.515741772613044550e-04
9.119374090009396694e-01,3.404699557244606628e-02,5.027134727240228917e-02,3.216194688821143698e-03,5.280534653908216993e-04
8.505946874131016244e-01,6.217149509860954437e-02,8.343358933313213543e-02,3.244537867200618202e-03,5.556902879560080650e-04
8.913502384573651627e-01,4.745127849274353993e-02,5.817727457276007652e-02,2.339068696247932708e-03,6.821397808833039918e-04
7.744441406474416034e-01,1.002805291992824033e-01,1.216564240418936543e-01,2.543897525161514361e-03,1.075008586220824397e-03
8.067776775147874613e-01,8.738047596349673984e-02,1.011018934418614623e-01,2.763766882876483692e-03,1.976186196977750085e-03
8.634547075422371876e-01,6.927951503123284949e-02,6.372892315931172336e-02,1.718995963177052510e-03,1.817858304041233049e-03
9.194592980800201376e-01,3.088714060773620207e-02,4.756713256937975670e-02,1.385612808592449766e-03,7.008159342713432636e-04
8.686164515516784368e-01,5.981885712528335619e-02,6.921526244393556848e-02,1.391766320307609873e-03,9.576625587952058202e-04
8.586648727074722709e-01,6.240158296175815633e-02,7.620627789588439727e-02,1.793901761656286741e-03,9.333646732287448908e-04
8.185717086591376423e-01,8.595399446117776843e-02,9.132962484093022637e-02,1.329633176822313072e-03,2.815038861932065827e-03
8.813605069820571458e-01,5.971560659704979596e-02,5.596495808154550861e-02,1.254430113595239290e-03,1.704498225752109752e-03
7.414615376696521709e-01,8.058654575632596961e-02,1.672662299382944029e-01,5.500916312043165404e-03,5.184770323684423886e-03
4.996310340854698828e-01,2.121370417707032219e-01,2.682566164924340968e-01,6.413936485458451506e-03,1.356137116593427415e-02
6.066980693387189483e-01,1.339093004888248784e-01,2.429970121856266374e-01,6.044698930709675386e-03,1.035091905611987273e-02
6.683612002008587627e-01,1.357833290597436626e-01,1.458974314072183365e-01,5.270047656718061801e-03,4.468799167546119028e-02
7.187061109396680747e-01,9.750552064286722997e-02,1.352212522342349232e-01,5.032839204939924295e-03,4.353427697828989029e-02
8.074779781753792518e-01,7.120631742488310600e-02,1.087430682654898645e-01,5.041839088274931852e-03,7.530797045972753914e-03
7.397304958292580945e-01,7.024089252377799242e-02,1.715781264544344598e-01,1.160765717803223691e-02,6.842828014497242400e-03
8.816684805958249216e-01,4.318997175754252238e-02,6.913941790790516240e-02,3.701985812864613812e-03,2.300143925862882174e-03
7.866826767269580190e-01,5.005451721145178640e-02,1.453838415267066919e-01,1.497626795577815251e-02,2.902696579105312064e-03
6.909480756849677441e-01,7.913934594155194735e-02,2.138367596063819043e-01,1.343971908578200924e-02,2.636099681316447958e-03
5.698843322151206925e-01,1.106523727609878549e-01,3.021107722602811574e-01,1.438906415828980316e-02,2.963458605320519381e-03
6.705233814881805809e-01,1.053181243189244276e-01,2.112460317538659982e-01,1.079776022515932521e-02,2.114702213869784284e-03
7.861627316590903414e-01,1.149313390541530505e-01,9.383522059649780644e-02,3.035097974111401406e-03,2.035610716147250639e-03
7.768460012108315826e-01,1.545544477928480764e-01,6.275416008156108061e-02,1.605621977365311731e-03,4.239768937393962461e-03
7.706851734647085506e-01,1.614756382566428505e-01,6.206585107970972320e-02,1.154578217767668769e-03,4.618758981171200428e-03
7.632944417640126211e-01,1.581312968318405177e-01,7.457235252014143834e-02,8.571497360467916337e-04,3.144759147958522613e-03
7.071863647376017692e-01,1.667384690840164052e-01,1.165837091293336208e-01,2.598797025614683464e-03,6.892660023433424578e-03
8.973782351257366674e-01,3.367859940244000150e-02,6.220890942177371291e-02,3.569509535558655806e-03,3.164746514491065602e-03
9.043989768168255727e-01,3.369901820917378665e-02,5.152751959923156794e-02,3.020606756058143941e-03,7.353878618710910954e-03
8.864583321208002742e-01,5.564249850649779366e-02,4.381905276839494906e-02,2.933763471077125047e-03,1.114635313322982595e-02
7.569929501952132878e-01,1.288581860467843399e-01,9.471713334892517544e-02,3.122804280359427372e-03,1.630892612871782596e-02
7.995580559789270403e-01,1.119959125118181048e-01,8.089808667993297897e-02,2.239051144847656587e-03,5.308893684474220651e-03
8.400824891522058468e-01,9.587983224687142425e-02,5.875362325848797890e-02,1.945036108188979073e-03,3.339019234245890408e-03
6.351913360571518341e-01,2.118938191228828538e-01,1.439877182016184864e-01,2.360666351159735384e-03,6.566460267187132320e-03
5.855144921926126456e-01,1.693301770752844715e-01,2.363583904090931220e-01,5.030241359478444807e-03,3.766698963531248459e-03
6.066318071360903286e-01,2.070550630751609722e-01,1.805211379582979392e-01,2.420320413716431016e-03,3.371671416734244031e-03
6.273185428674129538e-01,1.568085910749918155e-01,2.097165118320677424e-01,3.025649451768945650e-03,3.130704773758485882e-03
5.842797311938520144e-01,2.061258889976324560e-01,2.004279395539494690e-01,2.455174606417142268e-03,6.711265648148900982e-03
6.810910738500975947e-01,1.674343277239391803e-01,1.459518258347134445e-01,1.593802967054981081e-03,3.928969624194730663e-03
8.881016562619213905e-01,7.312871089732342345e-02,3.621644433496897658e-02,4.096366043345324014e-04,2.143551901451677677e-03
8.837191230367279493e-01,8.564471333029921585e-02,2.426733597248292157e-02,3.031181745415694644e-04,6.065709485948280605e-03
8.990442954392098285e-01,6.434836376362319810e-02,2.791315977204286702e-02,4.698909256088991404e-04,8.224290099515073685e-03
8.402696929237184476e-01,1.142411425898503252e-01,3.406960065028719065e-02,4.570009919711053503e-04,1.096256284417287952e-02
9.560430775004157278e-01,3.123176673705741965e-02,1.117525736177939558e-02,1.785481317886698197e-04,1.371350268958764895e-03
9.169196526278178272e-01,5.466401879766593502e-02,2.680704345428255170e-02,4.582894822478101151e-04,1.150995637985749659e-03
9.074860758545455486e-01,6.577445566335221594e-02,2.472019342454336369e-02,3.664715877473692152e-04,1.652803469811550772e-03
9.218488620347098372e-01,5.414260801825265812e-02,2.245108052581253413e-02,3.879087774588237331e-04,1.169540643766224953e-03
9.509486172831587147e-01,3.582554507747989087e-02,1.246569190891361201e-02,2.320939579153287664e-04,5.280517725324222322e-04
8.789327688870267608e-01,9.515081735737550284e-02,2.485021907858198445e-02,2.814739821442902869e-04,7.847206948714211807e-04
9.473300716669168509e-01,3.704004739040790695e-02,1.485897689984865336e-02,2.959978597312818717e-04,4.749061830953638314e-04
9.689761733767829899e-01,2.049542029097999041e-02,9.907443427301649078e-03,3.301723440518691301e-04,2.907905608836061878e-04
9.172394453784019630e-01,5.311787899372808625e-02,2.851766919768538439e-02,6.149821541586175406e-04,5.100242760259675800e-04
9.453532649105340635e-01,2.737845247212398678e-02,2.603572792544376138e-02,1.029741187047389546e-03,2.028135048508853376e-04
9.471167924143027994e-01,2.723521788612048855e-02,2.467208959754254097e-02,8.133690738738524406e-04,1.625310281603605379e-04
9.315326081451806850e-01,3.273386234131699102e-02,3.353213222251050230e-02,1.998713934787806241e-03,2.026833562041139723e-04
9.498301323544667829e-01,2.201329245805718274e-02,2.567189722646544270e-02,2.269887323693366328e-03,2.147906373171865144e-04
8.516516976808740091e-01,5.017458532178478703e-02,8.920677012950960216e-02,8.362739769114970606e-03,6.042070987165589586e-04
8.152540819858252741e-01,4.014888717560964604e-02,1.286020747954751686e-01,1.543635707246819415e-02,5.585989706215513341e-04
9.371301991702480905e-01,2.128965115821218959e-02,3.794292017557791136e-02,3.377905536763767605e-03,2.593239591979621577e-04
9.491982026837183506e-01,2.618141111381504585e-02,2.314138795775805280e-02,1.240999501822801420e-03,2.379987428858186505e-04
9.499742942531168577e-01,2.473589358336277660e-02,2.333522912912565361e-02,1.719685054998260163e-03,2.348979793966075131e-04
8.940019972795714143e-01,3.251657476888715481e-02,6.633220789389175642e-02,6.798565147414213986e-03,3.506549102354946106e-04
9.055483821061710570e-01,4.032847866216742599e-02,5.051813790668462784e-02,3.001836796922044762e-03,6.031645280546700863e-04
8.158352554162656700e-01,8.564056246210251244e-02,9.526268255784739458e-02,2.195771016909579213e-03,1.065728546874775227e-03
8.460092206759767253e-01,7.832521647804836784e-02,7.276184637947746836e-02,1.839761265352472287e-03,1.063955201145098083e-03
8.980509866844480493e-01,3.926158784434304050e-02,5.767225708753707242e-02,4.500476144625705291e-03,5.146922390460881248e-04
8.070581049710170429e-01,4.882282936111222160e-02,1.216322469724227529e-01,2.182801222987505382e-02,6.588064655729551416e-04
5.088592100922140204e-01,1.794469798601376967e-02,1.524649284820180639e-01,3.200211534404007185e-01,7.100099993534762181e-04
3.172328075252588975e-01,8.486536458179988127e-03,9.251840833776224515e-02,5.811456292253954770e-01,6.166184534034717607e-04
7.569155733041790790e-02,2.573609393070538064e-03,3.325375890703531623e-02,8.878663806083492149e-01,6.146937611271104801e-04
2.197269606208912263e-01,4.082269899465434775e-03,3.130729235487596240e-02,7.444513997536734706e-01,4.320773710938231003e-04
7.916145895995226889e-01,4.919987422169816264e-03,2.089957581008878088e-02,1.822581555828626798e-01,3.076915853559262929e-04
8.200653805225767146e-01,1.340287999534609670e-02,3.312892691273160856e-02,1.328291848124039942e-01,5.736277569415005294e-04
8.023065922110355075e-01,8.901635708845489006e-03,3.208224916185727082e-02,1.563455217412630660e-01,3.640011769986703592e-04
8.170980408742838375e-01,1.420116349340717898e-02,3.346306760489611148e-02,1.341260852989648866e-01,1.111642728447808075e-03
5.592439587315674032e-01,8.882551308293022002e-03,5.006454138267020515e-02,3.809953335224174342e-01,8.136150550519193579e-04
4.749781699031561111e-01,1.292619871772824128e-02,4.555299541670513458e-02,4.646576840611836290e-01,1.884951901226869985e-03
7.759844746973604268e-01,8.595686180259132225e-03,2.653173275548262322e-02,1.869170334672524691e-01,1.971072899645271402e-03
6.777147222144993544e-01,7.847883712395510580e-03,1.957140730967419848e-02,2.902151574645200904e-01,4.650829298910894721e-03
9.015503027299750505e-01,6.622149171094609751e-03,8.894050480086476348e-03,8.067116946501938501e-02,2.262328153824487518e-03
