8.722667114986646375e-01,3.167387074293494947e-02,3.089322538413075830e-02,1.523258590547133320e-02,4.993360646879849846e-02
9.771462779605187832e-01,1.487737577050668100e-02,4.592145458924747764e-03,6.792852754071538549e-04,2.704915534642691240e-03
9.897874482278758990e-01,8.325156652010300140e-03,1.290651692606125528e-03,7.260324199913826724e-05,5.241401855085741929e-04
9.919558991735882847e-01,5.490189411147740339e-03,2.057175781435769887e-03,2.197749216123298546e-04,2.769607122157661584e-04
9.328443139550884888e-01,4.326838642998485224e-02,2.209510465535609314e-02,9.520346456986594026e-04,8.401603138719766469e-04
8.717930009735892494e-01,6.796817008159541929e-02,5.766987671898492207e-02,1.747994208261337973e-03,8.209580175690728201e-04
8.335186120941322496e-01,9.145632312208139270e-02,7.298515417374584757e-02,1.244754931160553437e-03,7.951556788797206404e-04
6.790679929952749827e-01,2.018171732947320884e-01,1.167147238037906792e-01,1.024814873686182622e-03,1.375295032516044664e-03
4.233824588699581226e-01,1.975293952500656314e-01,3.748262413302037577e-01,3.446323636824605470e-03,8.155809129478602077e-04
8.284686418548945497e-01,9.864244977191947983e-02,7.174341987771067075e-02,6.910240327505222813e-04,4.544644627247169054e-04
9.642967427994141305e-01,2.111514169500644522e-02,1.414934023016066467e-02,2.736499266064885819e-04,1.651253488123730713e-04
9.879825022560859704e-01,8.108053079452851031e-03,3.683903452475289532e-03,1.141307472637546926e-04,1.114104647222560984e-04
9.935649673725871489e-01,4.722774154798654693e-03,1.560447006271424748e-03,7.390281782323609170e-05,7.790864851966892914e-05
9.916179542419764070e-01,6.458198327835132369e-03,1.726298129377376459e-03,8.949416854828791000e-05,1.080551322626305705e-04
9.884004402456249005e-01,9.148905501047801050e-03,2.247611075348465801e-03,9.050655513324429519e-05,1.125366228455360734e-04
9.944664012671653452e-01,4.357280630333397291e-03,1.024199687332128872e-03,6.025110279526641550e-05,9.186731237393546779e-05
9.951532216639006334e-01,4.032459376007365391e-03,6.685543821618933000e-04,3.976750978321200262e-05,1.059970681469074913e-04
9.676188337984195087e-01,2.695234708049538963e-02,5.004891114406054969e-03,1.653233261078557149e-04,2.586046805708409001e-04
9.249408127324669771e-01,6.366676126913764500e-02,1.082771927915704077e-02,1.742955663740171953e-04,3.904111528644893634e-04
9.478345904831503299e-01,4.279070947277098524e-02,9.050665444796076112e-03,1.510702395725746711e-04,1.729643597101285788e-04
9.734101145321856219e-01,2.195743895070934731e-02,4.439225144208918880e-03,7.852251006371873765e-05,1.146988628325707642e-04
9.665829075538536763e-01,2.528473203452580656e-02,7.904206952194025443e-03,1.331634035011315404e-04,9.499005592539206755e-05
9.668422616188317997e-01,2.690355754925747092e-02,6.006828117813650843e-03,1.052051633939856312e-04,1.421475507031485759e-04
8.865731323611086845e-01,9.307787206973286431e-02,1.986139995020392429e-02,1.745272136914229055e-04,3.130684052630873081e-04
9.329413684711769239e-01,5.171230291401755774e-02,1.489128272655902696e-02,1.530038921806865055e-04,3.020419960657593503e-04
9.812912705455546503e-01,1.463163895239617297e-02,3.850470890907575945e-03,8.275342744204744038e-05,1.438661836995853906e-04
9.941340716231455987e-01,4.574346295094159146e-03,1.144248996925705452e-03,4.773638116578055718e-05,9.959670366873206080e-05
9.622507609533907935e-01,3.110440469262367585e-02,6.205385623358053437e-03,1.157770365482209515e-04,3.236716940794704777e-04
9.506140896575491217e-01,4.157889442242361511e-02,7.339256496573114824e-03,1.091708684002037292e-04,3.585885550538625349e-04
9.781503925156374013e-01,1.585225566977611564e-02,5.581565129734251257e-03,1.008691315395458972e-04,3.149175533126521054e-04
9.370607659264503786e-01,4.279837940049505129e-02,1.888236104434322382e-02,3.397659711881134475e-04,9.187276575232201578e-04
6.882645442415065151e-01,1.782298509077150095e-01,1.306560666120967773e-01,1.018030770493670882e-03,1.831507468188061467e-03
8.820011903764040095e-01,5.877581624153159490e-02,5.734673315485704082e-02,8.404155453305476014e-04,1.035844681876814301e-03
8.644361677414077461e-01,4.430294013268455677e-02,8.531695947188346063e-02,3.453007218981198750e-03,2.490925435043035620e-03
8.426639766340412452e-01,4.115047580975227104e-02,1.033785269005849244e-01,4.615625216906312292e-03,8.191395438715250513e-03
8.585977318394077962e-01,3.855295629823760756e-02,8.447718516978956760e-02,4.053170865015754375e-03,1.431895582754912945e-02
8.904857684966259734e-01,3.205371898798165670e-02,5.274399117411808502e-02,3.367021683481518767e-03,2.134949965779268585e-02
9.554659864897917521e-01,1.819141550332509932e-02,1.752945929070511347e-02,9.415291055778501504e-04,7.871609610600302856e-03
9.419514753990911871e-01,2.450807972127194700e-02,2.105207166219650455e-02,1.031651866227895151e-03,1.145672135121252391e-02
8.336714357628068894e-01,7.768635585312042013e-02,6.695086508688773141e-02,1.268274670489285411e-03,2.042306862669579504e-02
9.155629835211939183e-01,3.340363936344054041e-02,4.541160761929773082e-02,1.321399086726694413e-03,4.300370409341280030e-03
8.669305044684438855e-01,2.707550617147666192e-02,9.362245615619475825e-02,2.841720699511947335e-03,9.529812504372868476e-03
7.394966855439227826e-01,5.843572144087841314e-02,1.840813436117017532e-01,5.131906315063597054e-03,1.285434308843358929e-02
8.441289938681986182e-01,2.548056123137597620e-02,1.113484417251950631e-01,5.169773274087479178e-03,1.387222990114307317e-02
8.265878321640431903e-01,2.917295651837529397e-02,1.003939693224133317e-01,5.118888372998276620e-03,3.872635362216991090e-02
9.178569260185793777e-01,1.682495953345240075e-02,4.123754318302767091e-02,2.436543630244358220e-03,2.164402763469622931e-02
9.066109194277079952e-01,1.296197664798725939e-02,4.514818701287652558e-02,3.062572714714647659e-03,3.221634419671370181e-02
8.911345237453199841e-01,2.047820336688924853e-02,2.017624898702485847e-02,1.205093445189761320e-03,6.700593045557622085e-02
9.387929419245890639e-01,1.168838006834494077e-02,2.413204427972594213e-02,1.269414431007753318e-03,2.411721929633226652e-02
9.704970909305966620e-01,8.846792183868554954e-03,1.323578079397549727e-02,5.502026085383729739e-04,6.870133483020885931e-03
9.792426008288488415e-01,6.980143763666902569e-03,6.464483630237956475e-03,2.976127348242381832e-04,7.015159042422161248e-03
9.220507781810803882e-01,3.480679320215510075e-02,2.273603347661498630e-02,4.355076793483003412e-04,1.997088746080141058e-02
9.152576346381827710e-01,3.459849170812322877e-02,3.929443807015615964e-02,9.751612976091077103e-04,9.874274285928871450e-03
9.632155881667920916e-01,1.780665710997048762e-02,1.466745750935316561e-02,3.737520658949358113e-04,3.936545147989318344e-03
9.644293317964927059e-01,2.056469074523608123e-02,1.147116068145380939e-02,2.734560464517894556e-04,3.261360730365624357e-03
9.627145969823081018e-01,1.975294033336575175e-02,1.421040397952249776e-02,4.356213062784217551e-04,2.886437398525309918e-03
9.665400257291847375e-01,2.289698365085870296e-02,7.602831026586666895e-03,2.262713065836311247e-04,2.733888286786240011e-03
9.682973483904320222e-01,2.486791582517655641e-02,3.596094617248263986e-03,1.320394363923179531e-04,3.106601730750837512e-03
9.507748580533625926e-01,3.840668538758786749e-02,6.184234942364688278e-03,1.700574856102247902e-04,4.464164131074396628e-03
9.148710893065867822e-01,6.407603468420075554e-02,1.556324327282463012e-02,3.338056137635826617e-04,5.155827122624118304e-03
8.943681009676497373e-01,7.991296979061582317e-02,2.045880129733809727e-02,4.433030754716643261e-04,4.816824868924586729e-03
8.619603026425679548e-01,9.849464191017462400e-02,3.174638168353693252e-02,6.466278059748684299e-04,7.152045957745815051e-03
7.812712490809198274e-01,1.509896452371451703e-01,4.450877132511837225e-02,6.956703788055781717e-04,2.253466397801104706e-02
7.968117349840095898e-01,1.084997277241288027e-01,8.557738365034651962e-02,1.131399416195234906e-03,7.979754225319822189e-03
8.543162750967097097e-01,8.524215596768695835e-02,5.793413598585763630e-02,6.610014427360511990e-04,1.846431507009507669e-03
9.283522955317202729e-01,4.936249780879466142e-02,2.124294879340572414e-02,2.868885579663321629e-04,7.553693081129742460e-04
9.154412797710421712e-01,5.133737634786371407e-02,3.136612056235701246e-02,4.893773428781551631e-04,1.365845975859019974e-03
8.080899557173280012e-01,9.691473299520204920e-02,9.078960568214035354e-02,1.417787161559907593e-03,2.787918443769522338e-03
8.323859944551433854e-01,9.512511233581898151e-02,6.921363737384020332e-02,1.065702609419324218e-03,2.209553225778086716e-03
6.603548171126351063e-01,2.045520054410845945e-01,1.266240648485389142e-01,1.971582933087022513e-03,6.497529664654334326e-03
5.456791814275619990e-01,2.031217383767003337e-01,2.454958771144421514e-01,2.567283453026057271e-03,3.135919628269510234e-03
8.011952490838807339e-01,9.947981090649626879e-02,9.242885141124522475e-02,1.795356058006766613e-03,5.100732540370982518e-03
7.599095949188401367e-01,1.639382402237616609e-01,7.048194538597335468e-02,8.924744439693842396e-04,4.777745027455431934e-03
8.894898652705128805e-01,6.776470101624108844e-02,4.015313477474072995e-02,5.010205762465986395e-04,2.091278362258500341e-03
7.978513525667034756e-01,1.378574872567149834e-01,6.074638639047577615e-02,5.765694097469663661e-04,2.968204376358922220e-03
7.091963967826443449e-01,9.508148575953516424e-02,1.922670182773970338e-01,1.855714872481442840e-03,1.599384307941948118e-03
8.400858248936160511e-01,9.132672844232313236e-02,6.586120173972161151e-02,6.753703428839573451e-04,2.050874581455267454e-03
7.926444644603496403e-01,1.311222861175556365e-01,7.341591976281582055e-02,6.799385271982045197e-04,2.137391132080865112e-03
7.777722659932524429e-01,1.070167602765019210e-01,1.101137267195245045e-01,1.245405922363953003e-03,3.851841088357331813e-03
8.321854678315500076e-01,1.037651504164585903e-01,5.988420797268174250e-02,7.176912916017485090e-04,3.447482487708026719e-03
8.098368381648686221e-01,1.171551512291724717e-01,6.804491231414115660e-02,6.212889950508801310e-04,4.341809296766833623e-03
8.587817953499952139e-01,9.397992400906088339e-02,4.449823765366550665e-02,3.922710240360912314e-04,2.347771963242424424e-03
7.199879385345904215e-01,2.103002870726415618e-01,6.605863461579536411e-02,6.179319897554198240e-04,3.035207787217368818e-03
6.816468548650351789e-01,2.200994399815119629e-01,9.009637050310539963e-02,9.127736657958888770e-04,7.244560984551488662e-03
7.061111711646105293e-01,1.794208921385624933e-01,1.055883569404379996e-01,9.560931598920584511e-04,7.923486596496847126e-03
7.511285797291603616e-01,1.615135993282346694e-01,8.135551874577265363e-02,7.272495648327661870e-04,5.275052631999473281e-03
6.978401465049347552e-01,2.210939051123906873e-01,7.374377967817799528e-02,5.180988310831566518e-04,6.804069873413521458e-03
8.072207076148795180e-01,1.346202747153573964e-01,4.828271535404380504e-02,5.381512964038423930e-04,9.338151019315338655e-03
8.619021447892458720e-01,9.547155184187408605e-02,3.676697487286466337e-02,3.607660378859374375e-04,5.498562458129478171e-03
9.190001239774098218e-01,4.580665238768111269e-02,3.304631042150713016e-02,4.955513994912485662e-04,1.651361813910703653e-03
8.180638959855828229e-01,9.764893269074173543e-02,8.139663526458520981e-02,6.562545655097887318e-04,2.234281493580481028e-03
8.372596518956458844e-01,1.003000581899842203e-01,5.804924507305696951e-02,6.033603699046314987e-04,3.787684471408344581e-03
9.433737222867359939e-01,3.624754779680857547e-02,1.755389767653419558e-02,2.688721122958985152e-04,2.555960127625341201e-03
9.740540289157207932e-01,1.906785720437939244e-02,4.613358750673644468e-03,9.952928740046455369e-05,2.165225841825573014e-03
9.504897825035036885e-01,4.015953203267365323e-02,5.635957839029777545e-03,9.103368271386935902e-05,3.623693942079048332e-03
8.955924669640449309e-01,8.139773942059180811e-02,1.701650868878421680e-02,1.417675047840000809e-04,5.851517421794876460e-03
9.515825686830697849e-01,3.766296472167876552e-02,8.665063304876749473e-03,9.092158103318077596e-05,1.998481709341452198e-03
9.531773249934281100e-01,3.555674763232179875e-02,9.365411962439050900e-03,1.089454947752493573e-04,1.791569917035782614e-03
9.151534806107397557e-01,7.362077965836251459e-02,9.537189026657568250e-03,6.272258987693608823e-05,1.625828114363239750e-03
9.823384554257070800e-01,1.401728831963556035e-02,3.180426063366869997e-03,4.760752954651011683e-05,4.162226617439836120e-04
9.784907384948532405e-01,1.451402130397024676e-02,6.388965252167600958e-03,1.437820966802695437e-04,4.624928523286846844e-04
9.387450226488442961e-01,4.127687990374744736e-02,1.847724848566604031e-02,3.312762576194370990e-04,1.169572704122666222e-03
9.330741597661309505e-01,4.962302001235353865e-02,1.578370246748835026e-02,2.593270704429017888e-04,1.259790683584214623e-03
9.083186806913273736e-01,5.467308197456267893e-02,3.533607175568887621e-02,6.008316189352688351e-04,1.071333959485877519e-03
9.146602120786692103e-01,6.739306917884313464e-02,1.664091918512237631e-02,2.114583847574958363e-04,1.094341172607741662e-03
9.422785581490539242e-01,4.060743459246930059e-02,1.629796487352147202e-02,3.022941770320668924e-04,5.137482079232244970e-04
9.710195809905090014e-01,1.461151700454708414e-02,1.374001862583099955e-02,4.415220721315643582e-04,1.873613069814129839e-04
9.659004989885303649e-01,9.709040673722659637e-03,2.204729831249890859e-02,2.135330383703325577e-03,2.078316415446875552e-04
9.624883212978866398e-01,8.724403842268550410e-03,2.395002303555215234e-02,4.624929334772745829e-03,2.123224895199974586e-04
9.563831270040612509e-01,1.170020154618702478e-02,2.668602096923350375e-02,5.026216002942384201e-03,2.044344775758863094e-04
9.542217508911184920e-01,1.175740371985422618e-02,2.836380881644824312e-02,5.433215943367769238e-03,2.238206292113479093e-04
8.828386449136408354e-01,3.157455575798193137e-02,7.455387823393341828e-02,1.069279342564851895e-02,3.401276687953607445e-04
7.236120547596111008e-01,4.576676903521167267e-02,2.123850742932672508e-01,1.778765847637439265e-02,4.484434355355934598e-04
7.785942839819172123e-01,2.976383357693069068e-02,1.769792990685934708e-01,1.416028446511293469e-02,5.022989074455098827e-04
9.577253657065508685e-01,1.299906270496246387e-02,2.725170384029209150e-02,1.760469951833187104e-03,2.633977963614007184e-04
9.303518888380759577e-01,3.080690572026711926e-02,3.639106033552638730e-02,2.085505091165107665e-03,3.646400149653480308e-04
7.794615931459666358e-01,1.005837590851398761e-01,1.159174822457742504e-01,3.090158293289571416e-03,9.470072298296920970e-04
7.017230748821290387e-01,1.399510847146598902e-01,1.545461848845359754e-01,2.676517617119626886e-03,1.103137901555481656e-03
9.246353912234233086e-01,4.476139239229271621e-02,2.963311479768225565e-02,4.572841663222637631e-04,5.128174202794415042e-04
9.720942323202612645e-01,2.119708952906675450e-02,6.299995616440240941e-03,1.144437085745299716e-04,2.942388256571890461e-04
9.897864656706363284e-01,7.776271476862064123e-03,2.304950699820717055e-03,3.880549641455647994e-05,9.350665626639725924e-05
9.942652768281288189e-01,4.826537008142496761e-03,8.192603071697602624e-04,1.550274927098826641e-05,7.342310728782946376e-05
9.964689186756766626e-01,3.074096971219524195e-03,3.889631531332160509e-04,1.029080918709599783e-05,5.773039078338106881e-05
9.887654954442471888e-01,1.023601893262593432e-02,8.864178993949598960e-04,1.779941934381972605e-05,9.426830438813230682e-05
9.935074097460104836e-01,5.735696132033146766e-03,6.739802360720466984e-04,1.448108742233894579e-05,6.843279846193317962e-05
9.926280753874500151e-01,6.724962101907708961e-03,5.408169216346870320e-04,1.229710013564253435e-05,9.384848887194992056e-05
9.923206937921664750e-01,6.904138567599871386e-03,6.609102825538267032e-04,1.419360460197965798e-05,1.000637530777212704e-04
9.952507997468813539e-01,4.308799113681431765e-03,3.620351271303340096e-04,7.825552743552443652e-06,7.054045956329122932e-05
9.970824274925100816e-01,2.650110992060489539e-03,1.998608529217677735e-04,5.360408955306475091e-06,6.224025355245646973e-05
9.962268622272246743e-01,3.456232439771533480e-03,2.466936152328045120e-04,6.770148814782035904e-06,6.344156895622664620e-05
9.945729005933126032e-01,4.934611488084264183e-03,4.073741794096023610e-04,9.906734752308245682e-06,7.520700444119358811e-05
9.974683587582811040e-01,2.254433049338339969e-03,2.213875296567742500e-04,6.492689845117033708e-06,4.932797287865471608e-05
9.986177097030427552e-01,1.273453467630204870e-03,7.675230924031494124e-05,3.787925525516819619e-06,2.829659456109874743e-05
9.985531766800174180e-01,1.311288138717018855e-03,6.190653540655348354e-05,3.283045518005136303e-06,7.034560034103920132e-05
9.953431134122681101e-01,3.861364295065014465e-03,6.495143007101207740e-04,3.271463997837674936e-05,1.132933519784645504e-04
9.942952663802501201e-01,4.682553179160060808e-03,8.882852031140768241e-04,4.132272564865889318e-05,9.257251182710086459e-05
9.859680353853020884e-01,1.208739229412077523e-02,1.772923579969141105e-03,5.079455412050018509e-05,1.208541864874559490e-04
9.816803841482709680e-01,1.604490710082566440e-02,2.082916415764205376e-03,4.849519437531067635e-05,1.432971407639356033e-04
9.927849131749985068e-01,6.243449711144099211e-03,8.332788133326679385e-04,2.388675989676859509e-05,1.144715406279016539e-04
9.907421243518471643e-01,7.178824814970471632e-03,1.429515788252576402e-03,4.757829381596623752e-05,6.019567511139148341e-04
9.789702598515827026e-01,1.491963205267740622e-02,5.228103016964488411e-03,1.571917909709377205e-04,7.248132878045268884e-04
9.832969644761128114e-01,8.613098509204157593e-03,7.605506126820003876e-03,2.496704126977587930e-04,2.347604751653134363e-04
9.937272668787434649e-01,3.653307391326638363e-03,2.447931913428192437e-03,8.198036153559117587e-05,8.951345496624287033e-05
9.915603367826321124e-01,5.375385392195713291e-03,2.837709155290416268e-03,8.514271458566111637e-05,1.414259552960989619e-04
9.941503645304451409e-01,4.039337121447074234e-03,1.592057804693370118e-03,4.403287189802524261e-05,1.742076715165338471e-04
9.917911187713908117e-01,5.832535670356474126e-03,1.702004807263537717e-03,5.331910691854740254e-05,6.210216440707197472e-04
9.838593750252428993e-01,1.232317283010660180e-02,2.590101346785597669e-03,6.492700695095144866e-05,1.162423790913988267e-03
9.832191792862945423e-01,1.353493850313907884e-02,2.629880448668003162e-03,5.925666371398328547e-05,5.567450981844493775e-04
9.967417801808547972e-01,2.533702174069810738e-03,5.639259404718281873e-04,2.115114890948003061e-05,1.394405556940716022e-04
9.907764855721247210e-01,6.750257013123306220e-03,1.979029501737029299e-03,8.127512701643358200e-05,4.129527859983874827e-04
9.923944183389364904e-01,4.606555181332903579e-03,2.527910049234890436e-03,8.704532095666223926e-05,3.840711095390257884e-04
9.857351153496138885e-01,9.328361373808997936e-03,4.416172612753444665e-03,1.051959709572836756e-04,4.151546928662312296e-04
9.162052763973836944e-01,5.751580207336495082e-02,2.491531932014795156e-02,4.043035748017347552e-04,9.592986343015057725e-04
9.020507809624337403e-01,6.296686309262422565e-02,3.220837702287820958e-02,5.556699542475360869e-04,2.218308967816474530e-03
9.719115889908036543e-01,1.756569679266834633e-02,9.846872085050568588e-03,1.905703476964130700e-04,4.852717837809500910e-04
9.689107277569524168e-01,1.432568993457884396e-02,1.545679376312708575e-02,3.947957523974869013e-04,9.119927929442188906e-04
9.605631593735346474e-01,2.629293639901797083e-02,1.222567983359582056e-02,2.134476760382152810e-04,7.047767178134399296e-04
9.777388484879615538e-01,1.476971341803819116e-02,6.857650383761666399e-03,1.688865761564099983e-04,4.649011340820943718e-04
9.787132145929613447e-01,1.567433709263413993e-02,5.136611690030944838e-03,1.192582406760005074e-04,3.565783836976497436e-04
9.882086171730208868e-01,8.630343419009395278e-03,2.888635436837022792e-03,7.882747097293123706e-05,1.935765001598668291e-04
9.887207275001124174e-01,9.034177986546909275e-03,1.979015485848913819e-03,5.022871160233164669e-05,2.158503158894383475e-04
9.582513981332980713e-01,3.715637954307605267e-02,4.128185003300847804e-03,7.330838283508996067e-05,3.907289374898782796e-04
9.423114396670088100e-01,4.999534974931135051e-02,7.144783033151480729e-03,1.199460286799132279e-04,4.284815218484031734e-04
9.279572376209550555e-01,6.322555909490353010e-02,8.186164814391929875e-03,1.158600361783352625e-04,5.151784335711802939e-04
9.246822786875992239e-01,6.571473884936221421e-02,8.751119359814487145e-03,1.370611849827178721e-04,7.148019182412629086e-04
9.862484539966526187e-01,1.174115033011067372e-02,1.693847255454228361e-03,3.683416407801003563e-05,2.797142537044198032e-04
9.903876316211471798e-01,8.554040422112883443e-03,8.452945789783530145e-04,2.277885599320546018e-05,1.902545217683154278e-04
9.928949385632590552e-01,6.067215667186046796e-03,8.471526745759421937e-04,3.109516504519917998e-05,1.595979299337995717e-04
9.859512786417108376e-01,1.244212483478959741e-02,1.381316313127018292e-03,3.367891633878230368e-05,1.916012940338832169e-04
9.137394883202716311e-01,7.637489205139039172e-02,9.403739412499282496e-03,1.039654735697456857e-04,3.779147422687917065e-04
9.196845559806099413e-01,7.161019530582063419e-02,8.217159816592373503e-03,8.439918851313019837e-05,4.036897084638803247e-04
8.686241443344109303e-01,1.159538568697411759e-01,1.472742078540127328e-02,1.324379281248520444e-04,5.621400823217334499e-04
7.832682368724945832e-01,1.972424586924688139e-01,1.792085297225942675e-02,1.334102957791679343e-04,1.435041166998014123e-03
7.566462830975134723e-01,2.205858099272658690e-01,2.034256078848331595e-02,1.810411414377514341e-04,2.244305045299671390e-03
7.556295764616201005e-01,2.044815222622180517e-01,3.752639897026090188e-02,3.569172203752232764e-04,2.005585085525687927e-03
9.087212772532026195e-01,7.455947404470869566e-02,1.549302252552076618e-02,2.094803080513016509e-04,1.016745868516697252e-03
9.782235722272808465e-01,1.818728171109347189e-02,3.131078368067572327e-03,5.918094498098265777e-05,3.988867485771228579e-04
9.902188586443549934e-01,8.190918386132737053e-03,1.329740611223741370e-03,4.499538679277898391e-05,2.154869714955363099e-04
9.652386680842287570e-01,2.913644584322494513e-02,5.073477873116991749e-03,1.351660271586772031e-04,4.162421722705463966e-04
9.793998064805675696e-01,1.684473645986680687e-02,3.105989050800097608e-03,1.155384968954689483e-04,5.339295118701242390e-04
9.367371913857938104e-01,4.913580818361591718e-02,1.321083495952335776e-02,2.800809863581249937e-04,6.360844847087171504e-04
9.583921137759705555e-01,3.280951225793980741e-02,8.100983363167460483e-03,2.059813235020712600e-04,4.914092794202533712e-04
9.738227225190769776e-01,2.105238787455010821e-02,4.535615436920682579e-03,1.221454626013016020e-04,4.671287068507809005e-04
9.950788250126639811e-01,4.025940080613170206e-03,7.237106864906648999e-04,2.878627486508927196e-05,1.427379453670201120e-04
9.710851447855964880e-01,2.499581416374092868e-02,2.736329515844097057e-03,8.087139240651172246e-05,1.101840142412104876e-03
9.403157460749825836e-01,4.958801455445205342e-02,4.449573534411433579e-03,9.750343441189734180e-05,5.549162401742020571e-03
7.407313247043360027e-01,2.309738268711176712e-01,1.429693647328659188e-02,1.377517725545106286e-04,1.386016017870521366e-02
5.858068233516553480e-01,3.750487342348067243e-01,2.652335697314458021e-02,1.737690730838400554e-04,1.244731636730947964e-02
6.171432542974256696e-01,3.316041585441086847e-01,2.771586610597562977e-02,1.860422178248084346e-04,2.335067883466524635e-02
8.457980990644868857e-01,1.212980910367661425e-01,1.646387816969845444e-02,1.900125751189107295e-04,1.624991915392958938e-02
7.661944570892345041e-01,1.791447556875928049e-01,4.003014363915268631e-02,4.194524214545539359e-04,1.421119116256542442e-02
5.968454872232689112e-01,3.309824677908564383e-01,6.522959033290429143e-02,4.133511411286404651e-04,6.529103511841869746e-03
7.635194433489053134e-01,2.021940974146556325e-01,2.841350582433437369e-02,2.638441384958939559e-04,5.609109273608774669e-03
6.845363704468584443e-01,2.520058978817073525e-01,5.603353698324727017e-02,5.852296170207778314e-04,6.838965071166326973e-03
7.826580220747261230e-01,1.822836106336336026e-01,2.917061714228867328e-02,3.226366404918645206e-04,5.565113508859634989e-03
7.580632582905529882e-01,1.867303091741285281e-01,4.896665236590859449e-02,6.037450887433172065e-04,5.636035080666644548e-03
7.652710405815120742e-01,1.448118954867303465e-01,8.262792491279373486e-02,1.114703594295636882e-03,6.174435424668284732e-03
8.020451264971684147e-01,1.129492418466838261e-01,8.067385494951312408e-02,9.044183440083695740e-04,3.427358362626100295e-03
8.931853393923039341e-01,6.956761981955822405e-02,3.457679294510062479e-02,4.812049411179990114e-04,2.189042901919128776e-03
6.184697637342394527e-01,2.836356789005662349e-01,9.389909282854691508e-02,6.799140443753977749e-04,3.315550492271874747e-03
6.266635114399694562e-01,2.712018029088865689e-01,9.549202287683555834e-02,6.931514422246320539e-04,5.949511332083746995e-03
7.053613065437703833e-01,2.368290653256232003e-01,4.672708679676619570e-02,4.158764527816395749e-04,1.066666488105851712e-02
4.876341747862508735e-01,3.992267693680689455e-01,9.686628481741367536e-02,7.402171410442117284e-04,1.553255388722237992e-02
5.597022905104441781e-01,3.162303361133933510e-01,6.781551922988195147e-02,5.915577786104079605e-04,5.566029636767023253e-02
5.188717946149026261e-01,3.412276253544559990e-01,6.696576932802943138e-02,5.845955606850828171e-04,7.235021514192711833e-02
6.012498867575606365e-01,3.105415684985779468e-01,5.921305198740848402e-02,5.322828972854347796e-04,2.846320985916742791e-02
6.296415629538664183e-01,2.495210344476790632e-01,7.232771693580800076e-02,8.056522641797892815e-04,4.770403339846678026e-02
6.961595490420402488e-01,1.714125166599839434e-01,6.249190490224853373e-02,9.626271999993268576e-04,6.897340219572808961e-02
9.362344957023073233e-01,3.614918284836657336e-02,2.227495249604028588e-02,8.205391784320044271e-04,4.520829774853873419e-03
9.775892684078891781e-01,6.797176843957908159e-03,1.229681234879119282e-02,2.831186721052104602e-03,4.855556783096537073e-04
9.950133806341693310e-01,2.553305098257679408e-03,1.881005618943812048e-03,3.024096059628524980e-04,2.498990426662897591e-04
9.987048475910197398e-01,8.784582912379302949e-04,2.929721830055339172e-04,4.964343257758889423e-05,7.407850215918346194e-05
9.981288808495087927e-01,1.394498031449439499e-03,3.372419017587220073e-04,5.952551244095450765e-05,7.985370484203725716e-05
9.978320518056984501e-01,1.772547893041799333e-03,2.887614469109159982e-04,3.226541300506399664e-05,7.437344134370795932e-05
9.979301324596931977e-01,1.709566912420822310e-03,2.332146966012285845e-04,2.779685716392528051e-05,9.928907412064225894e-05
9.967792167442000029e-01,2.822975855537631328e-03,2.680133222547513637e-04,1.662678371474207603e-05,1.131672942930237569e-04
9.907050011382806387e-01,8.109953486039949214e-03,1.002159629078734279e-03,3.811142141119526792e-05,1.447743251896627613e-04
9.665148313372018407e-01,3.058338126325921974e-02,2.658620445590128157e-03,4.874667201117715751e-05,1.944202819375177101e-04
9.548141272124969214e-01,3.780940456929629545e-02,6.927855281393367065e-03,1.674856214032782395e-04,2.811273154102518924e-04
9.557151863266682978e-01,3.607171946890468800e-02,7.229370746749257635e-03,1.836888308114295208e-04,8.000346268664471289e-04
9.711119691533818266e-01,2.487878149644216080e-02,3.258274170593529126e-03,9.718013243217074040e-05,6.537950471503138020e-04
9.799199171854752199e-01,1.246855325261815757e-02,6.676136760133462300e-03,6.128000901838024164e-04,3.225927115892858856e-04
9.869564441752022299e-01,7.076152745707168373e-03,5.061285314069531235e-03,7.118401957805180333e-04,1.942775692406875968e-04
9.814377690620875727e-01,1.443432257933805959e-02,3.569942013955438795e-03,2.262981526001737835e-04,3.316681920189289926e-04
9.024624166587604801e-01,7.781194689558838806e-02,1.814510492712191614e-02,5.415546339188764564e-04,1.038976884610369597e-03
9.132140983627473618e-01,5.870460841951175013e-02,2.642773734977127073e-02,8.143708947474717760e-04,8.391849732223320224e-04
8.398187277865613032e-01,1.222942827231174173e-01,3.595087265304673652e-02,5.891352473649801328e-04,1.346981589909604805e-03
9.430926595170511240e-01,4.389790144495188395e-02,1.200985764154537984e-02,2.909627141104696203e-04,7.086186823411933650e-04
9.724020924931747745e-01,2.147385257154902499e-02,5.634839843249732187e-03,1.647505214672947667e-04,3.244645705589912230e-04
9.564963965906142507e-01,3.487664707406651354e-02,8.003749391742576852e-03,2.189832293264264065e-04,4.042237142502185356e-04
9.688097332543078588e-01,2.416657549914132813e-02,6.536335322882727387e-03,1.730366503121778343e-04,3.143192733559700453e-04
8.323198244791208955e-01,1.343292482583071934e-01,3.183544097115501015e-02,4.431069180550987617e-04,1.072379373361762771e-03
9.229891150992708404e-01,5.835390516338489347e-02,1.786622443929563459e-02,3.145863035994598622e-04,4.761689944492072382e-04
9.562503865344569309e-01,3.359178046458927841e-02,9.670484636436837284e-03,1.950191790975579079e-04,2.923291854192424321e-04
9.321228333041232661e-01,4.072248896252364525e-02,2.628401638323162037e-02,6.117319298933404041e-04,2.589294202280498138e-04
8.186219859276548938e-01,1.075941446541024693e-01,7.207030174885979690e-02,1.161489547058763014e-03,5.520781223239830914e-04
9.126235003691147707e-01,5.294634097148404744e-02,3.333725362010084292e-02,6.769044847595707915e-04,4.160005545408411724e-04
9.702668837569050631e-01,1.949419586897303824e-02,9.742023165856764783e-03,2.739645609679443186e-04,2.229326472970865225e-04
9.258899718824579184e-01,4.424006461758964864e-02,2.843832218483448651e-02,9.860211643279259523e-04,4.456201507900270364e-04
9.516970840726262093e-01,3.506838672001022505e-02,1.232916712125095744e-02,3.760037454643868054e-04,5.293583406483046584e-04
9.159483397852062891e-01,6.857445367222274324e-02,1.310149478499986024e-02,2.953745458096071409e-04,2.080337211761625407e-03
9.698227137827899469e-01,2.196890279612594837e-02,4.220196420427251016e-03,1.678730271537052794e-04,3.820313973503245558e-03
9.766828383981328576e-01,1.813511404490122589e-02,2.538292023962786768e-03,1.044518984508374025e-04,2.539303634551989212e-03
9.565375106308842135e-01,3.540788950126994017e-02,5.848432342750586356e-03,1.436363842482880730e-04,2.062531140846915120e-03
8.835286624078508844e-01,9.540468119786127410e-02,1.816358427248229712e-02,2.873440210853711119e-04,2.615728100720257111e-03
8.818835857562289382e-01,8.122316384521609256e-02,3.524703439984605557e-02,4.771823538403850381e-04,1.169033644868479674e-03
8.067291537610242758e-01,1.341376834857043177e-01,5.650142518403779290e-02,7.127615785130186465e-04,1.918975990720485532e-03
8.621987235014190176e-01,1.053272597747093864e-01,3.055569742142166464e-02,3.776398808276735294e-04,1.540679421622183224e-03
8.706635006955573131e-01,1.005750409412026064e-01,2.707759193522285557e-02,3.050001055110074699e-04,1.378866322506134721e-03
8.855824217029071299e-01,8.684891204477149240e-02,2.593865483825606028e-02,2.542233858962258714e-04,1.375788028168969945e-03
9.611229866859245519e-01,2.656084600341005256e-02,9.309073684381882069e-03,2.455285432595554081e-04,2.761565083023934195e-03
9.273270488363114517e-01,5.317357372889898459e-02,1.092213662231688101e-02,2.583748955959341278e-04,8.318865916876739403e-03
9.690355154027345819e-01,2.208816140641802275e-02,5.682838320891222400e-03,1.636923065487728339e-04,3.029792563407376644e-03
9.584605943331124811e-01,2.883805313342332685e-02,1.029392039929228307e-02,2.469248049483140409e-04,2.160507329223517251e-03
9.719440530028695679e-01,1.765334201384016755e-02,8.201906419663068312e-03,2.310743764354466470e-04,1.969624187191800369e-03
9.798952933787352659e-01,1.398454325708272522e-02,3.997338783099699255e-03,1.159574772580400690e-04,2.006867103824308378e-03
9.505535756533234348e-01,3.732718937136335347e-02,8.901206072375333206e-03,1.853589732527388949e-04,3.032669929685011690e-03
9.728431819912545242e-01,1.990996443368513169e-02,5.893610424733317608e-03,1.432290018143020794e-04,1.210014148512628769e-03
9.747284959622124489e-01,1.679800521801200555e-02,7.633417347612096206e-03,1.620279657929649965e-04,6.780535063704062936e-04
9.696847809503582605e-01,2.102232368236814017e-02,8.548590487640323962e-03,1.590087478421850216e-04,5.852961317910936783e-04
9.853098787706213724e-01,1.150741746774822279e-02,2.457265119360806105e-03,5.743319872421410381e-05,6.680054435454633229e-04
9.922069209064838802e-01,5.623702858653941740e-03,1.909250279641329980e-03,4.331614349102996770e-05,2.168098117298467139e-04
9.662583352045879259e-01,2.532248315409645414e-02,7.423085293915727967e-03,1.431028493633399552e-04,8.529934980366172875e-04
8.940037403460245891e-01,8.380357654217975016e-02,1.958977517242339525e-02,2.529141961573502079e-04,2.349993743214840239e-03
8.708684790938914233e-01,9.907615823291804347e-02,2.752514667308904664e-02,3.340218539570358820e-04,2.196194146144297456e-03
8.722106182977074074e-01,1.041432878394872030e-01,2.147171686677490018e-02,3.594132629813888858e-04,1.814963733048911886e-03
8.890934223273183612e-01,7.143442445992102818e-02,3.772188650303099494e-02,5.323207782182243176e-04,1.217945931511356340e-03
8.594444168942696471e-01,6.810006687874403664e-02,7.068002892295420503e-02,8.743012985736522014e-04,9.011860054584974787e-04
6.575677525944028101e-01,1.535965027484519629e-01,1.860416034154301346e-01,1.616759099058413980e-03,1.177382142656668851e-03
6.394879672598704490e-01,1.643997506018724519e-01,1.928914021497357134e-01,1.730224458664253754e-03,1.490655529857085309e-03
6.624016792841886936e-01,1.349784298038618768e-01,1.989118660191913357e-01,1.783127236184381317e-03,1.924897656573748995e-03
6.478977450190958054e-01,1.426483788938782138e-01,2.046090946915277708e-01,2.619646346273644521e-03,2.225135049224533784e-03
7.879326988765970041e-01,1.036605414061897990e-01,1.048604732762762476e-01,1.272283134696864694e-03,2.274003306240110663e-03
9.212254334181876336e-01,4.712628266557222084e-02,2.880476177182517833e-02,4.486181684322655509e-04,2.394903975982735477e-03
8.921579848139868929e-01,6.838631370105192897e-02,3.627154314071378421e-02,6.511383202968924148e-04,2.533020023950363370e-03
8.554416648358124098e-01,8.771803887753172602e-02,4.962209625497637777e-02,9.529089376458408853e-04,6.265291094033549266e-03
8.924080381235383053e-01,5.570536682374275378e-02,2.943910810362641156e-02,7.800301417414919405e-04,2.166745680735096199e-02
8.015589687254214279e-01,1.380042347877772912e-01,4.714282842776457150e-02,7.544022694234341292e-04,1.253956578961328699e-02
9.204819581613511437e-01,4.374308634565284015e-02,2.536526458518574209e-02,5.494907511752268646e-04,9.860200156635280655e-03
9.540202577203708012e-01,2.439211581343905810e-02,1.875337201046269400e-02,4.194053619715610963e-04,2.414849093755860442e-03
9.004509149123867129e-01,5.166136085484409474e-02,4.506716400997218958e-02,6.792022209565536789e-04,2.141358001840455629e-03
9.039103508886625615e-01,5.610282994642909471e-02,3.474334040184407640e-02,5.587217066091666653e-04,4.684757056455156853e-03
9.293141995172586878e-01,4.078305899696926112e-02,2.667334276548254113e-02,5.184678094396181916e-04,2.710930910849780433e-03
7.874376495111954366e-01,1.154842963844270598e-01,9.063409393327109820e-02,1.389720226110125519e-03,5.054239944996445980e-03
9.064471626714515340e-01,5.149245675828246355e-02,3.944229538225828280e-02,7.888034970206163170e-04,1.829281690987158860e-03
8.646565965059808123e-01,6.184489612743176989e-02,7.010374544500223848e-02,1.719391543309187805e-03,1.675370378275936861e-03
8.379614355675232273e-01,8.043851925261563673e-02,7.721569123812273283e-02,1.522115786337627924e-03,2.862238155400505420e-03
7.606206210865070760e-01,1.139649669247642383e-01,1.122801706581236514e-01,1.863146787072311608e-03,1.127109454353266392e-02
5.797016310516009963e-01,2.572036835585244097e-01,1.369996335659514619e-01,1.416797406996849655e-03,2.467825441692624369e-02
8.087845748687919611e-01,1.202920027641543321e-01,5.876118196993569687e-02,8.546703446207170284e-04,1.130757005249725944e-02
9.059623963345105890e-01,4.937716028010304820e-02,3.096420058881520221e-02,7.673770859920497119e-04,1.292886571057912277e-02
8.167810914479571860e-01,9.385273727240173169e-02,7.858143072049035560e-02,1.345622976399535103e-03,9.439117582751246904e-03
7.301690862807549420e-01,1.383984616752567121e-01,1.231610482161174386e-01,1.229870075995358539e-03,7.041533751875583488e-03
8.833935636487617593e-01,6.605667048319449619e-02,4.584088072915091377e-02,5.923637484873658845e-04,4.116521390405265997e-03
8.859783715817336480e-01,6.612436223718937134e-02,4.074196046484254707e-02,5.511494693944432545e-04,6.604156246839868773e-03
8.254292892350804101e-01,8.520874621341459343e-02,8.183408431147991269e-02,1.274718606164257449e-03,6.253161633860761758e-03
7.004309659862879567e-01,1.367512608985586853e-01,1.546721960196944801e-01,1.704589291388495641e-03,6.440987804070335936e-03
6.956392698772516647e-01,1.722187024089861795e-01,1.013045864065326707e-01,9.740251147514958482e-04,2.986341619247800949e-02
6.877937512483575100e-01,2.070061665074007518e-01,8.633389612983853600e-02,8.035952577961730193e-04,1.806259085660714275e-02
6.696841404598907754e-01,2.107090984555072544e-01,1.033114044847617680e-01,1.031232546707578062e-03,1.526412405313246588e-02
5.805559984215050706e-01,2.466674749714992121e-01,1.603354507991306965e-01,1.249682753336881598e-03,1.119139305452823002e-02
7.300334583810914602e-01,1.751374755976272402e-01,8.129831757245019330e-02,1.098746439067761803e-03,1.243200200976345322e-02
7.371573614466517821e-01,1.560156830416213891e-01,7.853699350552038883e-02,1.168566451207409549e-03,2.712139555499899074e-02
8.680173569809955803e-01,9.380319066733248945e-02,2.682317616399465185e-02,4.413200793949256752e-04,1.091495610828235006e-02
8.249931124205034383e-01,1.300567716230517923e-01,3.471786140029715223e-02,4.614199598139226985e-04,9.770834596333868513e-03
8.337149573583636508e-01,9.707709808815433161e-02,6.149747414483027613e-02,9.498169940506807733e-04,6.760653414601137424e-03
8.544203898989595203e-01,6.931188375389356338e-02,7.019787126964892321e-02,1.810845882844253161e-03,4.259009194653804592e-03
9.421929817571322863e-01,3.129277224815881636e-02,2.271630391902706297e-02,9.303552427646583165e-04,2.867586832917193643e-03
8.974673422594587890e-01,7.432957141019183589e-02,2.192625221509363759e-02,6.697645881756169282e-04,5.607069527080268435e-03
9.238734930978630411e-01,5.993226930534803487e-02,1.083971341569595417e-02,3.877608867590487461e-04,4.966763294333898307e-03
9.286552624240298481e-01,5.696812358132547632e-02,1.047759658994127513e-02,3.017278002354590130e-04,3.597289604467832601e-03
9.114291241697218826e-01,7.240185573681698350e-02,1.060237098669546650e-02,2.954696921059845834e-04,5.271179414659671152e-03
9.353823187138823325e-01,4.403363182956251259e-02,1.368252299823383492e-02,4.102869648983869339e-04,6.491239493422986707e-03
8.681526961783009311e-01,9.663959990621828755e-02,1.939479459765612243e-02,4.972120018689637740e-04,1.531569731595574732e-02
9.412303993663768686e-01,3.982234921811916850e-02,1.480050924380264983e-02,4.690613956519567814e-04,3.677680776049260889e-03
9.192159184696182539e-01,6.083355651133837139e-02,1.749954761524314534e-02,3.349452833238609670e-04,2.116032120476455530e-03
9.227439687807211799e-01,5.626834035988546867e-02,1.967302517783123955e-02,3.063693197747417545e-04,1.008296361787191240e-03
9.777594071108510754e-01,1.564442338959691481e-02,5.619255619094070363e-03,1.333669553045359942e-04,8.435469251534299159e-04
9.666584503586143073e-01,2.295012260820591260e-02,7.013875687202846855e-03,2.098494039359980563e-04,3.167701942040862615e-03
9.330606632583079429e-01,5.136878092074093072e-02,1.240708861527425877e-02,3.103278938460116371e-04,2.853139311830999152e-03
9.282160725566249715e-01,5.487913624151835590e-02,1.261087440531596590e-02,2.238166516462734542e-04,4.070100144894443772e-03
9.307807821232932932e-01,5.399606582339282201e-02,1.034751978781329844e-02,2.346773072912888261e-04,4.640954958209190899e-03
9.347383049551365453e-01,4.850485389950019016e-02,9.359526339179299187e-03,2.075247972210729030e-04,7.189790008962977652e-03
9.749582652536455951e-01,1.918909803213281542e-02,4.619392715103377497e-03,9.862554094657649875e-05,1.134618458171748586e-03
9.775717997186519348e-01,1.848575630405828799e-02,2.851644368492785298e-03,6.107844229886322512e-05,1.029721166498197976e-03
9.516560101519182524e-01,3.491124573930093344e-02,1.158763282029803832e-02,2.309592638545315488e-04,1.614152024628147820e-03
9.517107712803727360e-01,3.464715491034864314e-02,1.190844534302122962e-02,2.677249778941809418e-04,1.465903488363102516e-03
9.231035425162601449e-01,5.365350860870903016e-02,2.153338950036871868e-02,3.727530396117579659e-04,1.336806335050192080e-03
9.445755433389002587e-01,3.751649448612970339e-02,1.705191076516958740e-02,3.137650437567657095e-04,5.422863660436648935e-04
9.286288597824220448e-01,3.795260304677985919e-02,3.230625281677475258e-02,6.611090720387912756e-04,4.511752819845102889e-04
8.663505049723995155e-01,8.955349544350162116e-02,4.164892699967717715e-02,6.111903653652220802e-04,1.835882219056536851e-03
8.557180090368446956e-01,5.125706162737463101e-02,8.912068734372333156e-02,2.178568117282178845e-03,1.725673874775187017e-03
9.363783012333045663e-01,3.046107025318317216e-02,3.142827031665400978e-02,7.920870191535673167e-04,9.402711777046530864e-04
9.560680603807552025e-01,2.159143921617404788e-02,2.111867626707707168e-02,5.072117143162826981e-04,7.146124216773522102e-04
8.495406848727230509e-01,9.266151581140004423e-02,5.342111910092896265e-02,1.008351126190493380e-03,3.368329088757395732e-03
9.004771937632503054e-01,5.790384858129474233e-02,3.467287292378870567e-02,1.049541828803670631e-03,5.896542902862834251e-03
9.567411366905941295e-01,2.688611151026777668e-02,1.512177698953287575e-02,3.159320903042388555e-04,9.350427193010643189e-04
9.634484416013021635e-01,1.926407068490621280e-02,1.649271686215607671e-02,3.469725776924321645e-04,4.477982739429833261e-04
8.656025151255722916e-01,6.510340699234964945e-02,6.700097672992857967e-02,1.105370017665819379e-03,1.187731134483480371e-03
9.131656778177670297e-01,4.147196582890275846e-02,4.088350619512370193e-02,9.268671118988114528e-04,3.551983046307606497e-03
8.975035573754891471e-01,4.946754797138386284e-02,4.893328261848684663e-02,1.064723868659181970e-03,3.030888165981102805e-03
9.074198457049088562e-01,5.267784360240273384e-02,3.764504382974806496e-02,6.736324727611708862e-04,1.583634390179224430e-03
9.009266898656839162e-01,2.564646468337484012e-02,7.015464476252429582e-02,2.372321603707798748e-03,8.998790847090929520e-04
9.550917772338203271e-01,1.968683166044972455e-02,2.269012144544300252e-02,6.998148387063185798e-04,1.831454821580648503e-03
9.722068550077167526e-01,1.300408316783658973e-02,1.378438012440797930e-02,2.696635135719481079e-04,7.350181864667997261e-04
9.253712955293198483e-01,3.173596024567866547e-02,3.805572347138512501e-02,6.291415788938092444e-04,4.207879174722562246e-03
8.881958520817248015e-01,4.274519213557551045e-02,6.473720776273325650e-02,9.832656339762821558e-04,3.338482385990120330e-03
9.800700709555947299e-01,8.691977524645018438e-03,7.874861286983194514e-03,2.449383276817757482e-04,3.118151905095087415e-03
9.784749216546761996e-01,1.202115603796302841e-02,7.699204038115910025e-03,2.094174214227517749e-04,1.595300847822137815e-03
9.717360661315748160e-01,1.321875547762589240e-02,7.391066217346254665e-03,3.633377289894556953e-04,7.290774444463747790e-03
9.772503677989330395e-01,9.295864737385214557e-03,7.593154397121411672e-03,4.386439417305682638e-04,5.421969124829981862e-03
9.687618496775842747e-01,1.261506611564042896e-02,1.617123583801915662e-02,4.653897373368459569e-04,1.986458631419319582e-03
9.212738262000964573e-01,4.167088412831216476e-02,2.757256452807661795e-02,6.868127551835579098e-04,8.795912388330957149e-03
9.682315452268890343e-01,1.858703286502078056e-02,1.035196397961890211e-02,2.711282801456667930e-04,2.558329648325512878e-03
9.303716133750048467e-01,4.497682451843993540e-02,1.917635850509619502e-02,2.938407896262910761e-04,5.181362811832814635e-03
9.493377701999711205e-01,3.613478300489569861e-02,1.055595787662349724e-02,2.185400901080001949e-04,3.752948828401700843e-03
9.107523596402524735e-01,3.278150040855305758e-02,5.444035778001871106e-02,1.268377715685394414e-03,7.574044554904813117e-04
6.919966705171970434e-01,6.098785953483185779e-02,2.394587701995232742e-01,6.295123027195594426e-03,1.261576721252158405e-03
8.785774045107163088e-01,2.811052876613414492e-02,8.521445102752771283e-02,2.097294141869906862e-03,6.000321553751964722e-03
9.178256424443345107e-01,1.655849178556790743e-02,6.348562862757062275e-02,1.029202570950318819e-03,1.101034571576665639e-03
9.398654433600597269e-01,1.892479749255438284e-02,3.441434447203386288e-02,8.218595306241214442e-04,5.973555144728082134e-03
8.358440113880660771e-01,3.816709330898435809e-02,1.203919805555810213e-01,1.708549975940988142e-03,3.888364771427428937e-03
8.151892794084580895e-01,3.955746382251933146e-02,1.374609264131784470e-01,2.355552728041536686e-03,5.436777627802692053e-03
7.610790924421320103e-01,5.635060539031761656e-02,1.767547347599059682e-01,1.999898299478029568e-03,3.815669108166267875e-03
8.408551518449437490e-01,6.352276892383174056e-02,8.920270541022194688e-02,1.045091455004293736e-03,5.374282365998304771e-03
8.284647521057094677e-01,7.288342489970145444e-02,8.949435854228053600e-02,1.211921331634076672e-03,7.945543120674497528e-03
9.449757054559441150e-01,2.874894946366848142e-02,2.085697915626777421e-02,3.230399448300108958e-04,5.095325979289516173e-03
9.846594855085846199e-01,9.078770197522552030e-03,5.024683019341956262e-03,8.186750612981247971e-05,1.155193768421182692e-03
9.923885342389114905e-01,4.662143411388403047e-03,2.624071481530654715e-03,5.088909077561336498e-05,2.743617773937389388e-04
9.972281423224854668e-01,1.812253432508371563e-03,8.007150253655558134e-04,2.413567975973390911e-05,1.347535398810387078e-04
9.937385980039494804e-01,3.549379194385120923e-03,2.440163676399873579e-03,7.749433923131828861e-05,1.943647860340939990e-04
9.967227815991918094e-01,2.172704658150892854e-03,8.423644654163800916e-04,2.648006463594562048e-05,2.356692126051794566e-04
9.966364905207589775e-01,2.015308702865705251e-03,1.202341511559952602e-03,2.811215134909943953e-05,1.177471134663713993e-04
9.980392807735991578e-01,1.409098382225258727e-03,4.084674903742439010e-04,1.627241813488909170e-05,1.268809356665125088e-04
9.967247899086563168e-01,2.497876028295844836e-03,6.319140238611243611e-04,1.788404134749937543e-05,1.275359978391970846e-04
9.937840910862271171e-01,3.960980926626938604e-03,2.047950521316790288e-03,4.724635247814773807e-05,1.597311133511944577e-04
9.931750389559431680e-01,3.486073371938590727e-03,3.187610132778230260e-03,6.456425205026556074e-05,8.671328728975103816e-05
9.948087796443728648e-01,3.291203095981798821e-03,1.774479853893700786e-03,4.596015663754160827e-05,7.957724911410219055e-05
9.950343350356457561e-01,3.295399698659296286e-03,1.550546416094276524e-03,3.623627673131877175e-05,8.348257286935438233e-05
9.964217274912835487e-01,2.546499193113992490e-03,9.384113071750278161e-04,2.491765991763303988e-05,6.844434850981864391e-05
9.893904508868518466e-01,7.013559102979937884e-03,3.368920225386366762e-03,7.019295909890158438e-05,1.568768256828288515e-04
9.928345218632254054e-01,5.347261414874691747e-03,1.584610640515285093e-03,4.884200780622207662e-05,1.847640735784561753e-04
9.907525457354414700e-01,5.658865294964942130e-03,3.259700267331116803e-03,1.290506460358577235e-04,1.998380562265660802e-04
9.881871406549226355e-01,6.943257930797487251e-03,4.595718545975237615e-03,1.327490974832096953e-04,1.411337708212712517e-04
9.798441915737375885e-01,1.003708324087655528e-02,9.798305584431276152e-03,2.076960590280955607e-04,1.127235419263873217e-04
9.838008378749126814e-01,6.909018251911668018e-03,9.030913925388047228e-03,1.887084382552151008e-04,7.052150953217891207e-05
9.827698710489907175e-01,8.466847649360139880e-03,8.480716137683339678e-03,1.578865754857852321e-04,1.246785884799163282e-04
9.888820448299101562e-01,6.577395742362122065e-03,4.274610689000541384e-03,1.101402624417753285e-04,1.558084762853191097e-04
9.851925239677408186e-01,7.726879097922897954e-03,6.665261285521186137e-03,2.259567234571861153e-04,1.893789253580350183e-04
9.855967496708887277e-01,7.767590347082656450e-03,6.350168500374261775e-03,1.459547347606590054e-04,1.395367468937638779e-04
9.879795831309861054e-01,6.121823717988323504e-03,5.586823711923364320e-03,1.603829712031401100e-04,1.513864678989842235e-04
9.934137257839794621e-01,3.763358181620044592e-03,2.528144717416062285e-03,9.525474028796074007e-05,1.995165766964459469e-04
9.949900913966623905e-01,3.430123759028412371e-03,1.401410724979436579e-03,5.492219164741472831e-05,1.234519276822310086e-04
9.832348561295957134e-01,1.176937914829949937e-02,4.672793107293171481e-03,1.116700318241529251e-04,2.113015829875283986e-04
9.966528856152672144e-01,2.527487924269039479e-03,7.302302508467648076e-04,2.044396719387311156e-05,6.895224242305161703e-05
9.965270184082452021e-01,2.454806255872578249e-03,9.199332658446609037e-04,2.641951023742170279e-05,7.182255980010711219e-05
9.953540676279890587e-01,3.502628515479507855e-03,9.823047188506060269e-04,3.496902749157569017e-05,1.260301101889914875e-04
9.939365369354730140e-01,4.499571815990503418e-03,1.357803887317976348e-03,5.065729615380702358e-05,1.554300650647686441e-04
9.945954524470392855e-01,3.845288249270648485e-03,1.410729179940684204e-03,4.268184803859721770e-05,1.058482757107136662e-04
9.951411532508573909e-01,3.293322680118484537e-03,1.417515085156004044e-03,5.465422101281310811e-05,9.335476285521178094e-05
9.960883922679288904e-01,2.771057037019475540e-03,1.022071014638711080e-03,3.339066334603741189e-05,8.508901706704012126e-05
9.915611367851019375e-01,6.503405447990798401e-03,1.653677394803234474e-03,4.858304070704629383e-05,2.331973313968160053e-04
9.982953977765512965e-01,1.329482299646793809e-03,2.563930921499584501e-04,1.289242591672792148e-05,1.058344057352736970e-04
9.979734370477303385e-01,1.510069678871307861e-03,2.880621097020800016e-04,1.561881844498052180e-05,2.128123452512262843e-04
9.980840768003321761e-01,1.413951324615963547e-03,3.717205472040445262e-04,1.598364536585934105e-05,1.142676824819442586e-04
9.957081279525094031e-01,3.208156488023541919e-03,9.300607948528613958e-04,2.649347647706001886e-05,1.271612881371564526e-04
9.947101181004375237e-01,3.926321769079817170e-03,9.924364209989453098e-04,3.460702007689791718e-05,3.365166894067873286e-04
9.949283238589745615e-01,3.726867680025864205e-03,1.018204458286719322e-03,3.898504317241124358e-05,2.876189595406366812e-04
9.968914056405678847e-01,2.054695496612835969e-03,7.245052985810660840e-04,3.151002525195343646e-05,2.978835389862417404e-04
9.971743252607911945e-01,1.644719714884419022e-03,9.694804013136977625e-04,3.080730449594458372e-05,1.806673185147539024e-04
9.951879368843123963e-01,3.190746141647611556e-03,1.313172771405114953e-03,4.875572804732442332e-05,2.593884745877211634e-04
9.972056642196126530e-01,1.903831119642484431e-03,7.724063549115010169e-04,2.656790838047917215e-05,9.153039745293414353e-05
9.964200833781874378e-01,2.534522428163960873e-03,9.026857135050632679e-04,3.084709240831019555e-05,1.118613877351281487e-04
9.912641795057808292e-01,5.968270604395134980e-03,2.547453350951075363e-03,7.686147503400916653e-05,1.432350638391218076e-04
9.671143717787926697e-01,1.570918295603303608e-02,1.668612027971194331e-02,3.551125371454305494e-04,1.352124483169588932e-04
9.759254476756439312e-01,1.386842628429321017e-02,9.898462093680804666e-03,2.116860611032319228e-04,9.597788527887853060e-05
9.873522788311962506e-01,7.413702972834471279e-03,5.038940927409659050e-03,1.067338847144415142e-04,8.834338384508386892e-05
9.790416318464882917e-01,1.188314804660958734e-02,8.634360677214505606e-03,2.370756411707822416e-04,2.037837885168426375e-04
9.625408881698623853e-01,2.051471681821074450e-02,1.617303588590723873e-02,3.956265259175646481e-04,3.757326001019144364e-04
9.642448921891086933e-01,2.451779283457417372e-02,9.719493923884034436e-03,2.293029870281090333e-04,1.288518065404952720e-03
9.614912110775123422e-01,2.049194721467069435e-02,1.681847241700294357e-02,4.522808090292643711e-04,7.460884817849551412e-04
9.228743770309606465e-01,4.268507904896185617e-02,3.286265943450632221e-02,6.130142118777554081e-04,9.648702736932246015e-04
8.717828593184525632e-01,7.226820670226050125e-02,5.332862536522169072e-02,8.832732811981191092e-04,1.737035332867187211e-03
9.586689380658580673e-01,2.756095942884108016e-02,1.222474401052426121e-02,2.671534134364229635e-04,1.278205081340223976e-03
9.804218773526188757e-01,1.334432312366055744e-02,5.134346848420151543e-03,1.724811767336137912e-04,9.269714985668962761e-04
9.790239148026360638e-01,1.276677835491561892e-02,7.383517512169575012e-03,2.708604094822128321e-04,5.549289207963945328e-04
9.828155322419807050e-01,1.107681517814455147e-02,5.283174336547381833e-03,1.706732169046620211e-04,6.538050264227430412e-04
9.885699771320271001e-01,6.224138122285532981e-03,4.419745333820547691e-03,2.386127334181228085e-04,5.475266784485113489e-04
9.714719261373481185e-01,2.058997189335136715e-02,5.008867952173842557e-03,1.766698425270680085e-04,2.752564174599575562e-03
9.736368599074759489e-01,1.972407812931610896e-02,4.302944570845695753e-03,9.516198501773405125e-05,2.240955407344538512e-03
9.706897331962678344e-01,2.245156287990018179e-02,3.824893997768827845e-03,7.897364486404317735e-05,2.954836281199088501e-03
9.662841462846978313e-01,2.679187227254151496e-02,4.854691929737968425e-03,9.563874242506685346e-05,1.973650770597747042e-03
9.718172420086647056e-01,2.194566846036502539e-02,5.575921220084148131e-03,7.899504472049184798e-05,5.821732661657019574e-04
9.643517772854941494e-01,2.350454186828445854e-02,9.394835025895231090e-03,1.227867695657294735e-04,2.626059050760310484e-03
9.152981802190399696e-01,5.400324431938505892e-02,2.801470821114513537e-02,2.727900287236861582e-04,2.411077221706107651e-03
9.010785055428612855e-01,5.900111554011819998e-02,3.833474503670397660e-02,2.618616211613129297e-04,1.323772259155096874e-03
9.048616434471725700e-01,4.576232973972843565e-02,4.707129922018723350e-02,4.286429695117106799e-04,1.876084623400284604e-03
9.181354634386142965e-01,2.609300070505550517e-02,5.419161388923492834e-02,6.026306230334320781e-04,9.772913440618290811e-04
8.660599323877574696e-01,4.537205715130339378e-02,8.575292040767339141e-02,1.094560070134279741e-03,1.720529983131295496e-03
7.312168305155130055e-01,8.201028942932819810e-02,1.825679717913606115e-01,1.228439882875408638e-03,2.976468380922602398e-03
7.992758987540832250e-01,6.171053100172049083e-02,1.311424238810462994e-01,2.023324723734946928e-03,5.847821639414931168e-03
8.288803346006162753e-01,5.495076334925922540e-02,1.116169761404274124e-01,2.396450312511783434e-03,2.155475597185297319e-03
8.002711055845094235e-01,6.552722843200226022e-02,1.241146141123130875e-01,2.518017826030586812e-03,7.569034045144668911e-03
9.378427213655758932e-01,3.189700718438770455e-02,2.661154716333689885e-02,7.103486222635425288e-04,2.938375664436096869e-03
9.469695417226007272e-01,2.712029525560861326e-02,2.422548384786565173e-02,4.449564932301723489e-04,1.239722680694786737e-03
9.193165973942180047e-01,2.373289075848276225e-02,5.402400255350196800e-02,1.079932094587980271e-03,1.846577199209361317e-03
9.596435160505447648e-01,1.332829379572458145e-02,2.414734668767100356e-02,7.146274446136334675e-04,2.166216021446106931e-03
9.508338957107687062e-01,2.744378091333876321e-02,1.454374946771149618e-02,5.339397243643134163e-04,6.644634183816537469e-03
9.177915009677399816e-01,5.331886838192700234e-02,2.085480667513215855e-02,6.054540450831791135e-04,7.429369930117763095e-03
8.532959849759682580e-01,6.661081131220021601e-02,7.275253508049957241e-02,2.020327798915833809e-03,5.320340832416098516e-03
8.183585789583748271e-01,3.606997704303793045e-02,1.360435817626990951e-01,6.948045403706529059e-03,2.579816832181620456e-03
8.525874299510689536e-01,3.390285646081597076e-02,1.063511123492520694e-01,4.275344747497866922e-03,2.883256491365146328e-03
9.229220085556341102e-01,2.617167335758991895e-02,4.545866037812974769e-02,1.401898104115939557e-03,4.045759604530328908e-03
9.581293725618789114e-01,2.191342999308518863e-02,1.588457773108554322e-02,5.037156368565317687e-04,3.568904077093613958e-03
9.362061082163007919e-01,4.021293148963100972e-02,2.108264582583670166e-02,2.818988249159969377e-04,2.216415643315407680e-03
7.719235672677382532e-01,1.086343809868698385e-01,1.103372786117597509e-01,1.299078799494400756e-03,7.805694334137823487e-03
7.814344865320452804e-01,9.143855567153157116e-02,1.219888705606984869e-01,1.633482960392017118e-03,3.504604275332470070e-03
6.208139854597765073e-01,1.126562244374046118e-01,2.602328175396362298e-01,4.013484141056367430e-03,2.283488422126312822e-03
8.896712087782803202e-01,4.930286443040371447e-02,5.751687822392040350e-02,1.081330998908667943e-03,2.427717568486955236e-03
5.647186791042241305e-01,7.630165916699438444e-02,3.526920561678335564e-01,4.742857548865371184e-03,1.544748012082554876e-03
5.539996028220856017e-01,9.168565692154112545e-02,3.441053280175527807e-01,5.072246814829261229e-03,5.137165423991175463e-03
4.592010480645128401e-01,9.507792430493405833e-02,4.359337644274075552e-01,6.624472179889091643e-03,3.162791023256493386e-03
7.192836804798338202e-01,7.824235275980860604e-02,1.973584461801708156e-01,2.430215803172866215e-03,2.685304777013789151e-03
7.440035267596384339e-01,1.020761129730031885e-01,1.499291172456490018e-01,1.521396228140666461e-03,2.469846793568679019e-03
6.611731912272529321e-01,7.216718586264936341e-02,2.621247135604415912e-01,3.133130307054149064e-03,1.401779042601860106e-03
5.281225558943170029e-01,9.432894224977243780e-02,3.715340221235413631e-01,4.179767370341790252e-03,1.834712362027498102e-03
6.293711090471468816e-01,8.492582662551191597e-02,2.805663835369432979e-01,3.856238931186538148e-03,1.280441859211378479e-03
7.194013239705205898e-01,6.165234641840440510e-02,2.127987439808683989e-01,4.595189190057698270e-03,1.552396440148913785e-03
7.198289212403846671e-01,6.993163757562456673e-02,2.037618706633450572e-01,3.867976988669944056e-03,2.609593531975718580e-03
6.849987404390071033e-01,8.188360962888549532e-02,2.257365585473403713e-01,4.141508558293865473e-03,3.239582826472943433e-03
7.756465233980395224e-01,7.201143613365501572e-02,1.438322843481401603e-01,2.189714333587617322e-03,6.320041786577664314e-03
8.789242578378774207e-01,5.292826040679808608e-02,6.323282498518870143e-02,1.169119996352730069e-03,3.745536773783138956e-03
8.611975296919038847e-01,5.494291649039899361e-02,5.197332534581991514e-02,8.738290179001520757e-04,3.101239945397690073e-02
7.614208444190899705e-01,8.304957109616095678e-02,1.259035396150463004e-01,1.795921488280511312e-03,2.783012338142239542e-02
6.285056539784018570e-01,8.849742869271559620e-02,2.492099984548757086e-01,3.977214201360258078e-03,2.980970467264655241e-02
7.192656286599649063e-01,1.201213284008489507e-01,1.207808674628685769e-01,1.351092556954530156e-03,3.848108291936305769e-02
6.804898934541431244e-01,8.122624471620082387e-02,1.828343070951750637e-01,3.333790516498028912e-03,5.211576421798290448e-02
8.336534726240563131e-01,6.359079088979201211e-02,7.852429487152562393e-02,1.362974191678280322e-03,2.286846742294788848e-02
9.351046387542464311e-01,3.287471194256980783e-02,1.894141252075456569e-02,3.261229347393031913e-04,1.275311384768989045e-02
8.159161954320138799e-01,9.485995926423364255e-02,6.591436461907849986e-02,7.976924000556343637e-04,2.251178828461834411e-02
8.179553364579120744e-01,1.020737403962626577e-01,5.976442005547723951e-02,4.842529330203144489e-04,1.972225015732775172e-02
6.312389847971613399e-01,1.598733673157615720e-01,1.930161599009768136e-01,1.521738145187045673e-03,1.434974984091333915e-02
7.906880211819322657e-01,9.136782436508254779e-02,1.088935713197122235e-01,7.571699868324819694e-04,8.293413146440541464e-03
8.819988828168793260e-01,6.296031056134991644e-02,4.018410370809195192e-02,5.551381858761354976e-04,1.430156472780253971e-02
9.038565451729883016e-01,3.933458959375708830e-02,4.266190630943092477e-02,8.415535746812193713e-04,1.330540534914222313e-02
7.468961328083403295e-01,9.174743994490441867e-02,1.519296463893236027e-01,2.143473354497678948e-03,7.283307502933800658e-03
9.352744320239830822e-01,2.958652934234267534e-02,2.907593361862603060e-02,5.983095889333429505e-04,5.464795426114780336e-03
9.130432440508615688e-01,4.734994531225242276e-02,3.480532145119205611e-02,4.049643770958037551e-04,4.396524808598110089e-03
9.485254040229648131e-01,3.226704988354985731e-02,1.569087379205863844e-02,2.167354505277995739e-04,3.299936850898903262e-03
9.128957335286130848e-01,3.881790782898737746e-02,4.336279622620858865e-02,4.786980215548418990e-04,4.444864394636135162e-03
8.800716711073008902e-01,5.200022386209186137e-02,6.117308716244831274e-02,5.711493929310692630e-04,6.183868475228070788e-03
8.964366695775899396e-01,4.429106586353126485e-02,5.583744188678409909e-02,7.337383695127611561e-04,2.701084302582030909e-03
9.447435275114521858e-01,3.587060127097151108e-02,1.739197727607916244e-02,2.402582517409864306e-04,1.753635689756299736e-03
9.733702018852282700e-01,1.813729022509177544e-02,7.295047578781702069e-03,1.564214353047405895e-04,1.041038875593535383e-03
9.376329785525340244e-01,4.749737650497506958e-02,1.317250916576461102e-02,2.255176574820671651e-04,1.471618119244186848e-03
9.141791447161884410e-01,6.589048003246550378e-02,1.788989062109888964e-02,2.374088879739272046e-04,1.803075742273404754e-03
9.492748666229817722e-01,3.524398575959922231e-02,1.406398433821153676e-02,2.703884787647697864e-04,1.146774800442735024e-03
9.525548874277023348e-01,3.465643451157054966e-02,1.139251579234128349e-02,2.118532906437608956e-04,1.184308977742149632e-03
9.549687635955387277e-01,3.702555698581288385e-02,5.999183613668989702e-03,1.140977220601242862e-04,1.892398082919147673e-03
9.591895738900331203e-01,3.218038049624868946e-02,6.433772205043779627e-03,1.037959542176768841e-04,2.092477454456667749e-03
9.752181836809441506e-01,1.903973917113035985e-02,4.019774443032834640e-03,7.000812225850263596e-05,1.652294582634182768e-03
9.795633686287923414e-01,1.212744796500996904e-02,6.273816824975885983e-03,2.136021895502620074e-04,1.821764391671348805e-03
9.748576348650361822e-01,1.468629629776337271e-02,8.626235854369721998e-03,3.240678343947945086e-04,1.505765148435865433e-03
9.863698109479438481e-01,8.257842903348334984e-03,4.652376571520034157e-03,1.828997247701092559e-04,5.370698524177124154e-04
9.885044147663022418e-01,7.358929960988379315e-03,3.217774286074662725e-03,1.431679489770354419e-04,7.757130376574738508e-04
9.842080058093805039e-01,1.012126133574344292e-02,4.786009298495008148e-03,1.547745924586966507e-04,7.299489639222481304e-04
9.936975005441204267e-01,4.544861461366169093e-03,1.416385451276902172e-03,4.728950256102536822e-05,2.939630406753466129e-04
9.941755716235756157e-01,3.890462863590539271e-03,1.705647048022751163e-03,6.245287162242686761e-05,1.658655931887584604e-04
9.950818836380441734e-01,3.377658596918124267e-03,1.414789231304585792e-03,4.219775357503490886e-05,8.347078015822415444e-05
9.947217704681224903e-01,4.182095135726810256e-03,9.774019951563294416e-04,2.778955619507355327e-05,9.094284479929209660e-05
9.873294968509982450e-01,9.273049196863513560e-03,3.226092495004857265e-03,6.642786393505409055e-05,1.049335931983158869e-04
9.890745392363632371e-01,7.381683988075511162e-03,3.410877926326033767e-03,6.155286845509503821e-05,7.134598078005138723e-05
9.838223628544988664e-01,9.589162187376662830e-03,6.288583070121925127e-03,1.726134084553067230e-04,1.272784795471033990e-04
9.916266796390568183e-01,5.696957259433364437e-03,2.461394536159624506e-03,8.269445911345190499e-05,1.322741062367689625e-04
9.954226480339425365e-01,3.583262702647248797e-03,8.724898095385908402e-04,3.199955384772303090e-05,8.959990002398708110e-05
9.961705375476450630e-01,2.519894864180522668e-03,1.168983377138270875e-03,7.467368341310421927e-05,6.591052762301726864e-05
9.913099215973851797e-01,4.909609931261466921e-03,3.339686399552533984e-03,3.395470377791576168e-04,1.012350340215011540e-04
9.851422028682559340e-01,8.264184363640366890e-03,5.917198563958558921e-03,5.325141805250870573e-04,1.439000236200933770e-04
9.658655200920188699e-01,1.855773530475096286e-02,1.453236283575932812e-02,8.654945345374694815e-04,1.788872329331393535e-04
9.694832816477293447e-01,1.358762106153564575e-02,1.493351689884010042e-02,1.841269469231599301e-03,1.543109226633149504e-04
9.801121693641680066e-01,4.518379640217083659e-03,1.108946750268349594e-02,4.168131570534625019e-03,1.118519223968609963e-04
9.962745736316598322e-01,1.987145676908351043e-03,1.362945265798798725e-03,3.112594635421117410e-04,6.407596209103738388e-05
9.936455369549405114e-01,4.311519795044441508e-03,1.635256893366452292e-03,2.617961780655304318e-04,1.458901785831061488e-04
9.984125289802057157e-01,1.243878516409445065e-03,2.529132980111834482e-04,3.453710392732346453e-05,5.614210144631815515e-05
9.981374685441027905e-01,1.488612241754099647e-03,2.537226664102891559e-04,3.539063630235258953e-05,8.480591143051691367e-05
9.963933359130766609e-01,3.015001150312323144e-03,3.819865349444454689e-04,3.642430595599724754e-05,1.732520957105871209e-04
9.967516457128900997e-01,2.847481533083468224e-03,2.523759014955851538e-04,2.027118866768466145e-05,1.282256638632010240e-04
9.971955760526283186e-01,2.503091504471323479e-03,1.987274336004645847e-04,1.430913018045006983e-05,8.829587911945397196e-05
9.972305731173713994e-01,2.458280984547030895e-03,2.104372761874165831e-04,1.550858986640136098e-05,8.520003202764359616e-05
9.975054407433265879e-01,2.256443782538033408e-03,1.465617704732043831e-04,1.094334967091681139e-05,8.061035399113817602e-05
9.962860880334193370e-01,3.410296526718639351e-03,1.761234741319321823e-04,1.262072986837035633e-05,1.148712358620427654e-04
9.955307245176250319e-01,4.065387727584409555e-03,2.547340849929286607e-04,1.457371588550072166e-05,1.345799539122455942e-04
9.956458895107280771e-01,3.886495245295180662e-03,3.129685158719622837e-04,2.415865201840197880e-05,1.304880760864441129e-04
9.970899838305333773e-01,2.555396687953999900e-03,2.415551638242613539e-04,1.546506225598506411e-05,9.759925543227062966e-05
9.926564092124767757e-01,6.470516636725475237e-03,7.560588226866293143e-04,3.200404325950847729e-05,8.501128485154082267e-05
9.940924711063704455e-01,5.214450306001201622e-03,5.776034915338610232e-04,2.840012120923231356e-05,8.707497488523474084e-05
9.826396881013753637e-01,1.590824644605125932e-02,1.247555288507736816e-03,3.329027654131837673e-05,1.712198875242277641e-04
9.515323651792024773e-01,4.389169984015810905e-02,4.121813860112124098e-03,9.036946264233382752e-05,3.637516578849486065e-04
9.551584228309045743e-01,3.847929576574259103e-02,5.846158428352026329e-03,1.326645865540821085e-04,3.834583884467702335e-04
9.559164598472723595e-01,3.917761883481113427e-02,4.504878304707257176e-03,7.600721529486619650e-05,3.250357979145193903e-04
9.574472222473078276e-01,3.817195466969496714e-02,3.729912590903130404e-03,7.202028750665767361e-05,5.788902045874317216e-04
9.429771769004521298e-01,5.104257809806625468e-02,4.681045533451827848e-03,6.292331431499294486e-05,1.236276153714740067e-03
9.586402593686302875e-01,3.492643883298498370e-02,5.179176563472503644e-03,8.984239668992472188e-05,1.164282838222365423e-03
9.333661950070117896e-01,5.600895274868494811e-02,8.786025049952629964e-03,1.411953126717947521e-04,1.697631881678929528e-03
9.705798289376130761e-01,2.382951241558455696e-02,4.628170186705968421e-03,1.043633981064337002e-04,8.581250619898619751e-04
9.930158401947777325e-01,5.657641729630423499e-03,1.038529977980726191e-03,3.274742512654672837e-05,2.552406724845456996e-04
9.940053623744978806e-01,4.848775733941502672e-03,9.679012856166682981e-04,2.729392422793113019e-05,1.506666817161423418e-04
