6.734933885167703194e-01,7.519891925464979032e-02,1.136674892286022864e-01,4.107503777201976236e-02,9.656516522795792479e-02
9.114608972894853167e-01,3.174719042225719601e-02,1.693653868836226400e-02,3.198538235362700585e-03,3.665683536453227115e-02
9.824982395916387334e-01,1.126855362724807526e-02,2.438005618369315855e-03,2.921201813002210807e-04,3.503080981443582216e-03
9.900233557837988529e-01,7.976205442517092514e-03,8.318849250392706257e-04,5.271396015237781981e-05,1.115839888492595449e-03
9.967464732430300067e-01,2.448335899217204438e-03,3.489697267146797243e-04,2.847406279642958121e-05,4.277470682418299075e-04
9.978595161141745606e-01,1.749928349419941102e-03,2.108807133146475702e-04,1.421588799947010403e-05,1.654589350914729225e-04
9.960430647694316075e-01,3.246658254976099618e-03,5.631806771559474565e-04,1.375586713549156094e-05,1.333404313007992953e-04
9.979866132406848278e-01,1.659008426087945319e-03,2.802014860752308971e-04,7.839251075604867217e-06,6.633759607639036666e-05
9.983200127572731120e-01,1.351257254494724579e-03,2.637791001084817356e-04,8.734061732641220499e-06,5.621682639082561445e-05
9.994000280829122840e-01,4.810332117730535344e-04,9.130793795720674793e-05,3.687682897048864032e-06,2.394308446043267067e-05
9.993366907187757331e-01,5.349548188490901249e-04,1.025025429135842088e-04,3.819073780412913062e-06,2.203284568126033578e-05
9.993551201305386211e-01,5.137127584477063766e-04,1.060215925535760241e-04,4.537290167209685723e-06,2.060822829278694700e-05
9.992138064996511915e-01,6.242539632150671293e-04,1.299137246590073894e-04,4.396851024145275888e-06,2.762896145074812470e-05
9.983557978248326359e-01,1.390772190353232280e-03,2.133089274392137497e-04,6.644547049541812638e-06,3.347651032550784758e-05
9.974966932383708684e-01,2.156962009487114335e-03,2.829434019496196028e-04,8.531369055813668579e-06,5.486998113647298235e-05
9.993485195977308555e-01,5.408866633238616295e-04,8.414860828005210917e-05,3.294660813078550051e-06,2.315046985222494062e-05
9.992105217460452993e-01,6.532049756663295230e-04,8.818206386084346984e-05,5.207749821010480672e-06,4.288346460648019657e-05
9.991786959291906189e-01,5.637870774409281830e-04,8.128367548223485817e-05,8.201757609200477285e-06,1.680315602769774999e-04
9.975865375929700019e-01,1.511842562484716143e-03,3.545921627104804338e-04,3.323834009654693560e-05,5.137893417384078185e-04
9.937431076684358766e-01,4.171562912051119711e-03,1.189392795092597500e-03,9.296657364553694632e-05,8.029700507748791655e-04
9.901228003692610358e-01,6.152325815419058819e-03,2.596468530936755278e-03,1.525605766626644409e-04,9.758447077204656902e-04
9.758493375146044535e-01,1.644935718953324799e-02,5.024992889943838068e-03,1.135661040922169321e-04,2.562746301826052293e-03
9.699384549693359503e-01,2.014367774661678448e-02,5.584476303134935232e-03,7.293007566884493671e-05,4.260460905243476301e-03
9.776090504778192081e-01,1.424224614937634643e-02,5.007889626956601829e-03,4.632374655380208493e-05,3.094489999293990184e-03
9.885608665982799081e-01,6.007795320660891739e-03,3.205659713637739640e-03,4.518446784007715050e-05,2.180493899581205462e-03
9.959543128798212797e-01,1.703146893712540605e-03,1.804170933183022515e-03,3.562184182112835260e-05,5.027474514619809749e-04
9.963336916944466326e-01,1.448338708126923387e-03,1.591307531446994623e-03,5.224988055231148692e-05,5.744121854269401348e-04
9.952897906170422582e-01,1.743985665321390625e-03,1.871762120579505920e-03,4.577284614898174763e-05,1.048688750907849883e-03
9.854917535349844160e-01,4.121391640541137782e-03,4.310658973826433753e-03,8.492922171538040254e-05,5.991266628932653653e-03
9.775466467461929598e-01,3.201029479250174902e-03,2.519480264024875037e-03,7.407190727891707757e-05,1.665877160325301629e-02
9.673614042680734881e-01,2.261736902562376701e-03,1.437233249005634905e-03,5.135204072180054398e-05,2.888827353963672670e-02
9.715351031717986974e-01,2.463361905775571150e-03,2.267797257602875878e-03,9.671397853149306498e-05,2.363702368629149939e-02
9.572652305142036466e-01,3.514560854873912017e-03,9.482990156347834154e-03,3.891886859399582097e-04,2.934802978863473161e-02
9.598651871928388646e-01,4.889112196925819546e-03,3.316614190323829026e-03,1.610168072888216117e-04,3.176806961262260837e-02
9.664737830570954147e-01,7.267868679157737238e-03,4.029594527699559454e-03,1.201774710468513573e-04,2.210857626500043610e-02
9.903359264034989895e-01,2.241999464306505731e-03,1.138576281857271548e-03,7.104140982014446755e-05,6.212456440517154753e-03
9.835327177723267589e-01,5.464051215438516136e-03,1.789789704006204425e-03,8.262511863265158357e-05,9.130816189595795593e-03
9.742212167504308296e-01,1.418989509761577061e-02,3.815763272726840905e-03,1.332260436665774490e-04,7.639898835559976245e-03
9.542340088559192468e-01,3.092180006066620745e-02,4.807423171761113917e-03,1.330659624548918537e-04,9.903701949198442933e-03
9.564666524311834506e-01,3.355881107559803567e-02,4.453230814913569646e-03,1.159813269045903791e-04,5.405324351400286886e-03
9.859508750754899520e-01,9.019851448229688345e-03,1.725645484567332917e-03,9.119847494592548710e-05,3.212429516767163935e-03
9.895557908451572127e-01,6.755351664026480220e-03,9.057875168979889497e-04,5.459292273930022656e-05,2.728477051178946483e-03
9.828432890511621389e-01,1.212474615880790828e-02,1.160160028404931543e-03,4.395202567589804845e-05,3.827852735949039201e-03
9.849136730729135536e-01,9.881871326179019963e-03,1.321702046636689205e-03,7.810344619278539082e-05,3.804650108077893556e-03
9.909722244074893327e-01,6.112929249416701287e-03,8.297377754899904617e-04,5.396512072433249730e-05,2.031143446879643544e-03
9.956634687465263367e-01,2.935473629379827844e-03,4.587128279012729908e-04,3.591421621388054180e-05,9.064305799786634638e-04
9.936977084373955771e-01,4.899044108961172518e-03,5.974185877579452379e-04,3.298024371354501768e-05,7.728486221717410180e-04
9.887115481049132404e-01,9.151802448486408281e-03,1.072715060203644497e-03,4.254211447333794069e-05,1.021392271923480784e-03
9.957473399344776155e-01,3.237779225831897111e-03,3.135302448658655551e-04,1.760568395838803881e-05,6.837449108661368749e-04
9.976681333969230625e-01,1.655237341792461462e-03,1.475184172991062057e-04,1.005827024973049125e-05,5.190525737357492208e-04
9.922018357171701330e-01,5.869912750082635459e-03,4.504391026386477589e-04,1.995681996702223905e-05,1.457855610141512055e-03
9.900989692293392652e-01,7.429397232664446647e-03,6.518292866245200537e-04,2.450391128712042617e-05,1.795300340084774685e-03
9.759298630055959212e-01,1.760348746026516378e-02,2.396569670401503278e-03,7.367611941226270193e-05,3.996403744325284502e-03
9.915831673535845381e-01,5.278005619168371632e-03,6.653489027605728528e-04,3.782128997147282738e-05,2.435656834514937641e-03
9.929912688248532238e-01,5.169925703319592364e-03,6.523709122366154467e-04,3.784299312615973420e-05,1.148591566464616338e-03
9.931564405389660122e-01,5.484834200684894981e-03,6.500851904558072741e-04,4.095699294092616913e-05,6.676830769523542895e-04
9.810290680136912744e-01,1.616258307246103837e-02,1.324967130996031108e-03,5.072714940229832364e-05,1.432654633449477986e-03
9.928401096969095008e-01,6.137744016784064255e-03,5.988482977709782542e-04,2.085005874201332056e-05,4.024479297933701767e-04
9.907304727798379451e-01,8.054448616490478968e-03,7.634758537512220666e-04,2.554533437906340921e-05,4.260574155412255376e-04
9.927013674944216159e-01,6.368985833397631038e-03,5.769716869223824899e-04,2.224690193622121516e-05,3.304280833220701787e-04
9.901181562166703198e-01,8.647748067750054071e-03,9.305077580470139543e-04,3.693461216783258189e-05,2.666533453648546039e-04
9.951757856436510563e-01,4.134028772070584209e-03,4.993613369658793854e-04,2.427902408097674087e-05,1.665452232313892778e-04
9.921725719533417420e-01,6.553187973432585654e-03,9.941676198108049048e-04,3.697664027133331364e-05,2.430958131435731213e-04
9.869905794196778270e-01,1.080075643728301525e-02,1.653680464855225530e-03,5.694200006946015550e-05,4.980416781145743238e-04
9.880887054224836152e-01,1.020733382706161436e-02,1.140654400485452587e-03,4.237294333670599787e-05,5.209334066327217516e-04
9.958996043103108819e-01,3.393332412733917561e-03,3.771981125098734094e-04,2.072832705756951576e-05,3.091368373880479031e-04
9.959760308735796652e-01,3.430751659198529643e-03,3.319423725842302877e-04,1.706121851134059463e-05,2.442138761262256739e-04
9.961860638361513809e-01,3.272452913034841655e-03,3.227127758548564446e-04,1.593472468257043227e-05,2.028357502763897952e-04
9.962465798631748859e-01,3.249981031247713495e-03,3.767930450019469886e-04,1.666503118902973600e-05,1.099810293862830149e-04
9.936235949950965596e-01,5.463663958900525502e-03,6.647076535113190113e-04,2.982442521268181137e-05,2.182089672789916130e-04
9.918962578069564495e-01,6.874288545794624873e-03,9.346174673443720772e-04,4.163475166885200027e-05,2.532014282357882918e-04
9.884668033611656579e-01,9.652838602100321380e-03,1.525085042899241693e-03,6.018876829863875985e-05,2.950842255361037724e-04
9.901909536271301659e-01,8.239470933544870354e-03,1.078891191972765600e-03,5.553569302968732412e-05,4.351485543225264130e-04
9.964792628538624575e-01,2.768960021801458206e-03,4.443395599575382122e-04,3.090760183178480725e-05,2.765299625467942447e-04
9.966772630066189631e-01,2.629422724300573260e-03,3.494587461124837270e-04,2.788688611369286247e-05,3.159686368544627416e-04
9.974463866823062297e-01,2.071044590749597427e-03,2.393389127185658650e-04,1.691502883606139701e-05,2.263147853894816963e-04
9.985210203844087085e-01,1.162036388595850348e-03,1.328743171999381928e-04,1.051642543160284801e-05,1.735524843639949790e-04
9.970162586242258262e-01,2.238653818268901158e-03,2.226461125075951549e-04,1.828272212942544899e-05,5.041587228681808884e-04
9.976935978454504195e-01,1.743354542156899797e-03,1.541631416188981891e-04,1.333212225381589681e-05,3.955523485198781828e-04
9.979520310337923750e-01,1.516518548145214884e-03,1.463666280675181470e-04,1.414817441322802694e-05,3.709356155816387487e-04
9.985487615088519675e-01,1.114149344177370674e-03,1.156892951910272715e-04,9.827710846419947612e-06,2.115721409330843892e-04
9.980760515042094161e-01,1.518494731009823210e-03,1.370593152151273054e-04,1.159286092007195387e-05,2.568015886456255395e-04
9.984298420530409723e-01,1.272625014504882857e-03,1.076683498014631722e-04,9.988325251869467413e-06,1.798762574007842371e-04
9.981251045783473552e-01,1.562672527718633308e-03,1.586703798909894854e-04,1.363788734034680296e-05,1.399146267028837231e-04
9.972765670645975522e-01,2.344225678778264193e-03,2.214666190621062075e-04,1.710014927391999244e-05,1.406404882880607640e-04
9.968577777430753795e-01,2.698044961296315689e-03,2.538825513123508398e-04,1.652310489437482013e-05,1.737716394215157631e-04
9.973640918897643814e-01,2.208263670011868709e-03,2.522692220360578407e-04,1.756609392608513150e-05,1.578091242615347299e-04
9.967702177120675300e-01,2.633604002860478240e-03,3.403190608791529072e-04,2.940053158760470137e-05,2.264586926053359503e-04
9.979590714819774888e-01,1.590908795105464360e-03,3.216710424735745068e-04,2.045344143249378809e-05,1.078952390110017958e-04
9.931094989467544876e-01,5.454037297624256091e-03,1.103689570105525868e-03,5.003511405168837266e-05,2.827390714639179585e-04
9.975293159176661373e-01,1.771684672482555251e-03,3.227868338051170013e-04,2.923231067027369710e-05,3.469802653757610676e-04
9.970280695258127990e-01,2.228454807081764206e-03,3.484736501296259925e-04,2.736970661709371027e-05,3.676323103587992138e-04
9.967342121471887140e-01,2.412754394888754535e-03,3.511952998521254438e-04,3.521687371252274409e-05,4.666212843578277747e-04
9.979985262770992849e-01,1.502339985750547917e-03,1.824740498018784295e-04,2.128497024309023450e-05,2.953747171053837492e-04
9.975775734678958839e-01,1.916216867443315411e-03,2.433977546600733246e-04,2.855775739125591798e-05,2.342541526095830759e-04
9.976159577720408178e-01,1.911990940490282355e-03,2.939127400118296063e-04,2.937602209791547199e-05,1.487625253592225793e-04
9.962112931900959367e-01,3.198656702426801429e-03,3.824585226995545002e-04,2.837016502088709298e-05,1.792214197568241859e-04
9.977634119803980850e-01,1.853719134434815910e-03,2.629864824135010656e-04,1.772946875785133788e-05,1.021529339955901995e-04
9.940751521836662663e-01,5.054395279776910561e-03,6.506816038661929029e-04,4.210967339303250376e-05,1.776612592973931734e-04
9.959855165469236882e-01,3.433240203928934666e-03,4.205188677951134796e-04,3.324775945396453479e-05,1.274766218982561561e-04
9.958611623329108875e-01,3.509632438683263703e-03,4.610693412014014829e-04,3.191972698135081381e-05,1.362161602230453194e-04
9.976260721562013600e-01,1.985462014906287480e-03,2.588793123956013571e-04,1.975111295528954569e-05,1.098354035413086127e-04
9.981119401929553492e-01,1.531068860670301533e-03,2.448944576931851133e-04,2.168195856129816155e-05,9.041453011980314929e-05
9.971146163877701030e-01,2.357942402513006023e-03,3.584145375399609354e-04,2.771034612685587965e-05,1.413163260500629526e-04
9.969725321167764998e-01,2.544441199867956971e-03,3.328905593278179138e-04,2.586386906854656141e-05,1.242722549592143908e-04
9.974200689276412346e-01,2.206533813341302400e-03,2.497226334419599286e-04,2.197805763701688228e-05,1.016965679383201624e-04
9.952963076303507073e-01,4.081038798338915315e-03,4.247737823022640184e-04,2.826234645521912242e-05,1.696174425527687359e-04
9.952098580304769015e-01,4.160539906452376258e-03,4.530136423578769536e-04,2.515151884013031033e-05,1.514369018728085219e-04
9.972263057028838418e-01,2.355109607974766213e-03,3.121891563452750939e-04,1.805185129755177987e-05,8.834368149872594582e-05
9.979767561969558054e-01,1.753014605554298767e-03,1.852266926940357623e-04,1.301528910409143890e-05,7.198721569163255094e-05
9.979635826920599806e-01,1.697419552268950764e-03,2.585913806521704470e-04,1.606487498378093273e-05,6.434150003502288166e-05
9.983730210098644697e-01,1.355886074669644106e-03,1.939825576868370728e-04,1.325926796307868871e-05,6.385108981627806780e-05
9.987344273714493514e-01,1.069854128534802884e-03,1.296469850602301882e-04,8.993533801105556885e-06,5.707798115444432779e-05
9.988187447545049391e-01,9.290962371689297011e-04,1.330638179606196162e-04,1.201767973927551571e-05,1.070775106262205381e-04
9.979541924356879479e-01,1.627223363423583018e-03,2.813137758412420490e-04,1.952060856718985246e-05,1.177498164801886623e-04
9.983460640595314128e-01,1.320035395153702513e-03,2.407865008783421066e-04,1.752286216396236034e-05,7.559118227257850212e-05
9.989182433151219120e-01,8.777019203630872200e-04,1.385056762933157041e-04,9.905929265501832356e-06,5.564315895607717155e-05
9.988638489756441752e-01,9.277010782368545630e-04,1.425148385760475480e-04,1.212442813165875107e-05,5.381067941121369161e-05
9.982872494548583608e-01,1.390622966128784608e-03,2.176210257352799101e-04,1.912315552047897483e-05,8.538339775711471281e-05
9.970014919151065635e-01,2.536648326483712749e-03,3.290276041744657392e-04,2.018397826969818221e-05,1.126481759654280294e-04
9.962792978348663508e-01,3.161760855017002082e-03,4.442979497369590721e-04,2.796438292389948998e-05,8.667897745568985980e-05
9.973630947848627359e-01,2.238525914058785583e-03,2.950339756049101645e-04,2.407377448846512570e-05,7.927155098519438016e-05
9.936104192257834145e-01,5.597368958996261877e-03,5.427669230448511385e-04,3.360705201429841846e-05,2.158378401612799842e-04
9.954123972780658525e-01,3.913351601611149595e-03,4.046542324870448120e-04,3.083053800150458085e-05,2.387663498346539862e-04
9.927637657686999573e-01,5.469845706241199292e-03,6.222458559293590763e-04,5.049751091850050136e-05,1.093645158210796971e-03
9.884096425510200401e-01,3.882782895504789666e-03,1.303704491947694534e-03,1.111971884361346696e-04,6.292672873091342302e-03
9.898265030345433368e-01,6.288019844977648341e-03,9.149143769137282715e-04,4.799290623820415952e-05,2.922569837327022683e-03
9.983301390097123473e-01,1.188539627420882568e-03,1.440145806776978545e-04,9.059750791098510742e-06,3.282470313980020808e-04
9.937514696518836566e-01,4.271877023399874365e-03,6.725430425580684532e-04,4.150808434708724691e-05,1.262602197811335926e-03
9.430482919977447587e-01,4.336846396970577000e-02,8.439884793060218118e-03,1.857939406318824581e-04,4.957565298857328356e-03
9.326307511999538669e-01,4.435499135017940964e-02,8.608143279210325391e-03,1.877401540556917483e-04,1.421837401660082725e-02
9.683079070154375634e-01,1.692894686919484484e-02,7.051218120816478072e-03,3.099200880681229854e-04,7.402007906483188369e-03
9.783563684393999926e-01,9.214902055704366976e-03,6.492441281310351586e-03,6.741172474722923434e-04,5.262170976113027254e-03
9.870324474942654414e-01,3.154492002718088835e-03,2.370988097061499551e-03,4.913608981164016001e-04,6.950711507838361683e-03
9.861981198684670602e-01,5.834726338879278953e-03,2.467103869745789716e-03,2.739933990825459175e-04,5.226056523825227743e-03
9.973918108180722664e-01,1.640289118622386072e-03,5.049541995312576770e-04,5.472311884433557472e-05,4.082227449298047131e-04
9.965490529275344844e-01,2.392441868958384340e-03,7.803918848102293871e-04,7.431846211986779241e-05,2.037948565769811464e-04
9.983014327829611290e-01,1.283939386966942214e-03,2.893510847268899750e-04,3.055456724059471817e-05,9.472217810438049251e-05
9.982094878666291082e-01,1.436050566648110292e-03,2.168519281308507946e-04,2.641291154054380862e-05,1.111967270513873808e-04
9.975888767642382415e-01,1.989078320561865707e-03,2.984731935066306952e-04,1.925949031485766768e-05,1.043122313785764277e-04
9.956196417075016125e-01,3.790596903600391802e-03,4.420121267997490682e-04,2.306203872604127136e-05,1.246872233721019099e-04
9.983196821077064964e-01,1.371695135328553300e-03,1.970987081184505569e-04,1.301806484090245798e-05,9.850598400569455983e-05
9.968194636077106763e-01,2.706413670669351613e-03,3.354695171364932647e-04,1.666920857631191499e-05,1.219839959071982219e-04
9.974745135609264235e-01,2.218900177038772310e-03,2.186095813625028232e-04,9.235298386535534232e-06,7.874138228567255653e-05
9.962044271269369089e-01,3.418409159287670585e-03,2.509071259319676822e-04,9.534547173585297924e-06,1.167220406699959065e-04
9.945762889801265105e-01,4.997713990853621356e-03,2.977799309815387370e-04,1.029887094746104124e-05,1.179182270907934269e-04
9.905370909146494762e-01,8.805169318379898677e-03,4.998294718147515761e-04,1.580148329449326540e-05,1.421088118614942668e-04
9.942664787941291049e-01,5.373067625359684643e-03,2.668918996399364434e-04,8.482751022719502729e-06,8.507892984856767833e-05
9.823944742382526574e-01,1.664113176991577694e-02,7.537800237532701940e-04,1.394032616742860197e-05,1.966736419108279239e-04
9.601723955916366959e-01,3.770359631041719090e-02,1.790697188818974944e-03,2.352037096280117930e-05,3.097905381643878365e-04
8.439508431626411289e-01,1.497859789625813343e-01,5.388994535021498708e-03,4.207778919947165338e-05,8.321055505565318720e-04
9.046986089534396758e-01,9.021914641465336726e-02,3.883375122277451727e-03,2.393550834602943544e-05,1.174934001283410535e-03
8.829314869415234579e-01,1.124574765849917224e-01,3.655598874684957197e-03,2.169471561562681412e-05,9.337428831843077974e-04
7.436215114913262703e-01,2.438704472507314813e-01,1.075598349308763343e-02,3.657033027794902329e-05,1.715487434576619180e-03
5.789914778616578328e-01,4.023353001259875605e-01,1.727312109659660463e-02,3.560087899822360504e-05,1.364500036759767800e-03
8.766775402264999073e-01,1.120645375840755437e-01,1.003368988747224688e-02,4.174976094178502265e-05,1.182482541010483699e-03
9.597246646783583746e-01,3.770248471777335603e-02,2.064349423120344362e-03,1.753881058763206454e-05,4.909623701603869949e-04
9.840248166035142630e-01,1.462600439446462910e-02,1.105433360251770105e-03,1.185131412617794228e-05,2.318943276432092345e-04
9.811070468209331930e-01,1.768377672707889536e-02,9.537377867736244064e-04,1.297586791711890491e-05,2.424627972972973403e-04
9.600227487028902829e-01,3.680673538526749167e-02,2.681251255456728200e-03,2.637423083014550000e-05,4.628904255553599749e-04
9.022860373078661622e-01,9.276177720768791213e-02,4.547496569281580039e-03,2.649084994965175579e-05,3.781980652145921357e-04
7.204537973963378583e-01,2.696896539506409285e-01,9.043966023217709510e-03,2.939773096067627137e-05,7.831848988429108288e-04
6.872296670678530450e-01,2.974964511235492215e-01,1.402103140974404576e-02,4.147616422925518899e-05,1.211374234624444744e-03
4.948048783000394968e-01,4.831355509879081134e-01,2.067067202977145718e-02,4.597015620040345054e-05,1.342928526080441757e-03
2.166286296277930012e-01,7.342304197510528541e-01,4.682363719733213109e-02,5.745356900101708004e-05,2.259859854821086658e-03
6.863407347988961238e-01,2.888402870521662447e-01,2.206815044988140809e-02,5.118140353390168446e-05,2.699646295522319280e-03
6.780816206904648480e-01,3.019565366174797316e-01,1.844319757009530922e-02,4.545641925638561708e-05,1.473188702703772182e-03
8.188347249180729648e-01,1.677178109635481529e-01,1.235132296969067463e-02,3.604806815761235069e-05,1.060093080530605204e-03
6.645627621427857568e-01,3.127861564169686082e-01,2.163376652954818527e-02,4.892783711476558897e-05,9.683870735826429323e-04
9.730179408323820223e-01,2.287894249283506376e-02,3.795832813376917320e-03,2.707345456923440950e-05,2.802104068368731389e-04
9.665867562959925552e-01,3.088747093458918749e-02,2.228501650106639882e-03,2.222105826933366986e-05,2.750500610423656516e-04
9.781123934633583206e-01,1.989624495743001764e-02,1.717486828059676873e-03,2.413290832719333276e-05,2.497418428249369507e-04
8.636281640324119380e-01,1.302252571936919068e-01,5.293338046989046197e-03,3.663587947970862774e-05,8.166048474272116992e-04
4.301167713915516888e-01,5.444603774309161315e-01,2.367155862275345177e-02,5.131356938201916875e-05,1.699978985396689152e-03
5.888492772770178574e-01,3.785578236151561082e-01,2.774839951932213042e-02,8.384480946137025262e-05,4.760654779042574822e-03
9.292716595740584395e-01,5.996470364479285914e-02,9.450302354926479534e-03,6.751863130266686690e-05,1.245815794919461796e-03
9.322075299567724738e-01,6.258291528919046609e-02,4.530738124040659121e-03,4.343983311711539059e-05,6.353767968794790666e-04
9.869631182014233506e-01,1.167692178986177130e-02,1.125286431560763769e-03,1.430979699606253167e-05,2.203637801581562346e-04
9.857243274371282338e-01,1.335715969384353337e-02,7.326473885583836094e-04,1.091981667599174733e-05,1.749456637937854000e-04
8.969138053118508314e-01,9.900350941037336372e-02,3.535019724756849942e-03,2.012056592148221633e-05,5.275449870973183963e-04
5.882529549083822529e-01,3.951139861864621516e-01,1.540830755713740521e-02,3.862007380099945696e-05,1.186131274217084794e-03
8.477470702076659315e-01,1.427942565739099556e-01,8.652793612919124078e-03,3.591099545616170810e-05,7.699686100487452417e-04
5.199380990319927287e-01,4.601647534558628294e-01,1.868677339808720583e-02,3.817380763228249148e-05,1.172200306425017066e-03
2.750314346412484068e-01,6.847886096538821077e-01,3.851773952813218604e-02,5.013944867505579683e-05,1.612076728062126259e-03
6.574397114679358944e-01,3.036369481019270955e-01,3.704819589828441811e-02,1.017508960548354401e-04,1.773393635797875997e-03
7.922862736460233313e-01,1.923101693245893307e-01,1.441572180282589544e-02,5.252429166067536839e-05,9.353109349008936410e-04
3.967062594563799394e-01,5.705105456236903017e-01,3.164597054804414028e-02,5.319039644270216348e-05,1.084033975443082949e-03
3.254193653681852205e-01,6.145739791664887042e-01,5.885744836980361799e-02,8.764022214395639535e-05,1.061566873378619108e-03
1.598792403242045856e-01,7.708758453271379318e-01,6.765054540123646709e-02,7.113107397939007182e-05,1.523237873441664249e-03
7.132576310114317752e-02,8.038170674198747978e-01,1.229165607502181595e-01,7.448228829817029912e-05,1.866126440465721041e-03
1.774670865084451987e-01,6.865173198025649182e-01,1.331852206073489142e-01,1.034794187009263096e-04,2.726893662939883743e-03
7.976261926350534104e-01,1.709530386613772879e-01,2.996305275115990208e-02,5.394692671338363133e-05,1.403769025696166789e-03
7.426381445691486727e-01,2.291816247158214304e-01,2.705318232446206339e-02,5.903383985989225978e-05,1.068014550708103194e-03
4.660492095781685884e-01,4.767567561876033810e-01,5.568045976806156039e-02,8.054476147928027279e-05,1.433029704687142566e-03
2.124262713075910913e-01,6.675447994530697704e-01,1.182552884500794738e-01,1.100474513942166000e-04,1.663593337865334988e-03
3.127591503139420803e-01,5.719390230317207280e-01,1.135450814776638034e-01,1.162236684325588712e-04,1.640521508240982973e-03
1.883804301737728171e-01,6.588054482342036167e-01,1.514658342282701464e-01,1.119187569000779412e-04,1.236368606853566806e-03
9.718330500962334140e-02,7.420961852794624170e-01,1.590221220255544632e-01,9.743612184297981789e-05,1.600951563516704633e-03
3.482855583631276342e-01,4.756733242372817028e-01,1.731964726671855748e-01,2.416224328316914798e-04,2.603022299573441983e-03
1.140666506844593003e-01,6.973813611323365080e-01,1.863271960821041573e-01,1.294614234661270046e-04,2.095330677633929720e-03
4.355537611773626500e-02,7.214830744148065245e-01,2.328689518612528930e-01,9.972461521546210688e-05,1.992872990989002797e-03
3.297681735513753598e-02,7.304103770553000974e-01,2.343247064733591789e-01,9.425427500231147305e-05,2.193844841200942152e-03
1.515897723491028797e-02,6.093955108738282611e-01,3.736579594297037010e-01,1.179509564599533737e-04,1.669601505097655916e-03
1.954900705581482934e-01,5.753798339051267030e-01,2.260818766879757746e-01,1.503255153713706151e-04,2.897893333377858649e-03
1.009368302319998134e-01,6.867250405429199400e-01,2.095112698926932804e-01,1.286637968431402705e-04,2.698195535543783819e-03
7.818910858931522878e-02,7.509792460766506750e-01,1.673412550579828351e-01,9.386114324960060523e-05,3.396529132801624860e-03
1.311450108097757528e-01,4.350519027729606303e-01,4.320066252701788567e-01,3.727263732200356418e-04,1.423734773864681388e-03
6.793129770483813390e-01,1.687437306636039303e-01,1.501272940077102991e-01,4.462370061985909469e-04,1.369761274105763416e-03
8.075197131770389669e-01,1.385102697879216083e-01,5.303376224279694046e-02,1.972718882989084451e-04,7.389829039436506247e-04
5.641368679877456493e-01,3.368577663304890280e-01,9.766950044183356217e-02,2.224125662573075751e-04,1.113452673674701111e-03
4.808331218051693501e-01,4.374486550717544553e-01,7.976347729008273491e-02,1.686062701515822211e-04,1.786139562841885468e-03
9.348577573754776049e-01,5.002042270899849374e-02,1.440805870919937594e-02,7.142316587969342817e-05,6.423380404449180328e-04
9.433973292224243634e-01,4.661504389984211932e-02,9.361667936402603626e-03,5.643255222990452969e-05,5.695263891010856564e-04
9.869388856258164422e-01,1.122797217826380922e-02,1.581368086896024761e-03,1.801430394395117825e-05,2.337598050798196734e-04
9.617557997365153710e-01,3.562695188377119210e-02,2.098775886536819856e-03,1.776707128606544423e-05,5.007054218905580226e-04
6.323192684828480292e-01,3.542492164043002933e-01,1.134465655727952792e-02,3.760916023387139690e-05,2.049249395338226080e-03
8.233988137929871831e-01,1.673525186684078625e-01,7.456899566634884319e-03,3.565201294643889385e-05,1.756115959023602869e-03
9.453589004896079118e-01,5.087472166822100406e-02,2.984187031474484168e-03,1.913846220379096955e-05,7.630523484927743093e-04
9.600998871951175184e-01,3.699211382639681911e-02,2.283505516988005701e-03,1.638242447826587783e-05,6.081110370193869514e-04
8.844198037021263614e-01,1.090591148647608311e-01,5.807112451601948236e-03,3.275146962649252541e-05,6.812175118844470681e-04
5.857283119287226558e-01,3.966543158327499596e-01,1.615300601312064793e-02,4.120963790062194407e-05,1.423156587506110675e-03
3.885766124988707659e-01,5.782763513575276404e-01,3.164506874111779056e-02,4.220252880385804941e-05,1.459764873679854271e-03
9.421948975393440451e-01,5.037038163461014795e-02,6.710888835545288263e-03,4.236049569133444262e-05,6.814714948091635943e-04
9.918320538723408575e-01,6.881108729754503717e-03,9.784038382150176631e-04,1.995769152128870652e-05,2.884758681681966262e-04
9.983796835507975365e-01,1.307832787919169237e-03,2.314642962405024707e-04,8.140220469937238605e-06,7.287914457291728185e-05
9.969304965327755452e-01,2.596354107230052898e-03,2.560185758741881801e-04,1.320204213351798630e-05,2.039287419866506993e-04
9.953730695477285284e-01,3.985189985326637215e-03,4.142126938650023582e-04,1.624001767436263164e-05,2.112877554053367243e-04
9.893300754536421548e-01,9.253835268155227375e-03,8.566528417912641462e-04,2.324434197977259768e-05,5.361920944315266228e-04
9.938050169453738203e-01,5.183441537175365391e-03,6.132043972314090135e-04,1.680842066911584636e-05,3.815286995502414750e-04
9.896233986291352869e-01,8.388488653601465853e-03,1.042497606571430539e-03,3.123342025267702245e-05,9.143816904391593222e-04
9.883566787334306936e-01,9.346816273302882908e-03,1.523198025321498283e-03,4.021711108325764833e-05,7.330898568616049183e-04
9.972695882153992386e-01,2.147528678739729028e-03,2.736864529846170287e-04,1.021655454404498000e-05,2.989800983323115456e-04
9.835160701712882814e-01,1.412797288884507646e-02,1.222237529481136819e-03,3.041173456789767986e-05,1.103307675817620168e-03
9.945709902400751146e-01,4.050346010888088849e-03,2.588751764650192369e-04,1.145686176287966017e-05,1.108331710808909071e-03
9.954396208830763593e-01,3.466548767268476470e-03,2.689486488219574515e-04,1.688658689396038546e-05,8.079951139392706075e-04
9.927543515283578923e-01,5.981914137434535608e-03,6.680363101561864313e-04,3.321179785749171488e-05,5.624862261940109581e-04
9.950052323243258057e-01,4.267671499340447254e-03,4.157772261914906005e-04,1.713444409106988929e-05,2.941845060511415980e-04
9.939833385622804940e-01,4.832626550714140545e-03,7.444657528096949341e-04,3.400326368454964493e-05,4.055658705110700042e-04
9.881337418195195177e-01,9.693741929832237758e-03,1.183465273243043507e-03,4.574228703233818841e-05,9.433086903728151373e-04
9.965152980893020596e-01,2.438051213312245145e-03,3.429695837315606898e-04,2.196750083897802577e-05,6.817136128150182639e-04
9.988270855476352184e-01,8.755351380959106684e-04,9.603128328798325698e-05,6.925256966826687600e-06,1.944227740139662590e-04
9.985974212391742766e-01,1.075280791706164241e-03,1.966353717750468004e-04,1.909535859746593653e-05,1.115672387469837418e-04
9.977961771782153377e-01,1.266875645738820477e-03,6.572883520547688138e-04,1.020481058373416943e-04,1.776107181538029206e-04
9.936793689556685516e-01,3.091741351396144234e-03,2.094981588703096354e-03,2.650223297459373267e-04,8.688857744863166723e-04
9.886920153885878637e-01,5.224618877835105271e-03,4.477218945943868197e-03,2.086708403017347628e-04,1.397475947331494519e-03
9.790680630021174613e-01,8.197447161084014250e-03,8.079703226847211733e-03,2.493950640489308386e-04,4.405391545902281533e-03
9.545886723257583917e-01,1.455832747025496803e-02,1.687925323988117426e-02,3.873583653003784613e-04,1.358638859880496527e-02
9.363350003266267541e-01,1.965432176099171646e-02,2.935988979817667072e-02,3.381411361324409594e-04,1.431264697807238181e-02
9.448348818068257327e-01,1.157215045830888370e-02,1.580015600612744153e-02,2.753746558774069065e-04,2.751743707286049764e-02
8.961274112386009572e-01,1.702159186134185806e-02,1.654488179525280198e-02,2.300087762960861945e-04,7.007610632850827526e-02
9.009440742434794425e-01,1.265980828560428831e-02,1.303712811086294582e-02,2.507018937494332779e-04,7.310828746630379515e-02
9.057364563810177405e-01,1.167079306910205790e-02,1.600284355934390376e-02,4.486312100207686879e-04,6.614127578051555434e-02
9.468092369511597051e-01,5.833487326267357796e-03,7.310201236976405191e-03,2.063222725776245824e-04,3.984075221301906083e-02
9.380231268221380647e-01,6.772685680790356023e-03,1.124888701959341278e-02,2.417306908843408985e-04,4.371356978659373532e-02
9.417244484136474414e-01,5.622874586883244187e-03,6.769221407853829447e-03,1.914459702712559665e-04,4.569200962134415539e-02
9.649183959858382842e-01,3.727988624676370315e-03,3.587478786619263931e-03,1.684546464421011395e-04,2.759768195642405345e-02
9.851207468990995642e-01,3.502145355807994090e-03,1.700463227968249894e-03,9.647524344052743476e-05,9.580169273683542333e-03
9.732478497770606918e-01,1.030719493111115562e-02,6.121408298027181984e-03,4.835723850958361172e-04,9.839974608705247261e-03
9.803884724487490487e-01,7.012154641327576592e-03,2.764027429127237281e-03,2.992083147088318287e-04,9.536137166087274228e-03
9.886345630876157697e-01,5.213819452321450873e-03,2.128979605801608558e-03,3.114834443306284287e-04,3.711154409930448456e-03
9.974472901747579723e-01,1.513426559138099977e-03,4.116311157724280244e-04,5.397326981015737021e-05,5.736788805213572078e-04
9.912725428757298562e-01,3.566015179473483454e-03,7.802720467054760070e-04,9.679638702672283056e-05,4.284373511064441808e-03
9.919629614920514316e-01,4.798387378429024540e-03,1.194619261247701703e-03,1.920035395622713250e-04,1.852028328709587248e-03
9.957709224814532689e-01,2.696972142810392589e-03,5.533315684267839461e-04,8.652950621402405191e-05,8.922443010956547472e-04
9.895064737289060997e-01,6.864226404738620405e-03,1.015111584113913452e-03,1.017593962932900124e-04,2.512428885948059416e-03
9.777603707230790864e-01,1.575402499002254847e-02,2.579230514073916746e-03,2.028936245631760493e-04,3.703480148261356630e-03
9.889886991236257474e-01,8.241485216969681588e-03,1.449433296799372377e-03,9.699709647731201293e-05,1.223385266127910735e-03
9.906550959050836047e-01,6.984843966310919430e-03,9.106513483107489017e-04,6.597631195814839347e-05,1.383432468336581300e-03
9.905614272289255950e-01,7.035462623079845670e-03,1.057709711617316715e-03,8.764244921758882574e-05,1.257757987159610104e-03
9.949527340042682022e-01,3.813851185366306552e-03,6.361430376475605631e-04,5.878316041888353592e-05,5.384886122991906776e-04
9.928437897744416540e-01,5.790780061881676578e-03,6.580814081061867873e-04,4.440220272602772995e-05,6.629465528444313449e-04
9.963202095243548495e-01,3.021529642118966300e-03,3.299921988537142374e-04,2.756473103896938247e-05,3.007039036334603057e-04
9.936967908647906800e-01,5.266925411904288014e-03,6.421989429615887696e-04,4.226524372878907984e-05,3.518195366146397276e-04
9.941855634431626676e-01,4.607278661667458912e-03,7.513152379091978883e-04,6.876812567911700519e-05,3.870745315815286879e-04
9.936240487112184550e-01,5.175824357388050453e-03,5.957286889107532178e-04,5.467543173011324209e-05,5.497228107526239919e-04
9.926925342698278421e-01,5.824777883864369447e-03,9.108416250101160523e-04,7.370389511307474852e-05,4.981423261846719668e-04
9.837494656166566598e-01,1.392851304535812004e-02,1.356097514345541970e-03,8.576660879383869707e-05,8.801572148458714634e-04
9.830912585623069466e-01,1.423092528980933295e-02,1.602979924999694931e-03,8.724155615644041374e-05,9.875946667274990067e-04
9.794284759767505344e-01,1.649781457530831788e-02,2.564364846899937298e-03,2.011295203830569902e-04,1.308215080658339975e-03
9.904823091866330476e-01,7.737487169445561239e-03,1.178200447872544514e-03,7.880510535657417478e-05,5.231980906923377550e-04
9.885079886811483085e-01,1.002624917574536194e-02,9.315048046073244430e-04,4.977976607032255331e-05,4.844775724286459642e-04
9.885140447613287584e-01,1.026210719383568656e-02,8.044721744649787915e-04,3.647220689799536482e-05,3.829036634724515965e-04
9.869748402875971882e-01,1.169067376292348345e-02,9.686657686146717561e-04,3.710663646874597294e-05,3.287135443959533472e-04
9.947330379781603726e-01,4.478712563974770675e-03,5.713756702037030245e-04,2.743374080882733375e-05,1.894400468524063969e-04
9.948929344086527848e-01,4.333847926430337873e-03,6.034063020343225902e-04,2.682432185544140343e-05,1.429870410271717773e-04
9.959082024488298268e-01,3.540868638331048576e-03,4.251254735287292958e-04,2.093200592540753961e-05,1.048714333849919893e-04
9.956998963624406063e-01,3.761105379184818357e-03,3.837730174589216374e-04,1.779813572275839147e-05,1.374271051930936807e-04
9.842121252642294094e-01,1.399695888392279292e-02,1.324644054208524427e-03,3.681962516071085167e-05,4.294521724786364426e-04
9.685113160805989274e-01,2.502186012944961763e-02,4.565714487132109187e-03,1.673430447905623454e-04,1.733766258028807388e-03
9.692646740636884362e-01,2.526451652999023648e-02,3.891665234356559214e-03,1.181656726852306022e-04,1.460978499279508075e-03
9.768926233501615819e-01,1.897050001370790759e-02,3.339199947012359317e-03,9.672555644293691368e-05,7.009511326750450001e-04
9.736708079262622606e-01,2.108741870622833983e-02,4.393461524576428717e-03,1.344376440028997009e-04,7.138741989301137852e-04
9.860384106185304809e-01,1.186299493143009275e-02,1.674503343141896987e-03,5.334074995242886702e-05,3.707503569452033610e-04
9.892675682908499413e-01,9.423395217972556012e-03,9.133093965922149671e-04,3.197298631524973404e-05,3.637541082699799911e-04
9.851533932376863589e-01,1.272129753140226194e-02,1.365767515683014022e-03,3.964363090494281086e-05,7.198980843233422112e-04
9.896546827162853166e-01,8.788198179924981701e-03,8.064199473997609151e-04,2.430225337434895627e-05,7.263969030156286651e-04
9.866938281645173392e-01,1.130979828399797035e-02,9.213796886056416398e-04,2.735392111059843013e-05,1.047639941768575616e-03
9.880897745392686060e-01,1.043739670468042148e-02,8.232030677229097444e-04,2.941870819693442023e-05,6.202069801311246898e-04
9.855908605492290642e-01,1.298017273754535628e-02,9.185019143288340607e-04,2.740484338211616273e-05,4.830599555145483276e-04
9.833690819103697578e-01,1.492810781334841068e-02,1.265993794504976545e-03,3.610322242285352842e-05,4.007132593540160977e-04
9.886329636418555999e-01,1.004581267248110671e-02,1.045992741870198231e-03,3.792457442616371072e-05,2.373063693671289046e-04
9.809351743574891147e-01,1.716568551393780201e-02,1.608828709790296931e-03,5.046233892410456010e-05,2.398490798587118338e-04
9.907216018075325481e-01,8.149780789649865159e-03,9.694626001806073978e-04,3.530181287014156548e-05,1.238529897669856891e-04
9.952692969206909934e-01,3.984256667636063877e-03,6.577312502802008017e-04,2.910619037839033452e-05,5.960897101448987281e-05
9.853985358567750596e-01,1.180389065342286187e-02,2.532688752895386614e-03,8.386584272448508186e-05,1.810188941822208557e-04
9.809213298802081926e-01,1.590942777916284565e-02,2.885311805987813595e-03,7.189634621412676176e-05,2.120341884269517181e-04
9.863736770047124569e-01,1.161850287576155112e-02,1.771118234980539495e-03,4.482069536699837198e-05,1.918811891783117705e-04
9.957741241306937718e-01,3.569372901985022606e-03,5.503998967927594375e-04,2.038801930561790409e-05,8.571505122272365560e-05
9.898599973107813366e-01,8.852628365404315719e-03,1.083040172370058722e-03,3.525660192328618025e-05,1.690775495211743675e-04
9.875442166211548800e-01,1.103251904345378502e-02,1.183684458935693436e-03,3.391325193408527305e-05,2.056666245217031973e-04
9.869045743867763676e-01,1.135545712094623676e-02,1.458472314309392035e-03,4.295144877531778614e-05,2.385447291928206393e-04
9.852153579255247262e-01,1.286427256876660971e-02,1.604840648769244879e-03,3.828712355907240540e-05,2.772417333802959559e-04
9.814686259676541624e-01,1.646384247914925089e-02,1.673523427066881970e-03,3.404299277464577309e-05,3.599651333549424453e-04
9.939620956017672926e-01,5.272322885228316290e-03,5.385490816930687966e-04,1.701510706820809202e-05,2.100173242429738114e-04
9.849420601067427894e-01,1.327526698373150855e-02,1.442839790759515390e-03,3.123146360519479461e-05,3.086016551610056696e-04
9.883002665849448531e-01,1.007190609906196722e-02,1.295408092532700749e-03,3.624120795948594973e-05,2.961780155009556309e-04
9.928625153709776940e-01,5.838428030771406797e-03,1.076074866309320067e-03,3.461968828130586621e-05,1.883620436602325982e-04
9.919321573937912584e-01,6.906907760538722602e-03,9.649220568705590452e-04,2.703667662695081859e-05,1.689761121724702223e-04
9.812946989473733117e-01,1.671012163362027222e-02,1.723479138355024686e-03,3.524592334121422291e-05,2.364543573101241794e-04
9.778708226798169534e-01,1.991336239162859803e-02,1.935180758440842134e-03,3.467696198099622248e-05,2.459572081325028673e-04
9.575032841353918744e-01,3.781295045231124891e-02,4.224109898636257618e-03,7.149308300718501639e-05,3.881624306535960646e-04
9.777557068380008376e-01,1.969268071763457736e-02,2.291404650771714652e-03,4.208128818744486785e-05,2.181265054053657974e-04
9.911088855808805054e-01,7.559833174612927593e-03,9.510329405262433512e-04,3.416285820803744767e-05,3.460854457724957841e-04
9.911585483207209224e-01,7.667808798612558811e-03,8.484545024715177408e-04,2.708428568923946394e-05,2.981040925057191126e-04
9.918586620739507920e-01,6.836389668949375935e-03,1.065861159873039482e-03,3.163286762635724554e-05,2.074542296002949765e-04
9.874842454329803010e-01,1.078396877426143416e-02,1.283956155562472785e-03,4.231467642522978169e-05,4.055149607704737523e-04
9.879196020695970581e-01,1.023553312686107698e-02,1.141080018955038539e-03,3.286710837248416598e-05,6.709176762143324001e-04
9.880269235268035466e-01,1.023560558245838192e-02,1.089715889236576082e-03,3.172178647875887160e-05,6.160332150227158755e-04
9.928812614008674098e-01,6.100305544739353762e-03,6.279160856016852013e-04,2.388444652284009274e-05,3.666325222687589298e-04
9.932227952539355309e-01,5.446292422980954229e-03,1.084077074093607249e-03,3.987938699944476058e-05,2.069558619905019665e-04
9.940263945409475443e-01,5.096935374403984732e-03,6.632717451486695465e-04,2.808979358022224872e-05,1.853085459194509432e-04
9.972805939863400582e-01,2.297814317772045242e-03,3.057754901457506932e-04,1.572131093566918070e-05,1.000948948066152859e-04
9.942981954492782215e-01,5.019365871796256304e-03,4.675890344133063229e-04,2.218553222160654030e-05,1.926641122904127238e-04
9.809131969106922311e-01,1.745139315073801142e-02,1.190972403637300010e-03,3.461846680890772425e-05,4.098190681235921768e-04
9.910181848448246233e-01,8.134977811440197853e-03,5.817767444277689888e-04,1.978710860879359505e-05,2.452734906985080932e-04
9.921864513546444497e-01,6.939377431495189451e-03,6.498312596251017105e-04,2.172836931813890924e-05,2.026115849171351553e-04
9.945463977677332368e-01,4.811319888326007904e-03,4.747555595959048694e-04,1.868592107535815730e-05,1.488408632693998576e-04
9.932902358979869284e-01,5.957981311100901331e-03,5.797386427320911804e-04,2.168262650981794251e-05,1.503615216702457169e-04
9.937289778289326581e-01,5.443568091015882522e-03,6.452751007727451334e-04,2.456615964626310272e-05,1.576128196322221274e-04
9.875401016013809485e-01,1.053121348555202674e-02,1.524376824441178334e-03,5.463250393914997308e-05,3.496755846866853815e-04
9.903791552984968494e-01,7.830975670366993255e-03,1.376780880842384683e-03,5.164388349472062001e-05,3.614442667990363589e-04
9.960586196567525752e-01,3.265262042322510192e-03,5.179534826919601114e-04,2.156835244263384841e-05,1.365964657902898882e-04
9.959271064509043203e-01,3.420987247600191551e-03,4.690984866474181506e-04,2.397168736934896804e-05,1.588361274787181555e-04
9.948715873695674894e-01,4.324368988156744240e-03,6.082495280758205359e-04,3.051171926138790966e-05,1.652823949385024956e-04
9.961770490027472835e-01,3.238887947597160651e-03,3.912649874394184802e-04,2.552619291445755364e-05,1.672718693017730129e-04
9.940089666605327334e-01,5.166369160826405661e-03,5.419954663194462502e-04,3.724340349262541552e-05,2.454253088285250520e-04
9.954035278584392188e-01,3.797128977118824963e-03,3.076558059421777356e-04,2.596342892974264429e-05,4.657239295702671959e-04
9.939436696781792646e-01,5.223474470475118585e-03,3.154725835443484942e-04,2.040352850377204102e-05,4.969797392975703601e-04
9.928774461677545293e-01,6.080380382861691815e-03,3.373969163571177970e-04,1.621755749904027350e-05,6.885589755275514558e-04
9.926506574054654308e-01,6.057398536106536197e-03,4.168170220240879475e-04,1.533095569163877946e-05,8.597960807121997470e-04
9.959389142472586665e-01,3.393647410499763591e-03,3.278200360616264925e-04,1.473611754878336736e-05,3.248821886311331988e-04
9.965461669357672525e-01,2.698209520894729284e-03,4.696348818577826762e-04,3.553771033150368195e-05,2.504509511486085940e-04
9.888073785758031420e-01,8.800376231456427320e-03,1.468851064842748542e-03,9.188214295462716571e-05,8.315119849430218377e-04
9.860527713839397634e-01,1.107229918907030528e-02,1.878251265751729269e-03,9.479101612021641622e-05,9.018871451179312146e-04
9.721519569038822306e-01,2.202240641198670648e-02,2.766411356829438697e-03,1.035158896445691955e-04,2.955709437657024711e-03
9.785028128600690156e-01,1.709919951261136550e-02,2.406870178875829703e-03,9.860069105202456182e-05,1.892516757391869827e-03
9.918279311976970769e-01,6.510360882331187038e-03,9.180868828795519425e-04,4.725279420505614576e-05,6.963682428871070720e-04
9.819847087284278020e-01,1.398243003360230725e-02,2.809743908617467253e-03,1.167901924026091426e-04,1.106327136949918685e-03
9.609204390371217652e-01,2.923612114958808531e-02,7.454137663613785887e-03,1.794633609790968602e-04,2.209838788697227746e-03
9.182443269464485303e-01,6.131261947310526206e-02,1.196537627531480893e-02,2.933633839940525821e-04,8.184313921137399347e-03
9.218303071200436571e-01,3.930014424148268321e-02,2.468827856889002637e-02,1.473543928902258833e-03,1.270772614068142389e-02
9.754382010255074897e-01,1.447588249885292493e-02,7.253449514666860699e-03,9.534777206750489264e-04,1.878989240297789876e-03
9.815893306854214240e-01,8.776599297989856260e-03,5.351747678875557780e-03,7.927043335110118627e-04,3.489618004202122044e-03
9.775709276188022656e-01,1.313828398724022767e-02,5.360257245557871128e-03,6.617097457657491934e-04,3.268821402633964243e-03
9.845948883894056758e-01,6.978305422314560677e-03,3.415838478738934814e-03,3.600402415456443279e-04,4.650927467995103620e-03
9.666837082802685055e-01,1.700203557927002646e-02,5.986665637241745871e-03,3.472657004464567258e-04,9.980324802773140117e-03
9.881571562296862510e-01,6.510993826177891367e-03,2.591284793940649457e-03,2.092522383768931707e-04,2.531312911818151771e-03
9.899754851481623596e-01,5.097305364697346866e-03,1.361418961885696617e-03,1.244593267670962870e-04,3.441331198487627974e-03
9.667303317596389611e-01,1.929309227935380525e-02,8.295649694152884904e-03,5.553833991498223575e-04,5.125542867704527446e-03
9.424921898170705026e-01,3.237971042645242103e-02,1.792137741641274679e-02,1.036311683667910308e-03,6.170410656396486081e-03
9.517067694733243322e-01,2.279971989063358379e-02,1.196099010353753565e-02,1.093132228441933470e-03,1.243938830406263879e-02
9.623012026267530050e-01,1.678361136337280096e-02,1.487513427972840183e-02,9.675521258737347164e-04,5.072499604272080569e-03
9.782253677192417340e-01,1.278245640461192663e-02,6.345648291779412871e-03,5.342703481608805432e-04,2.112257236206201063e-03
9.755209501015386087e-01,1.506894017137604125e-02,7.307388600737851556e-03,6.908207365691096087e-04,1.411900389778241154e-03
9.820735241044429298e-01,1.155730861013091505e-02,4.931427528739329609e-03,3.875038564733058306e-04,1.050235900213648474e-03
9.900091366401168047e-01,6.263354035752877712e-03,2.914380366373898936e-03,2.440384723937583577e-04,5.690904853627944040e-04
9.794875939414947608e-01,1.599115065359465668e-02,3.031334425649140178e-03,1.447858465458500248e-04,1.345135132715414737e-03
9.696947156495315800e-01,2.289234631683026780e-02,4.279849620726519296e-03,1.745183277204793602e-04,2.958570085191079228e-03
9.496261902299889535e-01,3.410692389785654338e-02,6.696408579593454008e-03,2.381558110753534581e-04,9.332321481485526121e-03
9.846942109325386161e-01,9.744149306087549964e-03,2.037148078512654621e-03,1.008692395338021757e-04,3.423622443327225921e-03
9.850766711705791767e-01,8.648716611798466791e-03,1.806862002321337791e-03,8.466380046620797847e-05,4.383086414834735586e-03
9.857728114077816128e-01,9.409623408286197158e-03,1.505405978500669838e-03,4.811015212189849786e-05,3.264049053309631219e-03
9.930930798061300413e-01,4.612117346850862915e-03,6.903953664644826805e-04,3.067005055787332715e-05,1.573737429996774915e-03
9.963719569024143130e-01,2.605518302165179840e-03,4.625236185916561460e-04,2.100809087619092379e-05,5.389930859526771397e-04
9.945989362742252426e-01,4.047608021299133746e-03,6.673506396597357008e-04,3.322492368879655794e-05,6.528801411269203681e-04
9.926104843709282477e-01,4.617404902271182547e-03,1.265979119748602720e-03,6.574944223131100232e-05,1.440382164820636123e-03
9.826630356763139673e-01,1.087496371731643333e-02,2.535377371913553890e-03,1.051578112926781757e-04,3.821465423163337288e-03
9.843901694791066248e-01,8.167880323021148650e-03,2.325545411695816803e-03,1.252500274646153346e-04,4.991154758711779417e-03
9.892604027568366876e-01,7.030667361154758870e-03,1.907236939468468168e-03,1.004231102090227047e-04,1.701269832331143072e-03
9.829795779679392220e-01,1.223199727325155299e-02,2.709474582086047675e-03,1.176795890704589252e-04,1.961270587652827208e-03
9.834159656185091913e-01,1.265454205220562130e-02,3.058696531114552582e-03,9.968969429848864290e-05,7.711061038720832704e-04
9.758438346488056414e-01,1.951459964857778923e-02,3.558585767885303047e-03,9.525308553187696839e-05,9.877268491993824399e-04
9.894286409183635778e-01,8.631798994467242483e-03,1.440266122865348046e-03,4.930181721506452761e-05,4.499921470888378246e-04
9.947363346778154147e-01,4.359744583622112910e-03,5.754502238129182053e-04,2.765046987813289439e-05,3.008200448714572271e-04
9.946218415460827966e-01,4.450072028142872810e-03,5.960691936262259077e-04,2.875819139365725502e-05,3.032590407544298919e-04
9.946092969191501210e-01,4.440072702732566351e-03,6.653375274073568312e-04,2.439279063728579767e-05,2.609000600724857219e-04
9.917090465214417616e-01,7.067354047122961433e-03,9.199980756708903400e-04,3.256510157916192225e-05,2.710362541852176315e-04
9.888948310481874282e-01,9.021238345790527288e-03,1.595892849905130445e-03,4.889611928424800045e-05,4.391416368326298047e-04
9.883728353680231171e-01,8.555774628264947376e-03,2.341117756135380201e-03,9.308440214951721047e-05,6.371878454270164761e-04
9.808034758258791230e-01,1.526532343679334533e-02,2.967180076757548052e-03,9.576949322836614666e-05,8.682511673415878577e-04
9.831975844213811655e-01,1.407455106393348289e-02,2.100193505620208661e-03,6.060375822174330767e-05,5.670672508431333575e-04
9.830937096251511909e-01,1.431375348525344184e-02,1.971074582416822412e-03,6.008527766041951631e-05,5.613770295182338339e-04
9.845576774777585749e-01,1.325147733286232560e-02,1.539487695743515724e-03,5.448586718195225459e-05,5.968716264537113998e-04
9.755384482112317013e-01,1.952352090032651033e-02,3.898986062059130089e-03,1.290380671073826054e-04,9.100067592751205203e-04
9.898762050835973048e-01,8.475842432799260764e-03,1.232433268223504181e-03,4.735397031686258999e-05,3.681652450630736170e-04
9.939188930101443553e-01,5.251123250922441581e-03,4.946944534626571306e-04,2.571632297510718500e-05,3.095729624955052633e-04
9.969455927064071465e-01,2.649965409047671389e-03,2.577220092246115769e-04,1.332866240357769517e-05,1.333912129169780047e-04
9.971844617319310933e-01,2.452659499078322768e-03,2.431704649415572235e-04,1.388506455913550338e-05,1.058232394900135746e-04
9.962011805052080060e-01,3.412830408436558390e-03,2.620893595121893504e-04,1.379415513294112759e-05,1.101055717102453516e-04
9.984367597547626483e-01,1.361882254576194566e-03,1.026287430712594112e-04,7.736237797235194299e-06,9.099300979243776289e-05
9.966069988608960983e-01,3.001700510841948978e-03,2.152809159895491969e-04,1.202319318345523688e-05,1.639965190888929294e-04
9.971215788065859176e-01,2.545379572740238440e-03,1.773265371343209110e-04,9.733821651348018481e-06,1.459812618881989495e-04
9.982614627582404587e-01,1.502496931926403751e-03,1.361515337191129772e-04,7.418984275853275852e-06,9.246979183828867607e-05
9.976028133228148631e-01,2.117862062957484148e-03,1.681910951010400965e-04,9.275857822663354792e-06,1.018576613039411701e-04
9.968276989553933598e-01,2.840854225513034757e-03,1.674731797848825522e-04,9.792681447594640422e-06,1.541809578610806183e-04
9.940199283342530112e-01,5.277363921707471824e-03,4.086279242162212436e-04,1.542408400833667089e-05,2.786557358150434384e-04
9.931271721294749888e-01,5.924205643234208181e-03,3.379522456418038601e-04,1.364113799418326331e-05,5.970288436547506504e-04
9.928656397614743501e-01,5.748628416147979342e-03,4.329537955743486145e-04,1.459263652171899002e-05,9.381853902814887847e-04
9.922505900811346979e-01,5.956679904200605329e-03,5.259302349350247503e-04,2.231511760694895530e-05,1.244484662122716809e-03
9.897725810405176849e-01,8.403088867099599985e-03,8.849653002417367815e-04,3.950438212355473583e-05,8.998604100173517159e-04
9.945611912568376178e-01,4.590353166983759427e-03,4.351306844343709305e-04,2.514288548547371677e-05,3.881820062587366840e-04
9.961651020297768167e-01,3.281578099216158999e-03,2.561882529136980894e-04,1.565656553588311165e-05,2.814750525573086548e-04
9.984398299100432084e-01,1.304541413531689351e-03,1.211218108057591293e-04,8.903057492982369229e-06,1.256038081265503073e-04
9.976588046229540874e-01,1.960655453290274623e-03,1.564234804128168850e-04,1.153426515168247578e-05,2.125821781911936580e-04
9.968829019776381806e-01,2.694029498572729237e-03,2.447120066973891279e-04,1.388134248052305843e-05,1.644751746112469565e-04
9.945625498747325821e-01,4.797434130975296307e-03,4.105745477151086491e-04,1.644214606797949198e-05,2.129993005087964339e-04
9.957062212216438724e-01,3.698305535107576127e-03,3.770846666947234860e-04,1.699773731968863807e-05,2.013908392341270926e-04
9.961481500823144986e-01,3.045066800439369652e-03,4.883238470551644339e-04,2.369635580068220584e-05,2.947629143901902551e-04
9.831444582323916048e-01,1.452266741737764932e-02,1.642777239004649618e-03,5.639560492808957899e-05,6.337015062980450161e-04
9.935462867959035105e-01,5.125228221920408167e-03,8.324674508394307127e-04,6.637510068988209191e-05,4.296424306468051534e-04
9.876003679826188542e-01,1.062480731315201647e-02,1.279309483324388716e-03,6.721850898474345079e-05,4.282967119201135119e-04
9.923376521301284781e-01,6.523152768594549060e-03,9.020115026464346547e-04,4.847605367737667928e-05,1.887075449531620309e-04
9.978395642026665069e-01,1.851786617142616538e-03,1.691149031091703403e-04,1.321301161024054374e-05,1.263212654712420882e-04
9.942344395114326439e-01,4.796100891349102356e-03,3.800908449373965534e-04,2.210373507660080342e-05,5.672650172042281247e-04
9.910840271281566860e-01,7.527060592003922794e-03,5.822303881882985501e-04,2.426921734735127897e-05,7.824126743038013971e-04
9.890650144082127060e-01,9.179199014242337210e-03,8.825550947384370754e-04,3.802336241640949646e-05,8.352081203899089151e-04
9.964381488136194731e-01,2.908034211636182850e-03,4.124395438162318595e-04,1.949121446959190378e-05,2.218862164583177375e-04
9.973724896540597795e-01,2.080766472772732807e-03,2.943269732213640399e-04,1.432730775585698590e-05,2.380895921902878045e-04
9.969586439421364021e-01,2.439285482010211496e-03,3.491594637319501743e-04,2.071803032912190149e-05,2.321930817923219975e-04
9.938791180253297997e-01,4.947751355344413848e-03,8.946214312413498793e-04,3.829494618878119154e-05,2.402142418956896099e-04
9.941949165667723909e-01,4.879543375786488807e-03,7.001087718282930769e-04,2.811258012322226144e-05,1.973187054896301316e-04
9.943494243483684825e-01,4.825530510571708794e-03,5.896578382087085471e-04,2.702123391083333741e-05,2.083660689402167660e-04
9.945060653152799635e-01,4.423005953941985986e-03,8.603051929672289036e-04,2.948096562840258177e-05,1.811425721825948105e-04
9.922132417616553735e-01,6.116668255404862642e-03,1.289626470224417877e-03,5.174379833914932091e-05,3.287197143761232468e-04
9.962975275250838259e-01,2.892070046320122708e-03,5.955198060510393659e-04,2.348834000887127369e-05,1.913942825362136403e-04
9.923983124105711928e-01,5.237619910934262699e-03,1.679569922237688891e-03,7.047873486054304787e-05,6.140190213963224756e-04
9.940520494435280963e-01,3.434833261806771992e-03,1.644672176693352892e-03,7.446475858486438222e-05,7.939803593868719443e-04
9.787078970102676134e-01,1.049582816544799256e-02,6.005169807082676170e-03,2.457770801740747106e-04,4.545327937027769660e-03
9.747402570484839934e-01,1.232226624115162310e-02,3.759333135180048264e-03,1.195740685613106856e-04,9.058569506623023737e-03
9.904251598790525524e-01,4.179185568316105305e-03,1.062027400758210364e-03,3.780652249535230601e-05,4.295820629377785672e-03
9.840366504677708903e-01,7.957178803555431043e-03,2.565834557320854307e-03,9.694559033776113850e-05,5.343390581015170816e-03
9.825466435591818648e-01,8.369182266628872810e-03,3.406939514001315790e-03,1.525697857607693532e-04,5.524664874427253139e-03
9.809568218422057839e-01,1.301728011069024082e-02,3.655931090992564896e-03,1.336281477367880829e-04,2.236338808374511902e-03
9.814798362041463609e-01,1.137365369846822169e-02,3.654688113525940939e-03,1.549837852209811490e-04,3.336838198638447228e-03
9.862740230689942544e-01,8.317013638704445072e-03,2.681580352648432839e-03,1.312808478448084155e-04,2.596102091808149496e-03
9.768265891352738706e-01,1.555978319975967125e-02,5.265681186359115994e-03,2.911619231664137148e-04,2.056784555440814306e-03
9.726653240857189298e-01,1.660372899860277154e-02,8.486828079538979649e-03,5.026160451339992943e-04,1.741502791005316176e-03
9.865497626361848793e-01,9.000849458923237956e-03,2.997714470958538074e-03,1.403331296840251556e-04,1.311340304249341030e-03
9.741474210974034875e-01,1.462888336936807830e-02,9.017242233882255542e-03,4.735941792884730442e-04,1.732859120057615330e-03
9.161706548733742350e-01,3.533245576771245483e-02,4.005961488771927342e-02,2.073967835148475460e-03,6.363306636045679664e-03
9.405636814474063190e-01,2.680157129975842614e-02,2.390410111509302590e-02,9.111639056353641091e-04,7.819482232106768696e-03
8.956772855807417777e-01,6.112484194678990262e-02,3.224632526975356600e-02,9.131663792934258551e-04,1.003838082342126820e-02
8.678980979195670686e-01,5.636154007002797117e-02,6.844667382605269801e-02,2.288046462163348133e-03,5.005641722188894534e-03
9.188210553077226228e-01,4.408260288949910483e-02,2.735314997624450559e-02,1.025480809051407738e-03,8.717711017482502808e-03
8.722159305762259285e-01,7.081121075572407997e-02,4.203497799664328294e-02,1.027027334385737000e-03,1.391085333702115484e-02
8.919636520477518538e-01,5.620020458911932637e-02,4.065722910694336001e-02,2.051992676812860409e-03,9.126921579372638052e-03
9.446333585000262767e-01,2.792064065168545564e-02,2.378902319584243197e-02,1.251079122257189391e-03,2.405898530188692926e-03
8.796503455141048144e-01,7.577936847070028403e-02,3.821868667064481223e-02,1.171886718188136370e-03,5.179712626361963543e-03
9.097551725582613269e-01,5.078907933468708447e-02,3.344406260475432657e-02,1.540880902408106904e-03,4.470804599889233871e-03
9.442174202293991403e-01,3.473560872926501758e-02,1.703340613413276486e-02,1.007962399854165671e-03,3.005602507348833965e-03
9.585493665993771728e-01,2.654020810283354292e-02,1.209515136586891346e-02,5.397234710904062500e-04,2.275550460830012920e-03
9.722432861766383549e-01,1.816332093546577098e-02,7.814136164498589401e-03,3.469735118821912971e-04,1.432283211515197408e-03
9.896748791091568576e-01,7.045558269941375185e-03,2.514404213295852366e-03,1.417710189905444700e-04,6.233873886153692544e-04
9.947980282322802514e-01,3.622729146246865192e-03,9.166240410267543657e-04,7.155372006875045955e-05,5.910648603774343139e-04
9.859343458217315614e-01,1.055718624016218840e-02,1.870269260141032121e-03,1.044029339406233995e-04,1.533795744024531562e-03
9.783813451749679979e-01,1.517073608815736052e-02,4.513789649327274930e-03,2.751204703701681169e-04,1.659008617177091778e-03
9.753535285540784194e-01,1.724549804758263721e-02,5.493066475627653156e-03,5.634643740160205855e-04,1.344442548695202284e-03
9.790316414536822665e-01,1.363428120288644185e-02,5.236598678274900082e-03,5.263111331174069726e-04,1.571167532039037876e-03
9.526249430780223681e-01,2.202512061545514738e-02,1.457759420668674338e-02,8.219487632477958826e-04,9.950393336588052653e-03
9.812166453328613480e-01,7.995303957187895397e-03,6.674747618632167166e-03,7.356999032347590452e-04,3.377603188083913750e-03
9.714018226615006579e-01,1.116312531583137958e-02,1.314175769851905554e-02,1.446027895224936185e-03,2.847266428924001124e-03
9.710804509101099713e-01,1.239636099980428313e-02,1.245409001883195088e-02,1.014644257679524295e-03,3.054453813574150266e-03
9.726270481861847284e-01,1.215249566214669612e-02,1.215808569169597383e-02,7.682171607445032867e-04,2.294153299228052657e-03
9.889272496687075975e-01,6.186350779981965482e-03,3.872849344163764151e-03,2.464981101081573978e-04,7.670520970385853385e-04
9.931785790538847358e-01,4.010236707690263518e-03,2.107656848865807793e-03,1.849525276817366314e-04,5.185748618774597540e-04
9.901376550429884515e-01,5.709377012269253177e-03,3.311609624164177455e-03,3.031723844758286057e-04,5.381859361023818601e-04
9.889220720026574707e-01,6.288318489283321530e-03,3.812978754678086370e-03,2.684989292928646005e-04,7.081318240884220414e-04
9.901404145912122701e-01,5.536607651643733578e-03,3.599711319373288462e-03,2.283581919538741939e-04,4.949082458168953345e-04
9.743838300571813216e-01,1.426311450155205718e-02,9.639376278648924962e-03,7.919608166575900499e-04,9.217183459599065289e-04
9.860989367429517927e-01,9.013270988911777429e-03,4.037284232780500096e-03,2.783742539930829287e-04,5.721337813628337614e-04
9.968909313170210007e-01,2.076418110330609679e-03,7.209390153838970408e-04,6.085599870499196212e-05,2.508555585595797425e-04
9.857587901345996606e-01,8.736974701366768264e-03,4.379907103281987721e-03,2.229987454520393931e-04,9.013293152996423819e-04
9.481516228385408196e-01,2.270851598438140828e-02,2.258389212610567923e-02,1.194345844551305495e-03,5.361623206420711510e-03
9.202643898215803198e-01,3.824980176005532417e-02,2.687682534171062509e-02,1.554154033994331304e-03,1.305482904265935738e-02
8.205615754253942074e-01,5.829409857900445108e-02,5.865719361834916684e-02,2.312163582701899211e-03,6.017496879455017794e-02
5.850938844283095630e-01,1.551677406050123997e-01,1.730453343645021458e-01,2.655714315849626393e-03,8.403732628632634705e-02
7.694124135922106866e-01,9.337338647334926522e-02,9.214524353612357777e-02,1.257437520619946597e-03,4.381151887769658970e-02
7.851781345826712721e-01,6.664635945379518422e-02,9.250961877350206974e-02,1.911959812107275275e-03,5.375392737792415720e-02
7.807373018007243148e-01,4.877952428086666792e-02,8.496864542434771905e-02,2.809836742435094323e-03,8.270469175162635522e-02
7.494177759785294324e-01,6.607515878643220597e-02,9.736520350574494331e-02,2.331201520768533524e-03,8.481066020852510989e-02
7.515210297219454549e-01,6.282938403025656315e-02,1.084816115239972817e-01,3.558793179857985909e-03,7.360918154394270607e-02
8.797190697552067506e-01,2.878194563864963640e-02,3.931242350582599826e-02,1.878867424909295676e-03,5.030769367540834092e-02
8.421401588687550399e-01,4.212320974068362034e-02,4.635788657026945758e-02,1.645496996004667395e-03,6.773324782428734314e-02
9.144570604551720550e-01,3.018224350212113036e-02,2.738370070886885291e-02,9.829194904714031421e-04,2.699407584336642116e-02
7.625887741380696916e-01,7.398943600819869737e-02,1.107782347037734594e-01,4.048694519114632608e-03,4.859486063084353380e-02
8.298729208279151948e-01,2.128958077666940826e-02,8.631040297981557030e-02,5.458728540611728491e-03,5.706836687498820920e-02
7.582686982548816346e-01,2.558758899186831803e-02,1.645848765775425049e-01,7.510791416478720603e-03,4.404804475922879936e-02
4.862321140612884118e-01,3.874017508636862922e-02,3.959157274051578468e-01,9.102407568022718998e-03,7.000957587916233071e-02
7.090989096154225457e-01,5.070680825629988314e-02,1.693441654458731349e-01,2.594363506663950516e-03,6.825575317574067435e-02
8.368385816765193663e-01,2.348161943498160154e-02,8.829040113041319859e-02,2.752404051659492618e-03,4.863699370642633746e-02
8.365617795887966279e-01,3.064484733885220608e-02,6.907002306122200785e-02,1.857858523235901213e-03,6.186549148789340785e-02
7.970091508260873647e-01,5.050365135853566306e-02,8.059223337186698088e-02,1.677524172416144195e-03,7.021744027109394493e-02
8.515421951393036260e-01,2.684339842681781815e-02,6.100201873872809072e-02,2.033790507322403868e-03,5.857859718782810338e-02
8.509930471609973290e-01,3.462850611277772106e-02,5.762063655045553123e-02,2.615287781482709267e-03,5.414252239428676144e-02
8.691258280957177007e-01,3.207500825004728356e-02,5.755443394843533234e-02,3.155078310728468092e-03,3.808965139507125564e-02
6.832328460309834428e-01,6.486830366606606557e-02,1.664380191929502595e-01,8.593366777782234303e-03,7.686746433221806896e-02
6.358804205269962262e-01,6.258442644047046421e-02,1.692588708816449294e-01,5.562272784958711795e-03,1.267140093659296363e-01
6.317265115136522224e-01,4.990902082489038355e-02,1.800024116287901044e-01,4.874485505194709432e-03,1.334875705274726765e-01
6.804910464128690606e-01,5.295148392506547619e-02,1.412985080808933647e-01,4.778668126225088346e-03,1.204802934549468463e-01
6.161240507412918399e-01,6.520386194564223303e-02,1.145703324953061958e-01,3.580655766337626899e-03,2.005210990514220692e-01
7.572118560927179054e-01,4.356204792592888869e-02,5.603634262703788976e-02,1.139186062572891678e-03,1.420505672917424522e-01
7.704135299284189387e-01,3.105274534845472653e-02,7.135873941597101200e-02,2.331222772138989881e-03,1.248437625350163754e-01
7.803034810482447625e-01,4.447652720750928240e-02,6.349528123888296960e-02,2.202050338717244024e-03,1.095226601666456218e-01
8.061952054303994641e-01,2.917369578646162795e-02,4.487254678452581164e-02,1.778143337531759094e-03,1.179804086610815039e-01
8.396118077330188001e-01,2.600767512028227466e-02,3.314187406493458027e-02,1.710242950749161529e-03,9.952840013101524330e-02
9.795891311265089163e-01,8.377337992985307152e-03,6.475128569057041206e-03,3.472865444853411813e-04,5.211115766963332792e-03
9.857543474114709436e-01,7.229336678684382400e-03,3.769022849324226744e-03,1.000369757109982187e-04,3.147256084809188937e-03
9.128317724365836439e-01,3.977660561692061836e-02,2.671647243736171087e-02,8.090719956122412702e-04,1.986607751352179388e-02
8.099228807484375459e-01,7.167479488755057471e-02,7.269444286735241012e-02,1.996032219751672603e-03,4.371184927690791033e-02
7.795935163727960582e-01,7.198898689886694402e-02,1.075150806370608197e-01,2.821185214736513652e-03,3.808123087653959848e-02
6.987638770032978952e-01,1.062413568465867264e-01,1.194032863792590660e-01,2.062738079327679133e-03,7.352874169152864847e-02
6.184463925869203571e-01,8.747259590151572339e-02,1.986246087140480232e-01,3.391994169269452360e-03,9.206440862824634419e-02
6.137705461345956959e-01,9.924992320358234921e-02,1.493003986465762933e-01,2.718237422964816033e-03,1.349608945922807501e-01
6.518209991868587627e-01,6.098176142337871641e-02,1.720842171989903913e-01,4.238329544663879851e-03,1.108746926461083165e-01
7.557745904522428226e-01,4.122505473731535169e-02,9.430492493300964008e-02,3.167253743090563123e-03,1.055281761343416225e-01
8.503319324637066412e-01,1.673213997063951672e-02,6.366564482181721885e-02,3.148819138407094997e-03,6.612146360542962842e-02
8.714655676091329628e-01,2.420386637236040736e-02,3.602671938990748002e-02,1.538413937327901687e-03,6.676543269127116487e-02
7.597297888682943423e-01,4.402801557758080631e-02,6.628045069602118977e-02,2.302091443310577950e-03,1.276596534147932116e-01
7.818797180624064147e-01,3.953061840535426752e-02,4.298726220685218646e-02,1.451409735638553838e-03,1.341509915897486360e-01
7.422340511164557952e-01,4.739344318268513129e-02,4.176183141808050697e-02,1.559476783858935404e-03,1.670511974989196680e-01
7.087858524662885573e-01,4.212333409307354032e-02,9.118778188161336118e-02,4.558943005457926842e-03,1.533440885535666265e-01
7.027106087202271700e-01,5.201940854836139411e-02,7.613741748770723461e-02,2.686313358967063608e-03,1.664462518847371064e-01
8.063512423582187560e-01,4.086714055729173678e-02,3.739615555912058353e-02,1.255388384814090609e-03,1.141300731405549135e-01
6.654259543609644112e-01,9.222398455686696417e-02,6.176564808334648882e-02,1.664815984281848996e-03,1.789195970145403547e-01
7.856163714648510821e-01,5.165676133553935567e-02,3.833322520626410851e-02,1.422607223148133430e-03,1.229710347701973294e-01
6.928602365135938523e-01,1.043845597601042730e-01,4.046288159012609298e-02,6.045994923930498796e-04,1.616877226437826165e-01
7.457265749601678095e-01,6.459433641274328619e-02,5.654096964012043924e-02,1.130624631634189392e-03,1.320074943553342650e-01
6.271388560531012679e-01,7.757362183110078080e-02,1.292373847986287294e-01,4.976514218164706377e-03,1.610736230990044426e-01
5.408317476577566563e-01,1.021843125237937716e-01,1.725760275325264326e-01,3.804350755182900334e-03,1.806035615307401698e-01
5.972860641354722500e-01,6.874095843057588529e-02,2.004827094921839414e-01,7.997271536341232084e-03,1.254929964054266600e-01
7.637559045584877415e-01,3.277491971776363283e-02,9.593912479319322006e-02,6.712082905022490401e-03,1.008179680255328753e-01
8.675916519451450926e-01,3.224612865778172383e-02,3.962891130080823526e-02,2.201880572488488716e-03,5.833142752377636076e-02
8.969089463014074948e-01,1.894504836121941108e-02,1.909262074872832005e-02,1.580852282191218955e-03,6.347253230645343025e-02
9.462918545955540939e-01,1.143860926124323774e-02,5.806446730215446099e-03,4.838372415270562042e-04,3.597925217146016180e-02
9.255374931887673240e-01,1.776299789681583946e-02,7.553217862100222030e-03,3.319374875109323700e-04,4.881435356480554738e-02
9.451832903956506327e-01,1.621804979490304097e-02,8.556878410237524907e-03,6.899128845299176173e-04,2.935186851467902133e-02
9.045059921091302968e-01,2.280237977922549425e-02,1.794909753590224338e-02,7.629256973682428146e-04,5.397960487837366594e-02
8.377397853033188291e-01,4.213507520268693768e-02,3.000420066135157937e-02,1.119544887311384185e-03,8.900139394533125581e-02
8.580624180575947557e-01,3.285635594783599400e-02,3.505765136948635341e-02,1.755365347495016102e-03,7.226820927758785540e-02
8.907694323829025151e-01,1.929060649499756211e-02,3.668925684801890852e-02,2.161104902464794364e-03,5.108959937161626497e-02
9.649638364449847350e-01,6.690367458193816237e-03,2.280528628732511956e-02,1.445681165568532935e-03,4.094828643927739265e-03
8.888688899423712320e-01,1.728928617738876780e-02,7.192643453961299060e-02,1.013247423831574456e-02,1.178291510231137783e-02
9.038118483291082139e-01,1.676639818379652147e-02,6.051570469598324675e-02,4.705002389300859574e-03,1.420104640181107762e-02
8.634519504696209768e-01,2.017937843515128435e-02,7.461011382844427720e-02,8.034790764471323038e-03,3.372376650231205530e-02
8.890187559917556159e-01,2.392048866924636683e-02,4.677641016889775433e-02,2.378511766903857079e-03,3.790583340319625405e-02
8.310471324428239104e-01,4.284934441262602811e-02,6.066947865077843005e-02,2.663466488980479989e-03,6.277057800479106386e-02
7.357692421406329952e-01,3.330852970051733503e-02,1.195589382740248341e-01,9.259149311118167192e-03,1.021041405737067587e-01
7.021726485663332129e-01,4.515036345942215201e-02,1.648319252563250903e-01,1.481323565457379199e-02,7.303182706334573893e-02
7.305673433607170475e-01,3.747790671405609730e-02,1.245617939392986984e-01,9.664497172413914067e-03,9.772845881351423236e-02
6.907971527519961574e-01,3.848432251497847789e-02,1.229007892379976458e-01,5.992048926530777267e-03,1.418256865684968393e-01
6.609592048781255391e-01,5.032895961726197021e-02,1.640098895265581780e-01,4.462371905382284468e-03,1.202395740726720230e-01
4.531639775172061624e-01,5.526651168668905711e-02,2.987308575581297809e-01,8.915976336279191061e-03,1.839226769016958640e-01
3.984118102357338542e-01,7.551973724851439307e-02,3.306828386621433746e-01,1.006575816487386560e-02,1.853198556887344917e-01
4.553445295125519987e-01,7.642511615338952458e-02,2.624548943158576120e-01,6.093309295453624985e-03,1.996821507227472536e-01
6.420124850554291829e-01,3.428784903852513666e-02,1.194501005359237394e-01,4.826639255363677009e-03,1.994229261147582588e-01
5.977402566202787426e-01,3.629289421912394731e-02,8.863372887118503574e-02,2.845707573713389133e-03,2.744874127156989307e-01
6.609423631405239030e-01,4.024181877917280131e-02,6.610667436155967525e-02,1.986631669825672779e-03,2.307225120489179715e-01
6.359080107666248427e-01,3.152568147251440939e-02,1.319713156364727136e-01,4.638297431525198813e-03,1.959566946928628373e-01
7.983469077477810538e-01,3.100716065712650835e-02,5.902660063966477799e-02,1.773832290030146527e-03,1.098454986653974730e-01
8.745914633647093872e-01,2.625559671662010611e-02,5.152805351382599985e-02,2.655204220630192919e-03,4.496968218421434904e-02
6.406407741571270575e-01,5.315884909079931359e-02,1.882986815624949628e-01,1.011671708805786038e-02,1.077849781015208647e-01
6.419696377157975142e-01,5.498957449888466908e-02,1.522479695463841431e-01,8.237485370473800195e-03,1.425553328684597831e-01
6.128673149462309233e-01,3.951751291913119246e-02,1.378039920278773256e-01,7.676448831450651163e-03,2.021347312753098979e-01
6.765795413289557025e-01,2.841786670443371271e-02,1.414569877020790678e-01,8.677317982035047395e-03,1.448682862824964279e-01
8.512242518575084960e-01,1.808244035092525584e-02,4.322332824520229433e-02,3.756279344794245627e-03,8.371370020156962410e-02
7.452190121492696662e-01,3.296359214237622876e-02,7.499980596100574992e-02,6.694282559552161734e-03,1.401233071877961422e-01
6.094738308597571486e-01,4.534202989208759027e-02,1.039205637877465421e-01,4.597354062523878980e-03,2.366662213978848739e-01
5.949708253252329326e-01,5.589210954142295740e-02,9.001893789596709938e-02,3.324351229548246859e-03,2.557937760078287659e-01
4.905905230904435976e-01,7.159250742405609547e-02,9.663106436071933203e-02,2.548987422179724727e-03,3.386369177026012367e-01
7.338686539313976631e-01,3.258389615782050081e-02,3.680883044268686011e-02,1.216227950261298098e-03,1.955223915178337379e-01
7.078871084103681710e-01,1.373665096555296873e-02,2.576153452847405531e-02,9.459460792390838538e-04,2.516687600163655669e-01
7.962482696643655711e-01,7.933716748062693766e-03,1.435581573331292174e-02,4.844776226296225864e-04,1.809777202316291966e-01
7.101522947001551733e-01,2.017253537009754821e-02,2.567902690498621507e-02,9.549335206393121936e-04,2.430412095041218912e-01
6.863507759193973046e-01,4.249014273750385817e-02,2.440474461902210346e-02,3.341526800745024043e-04,2.464201840440022051e-01
7.226071852228800330e-01,4.599075931554923863e-02,3.946621081020589006e-02,7.366227335320525184e-04,1.911992219178328956e-01
6.015212563855413253e-01,7.953523969893290524e-02,9.728154911221723045e-02,1.797811543603271408e-03,2.198641432597053524e-01
8.896937595919678365e-01,3.372329745435490717e-02,1.744202761611694102e-02,3.262215272868269054e-04,5.881469381027330801e-02
9.027729969300565260e-01,4.892063150120606191e-02,2.946912207276725440e-02,3.741416335061537664e-04,1.846310786246391916e-02
6.517403378964555793e-01,1.349341137097338217e-01,1.761531838818842788e-01,2.071485937055199573e-03,3.510087857487123597e-02
6.757055222049119791e-01,7.334173747572672597e-02,1.769452531798750283e-01,5.134139941837540487e-03,6.887334719764863500e-02
6.248581928201396574e-01,6.812104286360085026e-02,1.787796726156792304e-01,5.303200325009405774e-03,1.229378913755708319e-01
6.618304677061758179e-01,5.445566480118292640e-02,1.024648528126932967e-01,1.903913548389006213e-03,1.793451011315589372e-01
6.604715013942245028e-01,4.801258309343924002e-02,1.883579050311021130e-01,6.992723386915205772e-03,9.616528709431905464e-02
6.922948735593503766e-01,4.707346400844798773e-02,8.204830001451564325e-02,2.221246227056883349e-03,1.763621161906291368e-01
7.526026730643018414e-01,3.768161450095381532e-02,7.555897529562526083e-02,2.741196040851510106e-03,1.314155410982676131e-01
8.048437247760341640e-01,3.613533643480860980e-02,8.810392188677183822e-02,5.447922753311912857e-03,6.546909414907341185e-02
6.507458626309180483e-01,5.100031347241198998e-02,1.574360882902660075e-01,6.895196771816158865e-03,1.339225388345877121e-01
8.246886582163172053e-01,2.890043791280769159e-02,6.180612787807319986e-02,4.335854676346131975e-03,8.026892131645579909e-02
8.668353525466787612e-01,1.270255426612602358e-02,2.435810245184508518e-02,1.741355778797887928e-03,9.436263495655236588e-02
8.870308052768798301e-01,1.987588001612155403e-02,2.543500439222539170e-02,1.686944678455462934e-03,6.597136563631766926e-02
8.141798124379238111e-01,4.665144475384606915e-02,8.344298267843493211e-02,3.427897005468328543e-03,5.229786312432690987e-02
8.394508405026605002e-01,3.724810303798239963e-02,6.397055412763648363e-02,5.104376053165209093e-03,5.422612627855542822e-02
7.161963623356699671e-01,5.094304627152104054e-02,1.153860906250284146e-01,9.570011437762329654e-03,1.079044893300184355e-01
9.179186763773919955e-01,1.409790148072686232e-02,2.485942162390387608e-02,3.365034587760662443e-03,3.975896593021650827e-02
9.483225409747177981e-01,1.118473761591877620e-02,1.362236984604698990e-02,2.560471992953512743e-03,2.430987957036303757e-02
9.754181462712363526e-01,6.847925298329065810e-03,7.545634547607582392e-03,1.241558991879955585e-03,8.946734890946968569e-03
9.589284093503445128e-01,1.218572366401464609e-02,1.625536347946323484e-02,2.974266905900399115e-03,9.656236600277144297e-03
9.440730554276214326e-01,1.757417162002535005e-02,1.103191486468103194e-02,1.128971288402604847e-03,2.619188679926945373e-02
9.244128985707517066e-01,1.553508984532591362e-02,9.942933656619631216e-03,8.854252413375072843e-04,4.922365268596522181e-02
9.025348617725407196e-01,2.397755923712030848e-02,1.638826843709735581e-02,8.286950149349106825e-04,5.627061553830690205e-02
8.577173476309253308e-01,2.369636442231710244e-02,3.140043139009585094e-02,1.376648101725158743e-03,8.580920845493666960e-02
7.644238017364701765e-01,3.514941617363172982e-02,7.266414496054232619e-02,4.117572465230774810e-03,1.236450646641251289e-01
9.170335084986427354e-01,2.175007823907271209e-02,2.298199042607335443e-02,1.148528485954702048e-03,3.708589435025635289e-02
8.832244347538427132e-01,2.381248276178274392e-02,3.114917308208869223e-02,1.572140771896770543e-03,6.024176863038911006e-02
8.694654377953425772e-01,1.784536443311059498e-02,4.158367576487733558e-02,1.603047340467412749e-03,6.950247466620211589e-02
8.646506040844994523e-01,1.591596098301926998e-02,3.333134597507834973e-02,1.112954676099533547e-03,8.498913428130344672e-02
8.718543881112470473e-01,1.530332324821110507e-02,3.281877695871657924e-02,1.727599951906935022e-03,7.829591172991837156e-02
8.116864014980037512e-01,2.316276495020327952e-02,5.351702618655278243e-02,4.545104825759808086e-03,1.070887025394803987e-01
7.168118928030947634e-01,2.774949449329868964e-02,8.665274695850860853e-02,6.092617361486134253e-03,1.626932483836119048e-01
7.978975566620890580e-01,1.103872532912385414e-02,5.354915237177316351e-02,4.754751412413985544e-03,1.327598142245997870e-01
7.093398863478089789e-01,1.585090597004963284e-02,7.679769551442330866e-02,6.990013218984033813e-03,1.910214989487340753e-01
6.256854812078747052e-01,1.894835934711674302e-02,8.940362463374931790e-02,1.032309946665410649e-02,2.556394353446050927e-01
6.502676554366105810e-01,1.762673838263941611e-02,6.541455034397376800e-02,5.162396089187378488e-03,2.615286597475889874e-01
6.093799503756379687e-01,1.497401627910315697e-02,5.193869341762804431e-02,2.309064994917958778e-03,3.213982749327128907e-01
9.506388932528820890e-01,1.049708663628444449e-02,6.492580691566713150e-03,1.882579908283591081e-04,3.218318142843844959e-02
9.942490864061029887e-01,3.520174355850720464e-03,5.580120824954736512e-04,1.999109380220277299e-05,1.652736061748520495e-03
9.947398356279014697e-01,4.295692596199491946e-03,3.344823825870871063e-04,1.139895872029206862e-05,6.185904345916783164e-04
9.942499372122419743e-01,5.011419816749080290e-03,3.056025550205626368e-04,9.144938014028258222e-06,4.238954779742145490e-04
9.859572783902224025e-01,1.283229578845340377e-02,6.769658145514834136e-04,1.539251037724029844e-05,5.180674963954286531e-04
9.443467323636622890e-01,5.279376148678008307e-02,1.950970609316101485e-03,2.795343447787584511e-05,8.805821057637079922e-04
6.694861007161623245e-01,3.164664183338988801e-01,1.103461125964846912e-02,6.378372670023923217e-05,2.949085963590100667e-03
4.595259135136200435e-01,5.157667967487150618e-01,2.216640954165583627e-02,6.396382149763140572e-05,2.476916374511512094e-03
1.614925657754894828e-01,7.891388858023764552e-01,4.507378157823226095e-02,6.045097068068673428e-05,4.234315873221046467e-03
7.208332084398456907e-02,8.256106723866571961e-01,9.849649497367445050e-02,7.830944397856711174e-05,3.731202351705520046e-03
1.010964789377603729e-01,7.849638083600911642e-01,1.079232932363432818e-01,1.054720695119206023e-04,5.910947396293318203e-03
5.827713436665082902e-02,8.040313175076644336e-01,1.327024521504819310e-01,9.611248679424067704e-05,4.892983488408549769e-03
3.519899105726824462e-02,6.996088349096697412e-01,2.589675402943101834e-01,1.887321039760875817e-04,6.035901634775790725e-03
2.899065403669625063e-01,5.170023987673512122e-01,1.820900883540373105e-01,3.021809074905351211e-04,1.069879160415851058e-02
7.926304839140145830e-01,1.223559994960335129e-01,6.582624631978033214e-02,5.700301253470075290e-04,1.861724014482478429e-02
8.674750095314069931e-01,7.404580141848318697e-02,2.658806163919276780e-02,3.241063318753711550e-04,3.156702107904169052e-02
8.940075535463278822e-01,4.677396800194410370e-02,1.646316006244719424e-02,1.754419313327339994e-04,4.257987645794802933e-02
8.437320986059246852e-01,4.595962898356408671e-02,2.762749280299006682e-02,2.718466612938942226e-04,8.240893294622712861e-02
7.488650654548103525e-01,6.390961300221581487e-02,4.413043769541336037e-02,2.509723081472613106e-04,1.428439115394132264e-01
8.348460790878485804e-01,3.570421158120136440e-02,4.606783564285819865e-02,2.774621371542663182e-04,8.310441155093767351e-02
7.694286572686731551e-01,7.279973622682633927e-02,4.216400330925253181e-02,1.315082909329579703e-04,1.154760949043150547e-01
8.739430375933430195e-01,2.104679801064391481e-02,1.003109550831977718e-02,6.197937863345303873e-05,9.491708950905994313e-02
9.330920684291273970e-01,1.081371806645511566e-02,2.536310312007569734e-02,5.695030800721504740e-04,3.016160730426972053e-02
8.478431732853523028e-01,2.209536429216609615e-02,4.480574080945513848e-02,7.845158622774298573e-04,8.447120575074899829e-02
9.957620504246099680e-01,1.719468986864382135e-03,8.221929152995138259e-04,2.312630466227600330e-05,1.673161368563790431e-03
9.947115613054176020e-01,2.893243025031386889e-03,5.318168506768024967e-04,1.411898488414482110e-05,1.849259833990171860e-03
9.358374308233171623e-01,3.117428960237384611e-02,8.065581371887776269e-03,1.564570050943019162e-04,2.476624119732707616e-02
9.526449117261883703e-01,1.393987245117545709e-02,6.195110289389509951e-03,1.184190079669639135e-04,2.710168652527977090e-02
9.539261021213850666e-01,1.503301372200882904e-02,5.806735022233574725e-03,9.837198604876870231e-05,2.513577714832360144e-02
9.090980575558378352e-01,3.382293471626315884e-02,9.271145378841541204e-03,1.215665460027508325e-04,4.768629580305466797e-02
7.982422708850805959e-01,6.006085985858646697e-02,1.550865704764852089e-02,1.993737205608414663e-04,1.259888384881235890e-01
8.913097818198225664e-01,2.843965848133536700e-02,5.243776829470575898e-03,8.253600097653228807e-05,7.492424686839484205e-02
9.063949558808935825e-01,1.000801629922224399e-02,3.691235156084603751e-03,1.065562598300286959e-04,7.979923640396956175e-02
8.597435648744793379e-01,3.195940264891672378e-02,8.802902772370398143e-03,1.812815922012499671e-04,9.931284811203218432e-02
8.736036511536960925e-01,1.612833239968784055e-02,6.408389786958617641e-03,1.178720739688569988e-04,1.037417545856886975e-01
9.242606910349582261e-01,1.287316213182520402e-02,2.878070716257088730e-03,5.595772827765699812e-05,5.993211838868179459e-02
9.602780477972990836e-01,3.130718189885796105e-03,1.094739632220839004e-03,4.935123722387533852e-05,3.544714314337039235e-02
9.838670065797303632e-01,4.311836086932052149e-03,1.487135306876025131e-03,4.651404698793757059e-05,1.028750797947363196e-02
9.795996157725922471e-01,1.192852036886516299e-03,3.968869862734722290e-04,2.058961012660075375e-05,1.879005559412119317e-02
9.897321391704151372e-01,1.350922018169352151e-03,2.194551826622822372e-04,9.146947138964061706e-06,8.688336681614273332e-03
9.960231877986644999e-01,1.775756758706742693e-03,4.150709030658882590e-04,9.788328904095536611e-06,1.776196210658706693e-03
9.977847120964655758e-01,1.052238509820658174e-03,2.173460482993534379e-04,7.623077464261857170e-06,9.380802679502006462e-04
9.970086788776743036e-01,1.472770435717638601e-03,3.939351391719707026e-04,2.271899925487509485e-05,1.101896548181114863e-03
9.987945759077037078e-01,5.507788582319056046e-04,1.122792525296230403e-04,8.310040098078140942e-06,5.340559414366293596e-04
9.975437545659942007e-01,1.563410027776992832e-03,3.022224832927589426e-04,1.625896548348640860e-05,5.743539574525415069e-04
9.972804135011297255e-01,1.916323851822917916e-03,3.518032585850360125e-04,1.551084677733371273e-05,4.359485416849291921e-04
9.953426819889116262e-01,3.242916686708396945e-03,9.146461729332304230e-04,3.791750713618773593e-05,4.618376443102845314e-04
9.947386094236578824e-01,3.818340160056489692e-03,7.328694125985857561e-04,2.613916495897816689e-05,6.840418387282131080e-04
9.939919620440512693e-01,3.873940796209723782e-03,7.373904745781652715e-04,3.560042514238087222e-05,1.361106260018346212e-03
9.962914759431829026e-01,1.879674921243190038e-03,4.129101991280742208e-04,2.351960425501183386e-05,1.392419332190712646e-03
9.944179532124585164e-01,2.964025826725617124e-03,8.673564367700502568e-04,4.506167907794230327e-05,1.705602844967901060e-03
9.903342746250667350e-01,3.047151977096039174e-03,9.093181976403072204e-04,5.042422487274396468e-05,5.658830975323971002e-03
9.850876701044996020e-01,7.994631544806809348e-03,2.973447309038184522e-03,1.071429331625994098e-04,3.837108108492722283e-03
9.893877593632400824e-01,4.083118745940129274e-03,1.400201195162577511e-03,8.401702988185886080e-05,5.044903665775447681e-03
9.825442160817302595e-01,4.791315585056542259e-03,1.325503403720211136e-03,6.690712394897151735e-05,1.127205780554404492e-02
9.880096714639764466e-01,3.801193319793824254e-03,1.543074891598836176e-03,1.152510267167121334e-04,6.530809297914214398e-03
9.872029914403848139e-01,5.296702839079061795e-03,1.505488348131963066e-03,9.950202805975853391e-05,5.895315344344352441e-03
9.913939337847440525e-01,4.037127042612156588e-03,7.602001096890812154e-04,4.614607375759241547e-05,3.762592989197110441e-03
9.962665616109104283e-01,2.241907452971626368e-03,2.878008713528832957e-04,1.710559091503260689e-05,1.186624473850124125e-03
9.956355044654244812e-01,2.557208773122687882e-03,2.927440295979580375e-04,1.647900788502215988e-05,1.498063723969926325e-03
9.904499602026766159e-01,4.888278182499215634e-03,4.590023724732493677e-04,2.253706479611368660e-05,4.180222177554605498e-03
