9.704808380969706105e-01,1.437238783510813925e-02,7.287158650293855400e-03,1.148376226699738189e-03,6.711239190927472537e-03
9.977590643607709975e-01,1.543552053548285282e-03,2.988226558490804678e-04,3.472355207986122351e-05,3.638373777518357183e-04
9.991736314092898308e-01,6.218174903535686080e-04,7.579586589987146025e-05,1.353830166998959501e-05,1.152169327867573430e-04
9.986349280651809490e-01,1.114682987285591474e-03,1.009375157188875026e-04,1.013226453797707703e-05,1.393191672767431016e-04
9.987213961810962326e-01,1.067687905043919038e-03,1.244935058102635624e-04,8.309621503439221097e-06,7.811278654616032934e-05
9.950229522680076322e-01,4.205790924714883708e-03,5.488237157145271815e-04,2.303930906999263577e-05,1.993937824932005181e-04
9.941325542756008771e-01,4.969187878061397806e-03,7.233178392343854500e-04,1.650128230857772610e-05,1.584387247946557201e-04
9.970213925631664642e-01,2.526766293713928347e-03,3.477601748560368942e-04,7.582016222108770228e-06,9.649895204146924322e-05
9.943305747216534263e-01,4.375978531114554232e-03,1.150561996918530831e-03,4.506678281614943243e-05,9.781796749735671378e-05
9.933136958613172363e-01,5.124065790027349659e-03,1.410200997023744072e-03,3.969168714675789329e-05,1.123456644848626644e-04
9.892306634955757572e-01,8.508820482175110875e-03,2.016119039993337012e-03,4.204907378570338079e-05,2.023479084700053785e-04
9.977170125295936609e-01,1.690971558462865242e-03,4.992092569276991923e-04,1.916356671835146909e-05,7.364308829743236703e-05
9.984641674636068887e-01,1.254569904307836596e-03,2.230748936094611393e-04,1.092971540065530080e-05,4.725802307525928743e-05
9.993018307204009076e-01,5.551482530454741058e-04,9.721690105064453727e-05,8.929947105855822530e-06,3.687417839716202595e-05
9.990274755090081671e-01,8.149462196786610990e-04,9.764787518301374237e-05,7.474766903689680376e-06,5.245562922641274606e-05
9.987824656268413648e-01,1.043114124392033933e-03,1.018739736155028136e-04,4.982437097596766194e-06,6.756383805348613509e-05
9.986546218290134336e-01,1.140871562352038749e-03,1.551567725235659403e-04,7.779900195923380906e-06,4.156993591500192598e-05
9.968358790988847140e-01,2.775433032683182442e-03,3.134313513199904347e-04,1.221181050837648933e-05,6.304470660381326344e-05
9.963857654492999094e-01,3.117811682670027992e-03,4.121383088390341435e-04,1.625988271465419376e-05,6.802467647641432537e-05
9.961955639579531674e-01,3.357276125349401182e-03,3.189044410245084793e-04,1.687294785771600554e-05,1.113825278151135678e-04
9.986923889221462902e-01,1.090810251402108549e-03,9.833874337993820584e-05,7.016886291727771589e-06,1.114451967797760551e-04
9.966406536943022143e-01,2.957030142341834315e-03,2.064599297908237979e-04,9.947214928718182476e-06,1.859090186364766918e-04
9.788081939136731302e-01,1.943828410530372072e-02,1.306819519942117869e-03,2.374627149364651971e-05,4.229561895874289204e-04
9.251731661143924867e-01,6.721029830732344612e-02,6.738257047332743728e-03,5.016189417996796057e-05,8.281166367713438219e-04
9.885798661430049705e-01,8.870057163706559361e-03,1.808011953488911734e-03,2.763149981850568252e-05,7.144332399810138972e-04
9.909035302322111161e-01,6.054082386157076494e-03,1.486846057621859542e-03,3.292434075747002997e-05,1.522616983252604410e-03
9.841905491708174969e-01,1.054231655293980108e-02,2.931313596910292956e-03,4.645941323132092349e-05,2.289361266101101397e-03
9.892418625821712830e-01,6.112141337705942826e-03,1.658783800856303194e-03,2.828592182014660070e-05,2.958926357446445016e-03
9.922240027242830163e-01,2.910188700770069761e-03,1.019075020834611309e-03,2.472888039057894184e-05,3.822004673721786198e-03
9.930769324978521162e-01,2.267796241562742773e-03,7.043440060075045837e-04,2.004050977285874667e-05,3.930886744804790514e-03
9.807684107582490540e-01,5.415219033172383005e-03,2.096051217157680110e-03,4.576595571353670464e-05,1.167455303570733190e-02
9.729223013931144193e-01,9.014631260217698464e-03,3.453251222676862690e-03,5.424503276091055461e-05,1.455557109123011700e-02
9.396125357894024033e-01,2.119392857483225895e-02,2.611243229721900427e-02,2.098837611145762676e-04,1.287121957743151204e-02
8.939651844570929429e-01,4.220944231343240483e-02,2.042539579396501770e-02,1.556490766891313094e-04,4.324432835882035392e-02
9.425541375096492258e-01,2.281807456331733097e-02,7.999184533964550856e-03,1.290707138640976995e-04,2.649953267920483052e-02
9.449889967032812921e-01,2.349056548795613875e-02,5.540185417811690181e-03,1.310601291391005180e-04,2.584919226181164875e-02
8.987243676845390050e-01,5.192829430876971797e-02,1.539432754651758745e-02,2.053350646983837066e-04,3.374767539547529616e-02
8.300359560829704275e-01,9.294263813573608313e-02,3.216788783229644622e-02,3.821635094660267456e-04,4.447135443953095096e-02
8.827695790479773708e-01,7.042651884521146377e-02,2.296655785595900709e-02,2.233368708740257299e-04,2.361400737997821492e-02
8.582173012793197220e-01,6.997169047300937084e-02,5.137375982139092551e-02,3.679876166884252188e-04,2.006926080959142364e-02
8.838498040194585625e-01,5.453223690041808513e-02,2.666693457610253351e-02,2.377317322974475120e-04,3.471329277172333083e-02
7.884839618172282405e-01,1.065574507524033876e-01,8.775524201092770038e-02,4.965162467574239704e-04,1.670682917268322132e-02
7.017146999953095543e-01,1.299230556822670302e-01,1.376241258078506335e-01,5.183795639976828849e-04,3.021973895057516318e-02
8.674052231299280713e-01,6.479245397457800149e-02,5.138296781581522948e-02,2.214213180026826920e-04,1.619793376167603244e-02
8.539143791529065775e-01,6.630002087052186410e-02,4.371854397159400524e-02,2.080664626429330202e-04,3.585898954233461555e-02
6.700226472674797318e-01,1.357839429273182130e-01,1.818412563516083880e-01,5.774926887007110227e-04,1.177466076489295209e-02
4.924416882218092262e-01,1.576302507642468320e-01,3.261323549345923611e-01,1.014286380922220943e-03,2.278141969842943648e-02
6.975725818512895637e-01,8.330657157489552989e-02,1.045953297210110433e-01,5.124185882330039177e-04,1.140130982645708307e-01
5.591603728166859577e-01,1.523575964376082392e-01,1.136083464179439978e-01,4.585014804426707207e-04,1.744151828473190224e-01
7.351970597608231683e-01,8.773628988769577308e-02,8.201951060778270297e-02,5.459393772681892963e-04,9.450120036643010202e-02
8.060320455203839884e-01,6.268032012713281587e-02,7.125984499389141635e-02,4.422332931659588950e-04,5.958555606542588479e-02
6.394799765278569303e-01,1.493223894109964589e-01,9.234416975773125646e-02,4.672169283953946941e-04,1.183862473750199318e-01
6.610022204041682281e-01,9.837068070263992048e-02,1.184905249211555545e-01,6.484759634676233106e-04,1.214880980085687318e-01
4.530414926342488102e-01,1.519283464058353850e-01,1.148714750257633366e-01,5.432061630644931857e-04,2.796154797710880269e-01
2.852858475321785603e-01,2.985190979103851672e-01,1.258965718373409870e-01,3.208757411284784999e-04,2.899776069789667954e-01
4.626102749198840458e-01,1.460397687188502713e-01,6.247065497014477053e-02,2.506641447168508050e-04,3.286286372464041761e-01
3.598261871764344422e-01,1.921294163629096718e-01,1.589420732970286965e-01,4.551635467967236957e-04,2.886471596168304621e-01
3.840052193479179254e-01,1.859416115347170273e-01,1.662985356229300937e-01,6.745222474261993112e-04,2.630801112470088077e-01
5.420966421405783997e-01,1.265972549202689090e-01,2.406626173270592084e-01,7.618929981173361938e-04,8.988159261397599131e-02
4.792859175061552901e-01,1.634220938981837123e-01,2.224908273039871431e-01,7.176649254464653564e-04,1.340834963662273505e-01
2.984323454845588253e-01,1.854144795497851828e-01,2.220828006091070395e-01,6.338038576118545280e-04,2.934365704989370660e-01
5.080001452988708310e-01,9.407001440652298929e-02,1.279575703477811854e-01,6.104423268965033502e-04,2.693618276199285511e-01
4.127225740028274692e-01,1.402059826024628086e-01,1.501153223604181353e-01,5.647862207775189436e-04,2.963913348135141512e-01
6.990632306207320568e-01,5.830815672240006325e-02,1.515564234970406265e-01,8.033967062092667961e-04,9.026879245361796311e-02
5.668903620407549360e-01,9.359923410291159929e-02,2.870906401793149598e-01,1.301025063254822962e-03,5.111873861376361322e-02
4.639885284916360209e-01,1.516408130119336617e-01,3.593807143537575133e-01,1.254987937500318422e-03,2.373495620517256099e-02
5.391682842574478940e-01,1.251163935791021198e-01,2.930406626322182295e-01,1.115812679360704725e-03,4.155884685187104938e-02
7.592527739903360828e-01,6.860123654749962496e-02,1.098083443662735137e-01,7.638435383750113994e-04,6.157380155751587814e-02
5.887655418851288625e-01,1.758494798018979399e-01,1.845393635886309613e-01,9.574160519071217177e-04,4.988819867243502598e-02
5.227956455211347775e-01,1.437417019284049080e-01,2.902186969359936142e-01,1.477865859876950540e-03,4.176608975458973722e-02
3.244774093383614999e-01,1.905564880765913127e-01,4.703242068440682822e-01,1.529908342255602294e-03,1.311198739872342263e-02
4.087085133343819621e-01,1.970899000196590367e-01,3.889573043647595041e-01,1.296383203021954193e-03,3.947899078177583704e-03
5.629036389834382037e-01,1.909385335320135657e-01,2.201729343103762115e-01,1.042680354176488307e-03,2.494221281999563916e-02
1.584277147494771443e-01,1.608138447276434568e-01,6.723119180937698891e-01,1.695587047708484217e-03,6.750935381401033594e-03
1.974041137084345254e-01,1.034709333240498991e-01,6.941352070359895210e-01,2.178232994449144991e-03,2.811512937076974129e-03
5.874233121564506055e-01,7.384271743519221776e-02,3.277925517145353074e-01,1.755599755803231247e-03,9.185818938018765201e-03
5.434392488756087936e-01,1.213708133639138098e-01,3.161745208099288051e-01,1.277229641074127111e-03,1.773818730947433059e-02
5.985181475387588712e-01,1.257180053237087480e-01,2.198117443835270746e-01,1.246181181601070621e-03,5.470592157240428827e-02
5.707076420778632864e-01,1.548390410052472854e-01,1.457158139719419432e-01,8.050243796515564989e-04,1.279324785652959096e-01
6.899337566273564537e-01,1.386444470964639519e-01,1.416719242703448622e-01,7.653293735124424690e-04,2.898454263232218622e-02
5.492469622202464929e-01,2.172819653679356477e-01,2.101396180432719696e-01,9.455138455690462445e-04,2.238594052297673484e-02
4.927341732787531847e-01,2.180191515008412795e-01,2.604731021776420796e-01,8.400672382478080978e-04,2.793350580451562162e-02
3.001625985360908411e-01,2.100808238810253636e-01,4.761744967339505141e-01,1.289880669499948946e-03,1.229220017943331335e-02
5.352110031038537219e-01,2.089423059989979070e-01,2.294272549155293162e-01,9.731098273305053160e-04,2.544632615428862182e-02
5.332916104506763011e-01,1.976112622519737294e-01,2.466662157097371799e-01,1.062281806172643171e-03,2.136862978144025288e-02
3.970820607439010663e-01,2.648801988267266982e-01,3.240293935412054682e-01,1.173413796208071149e-03,1.283493309195868869e-02
1.574057731873051424e-01,2.202283953625187862e-01,6.176262100117926312e-01,1.196396221193623708e-03,3.543225217189779723e-03
2.822839308089606369e-01,2.357857670032525166e-01,4.681962900534072380e-01,8.150188528146106327e-04,1.291899328156500062e-02
2.238135870987339182e-01,2.714717661669737159e-01,4.455196602800496342e-01,9.179344248583369038e-04,5.827705202938440049e-02
3.222862696907745628e-01,2.527359537882213347e-01,2.479500291316662774e-01,7.550894395771994222e-04,1.762726579497606305e-01
5.238040466218648605e-01,1.737405216306652511e-01,2.399996218004002424e-01,1.366933872571327556e-03,6.108887607449835222e-02
3.884319586139496905e-01,1.653044034801853523e-01,3.488289308450211457e-01,1.205327276992672900e-03,9.622937978385104341e-02
4.020234574590396126e-01,1.537903265134502317e-01,3.793034231511965282e-01,1.588350963442322541e-03,6.329444191287128541e-02
4.489421047909715190e-01,1.377493393825552359e-01,1.972285945485111047e-01,1.082016739963224039e-03,2.149979445379988918e-01
5.186529146455466366e-01,1.600824591121683682e-01,1.647392322232775208e-01,7.008525309208305919e-04,1.558245414880865543e-01
4.476940720639503435e-01,1.232377954205879783e-01,2.977857318540411136e-01,1.373299992513341396e-03,1.299091006689071515e-01
4.126032814087068346e-01,1.711826773964254256e-01,2.905596430469864488e-01,1.116234113506107744e-03,1.245381640343751761e-01
7.487360784987830975e-01,6.132205660576439676e-02,8.409209509510483238e-02,6.131745670184232840e-04,1.052365952333291915e-01
7.128352585366216632e-01,7.328718783475167420e-02,1.484315805242388819e-01,1.134942145512249497e-03,6.431103095887558130e-02
7.445654188424295494e-01,5.752986509820422201e-02,1.851546626392553963e-01,9.406186596854059639e-04,1.180943476042539166e-02
5.498636623001404988e-01,7.552955814026734993e-02,3.659358462049246974e-01,2.679274383041970690e-03,5.991658971625492269e-03
7.327090727054830221e-01,6.270897780874433447e-02,1.967715776219049195e-01,1.265594295332146853e-03,6.544777568535614307e-03
6.786755895006870709e-01,1.054647680469796150e-01,1.813281229631350244e-01,1.191324994407512395e-03,3.334019449479079522e-02
8.493823564463821585e-01,5.475272997653040513e-02,8.711106705396738648e-02,6.798103483781092228e-04,8.074036174741722541e-03
6.818720556078682327e-01,1.061670010063383157e-01,2.042745917796861821e-01,8.673191421382281299e-04,6.819032463969043785e-03
4.503562009553453427e-01,1.226782150095612617e-01,4.235392979400335323e-01,1.071667229284293046e-03,2.354618865775474478e-03
6.879457046988096680e-01,8.517112514882814456e-02,2.194227310040474666e-01,1.113070912140236030e-03,6.347368236174432375e-03
9.220613798574803788e-01,3.422508306106480935e-02,3.560292824550646829e-02,2.273560783356852249e-04,7.883252757612676034e-03
7.753483694641912782e-01,1.004041475454138244e-01,1.099356584395013714e-01,4.038587514709778329e-04,1.390796579942255029e-02
5.481376122194143719e-01,2.382254619194074108e-01,1.742263029433510080e-01,4.897985314701720728e-04,3.892082438635705716e-02
4.207975535608191597e-01,2.976657777075190636e-01,2.442154424115706712e-01,7.851232625991549701e-04,3.653610305749202536e-02
2.965895138332470538e-01,1.244300150564006946e-01,5.681120513545930839e-01,1.663041183146065239e-03,9.205378572613083857e-03
7.272801189686388668e-01,6.363348984074572445e-02,1.875645320316046971e-01,9.919016403801494096e-04,2.052995751863073357e-02
6.455061192316310370e-01,9.270273917329693858e-02,2.334951097045661617e-01,1.075948510378986218e-03,2.722008338012688392e-02
8.552926281849585477e-01,3.198107597478244690e-02,8.663817431340249675e-02,7.787223951191885908e-04,2.530939913173725631e-02
7.739824450603061123e-01,7.770486242034208013e-02,9.005793812350186556e-02,4.528155891069163730e-04,5.780193880674306534e-02
7.539453448474826569e-01,9.292503627717776937e-02,1.259552398314794375e-01,4.555003435737110524e-04,2.671887870028635467e-02
6.901763616265970125e-01,1.095912940563335547e-01,1.864206921822377794e-01,5.991236551593842261e-04,1.321252847967226661e-02
7.264425856898778511e-01,8.346381098160349232e-02,1.818671543569088112e-01,5.325006557672218701e-04,7.693948315842533484e-03
7.213093231653966431e-01,8.126681071335530027e-02,1.832715645440525787e-01,6.832089976171843186e-04,1.346909257957852254e-02
7.769361367534461937e-01,8.996943480898929313e-02,1.215899252119821694e-01,6.148434058625255622e-04,1.088965981971979496e-02
5.916339811390445291e-01,1.350969315760481571e-01,2.631333291518798689e-01,9.804084265859188199e-04,9.155349706441686525e-03
3.512878454166767916e-01,2.388520295330202881e-01,3.978496074064710175e-01,1.133062779396315500e-03,1.087745486443552137e-02
2.396750976192782712e-01,2.735588770397009428e-01,4.728366677578563770e-01,1.034461102721477999e-03,1.289489648044293488e-02
4.036368995931633452e-01,2.371838707496743415e-01,3.390209570742841461e-01,1.265446982301300129e-03,1.889282560057686799e-02
3.353588277165244214e-01,3.677931833062304534e-01,2.040258671116555178e-01,6.077378350307115814e-04,9.221438403055878807e-02
3.617270524241930074e-01,3.527015646508457891e-01,2.543730462356034172e-01,5.364771256302768455e-04,3.066185956372748447e-02
3.659175541856648506e-01,2.336741790251553319e-01,3.644723951407595197e-01,1.068740309268456212e-03,3.486713133915173013e-02
3.518686994121751899e-01,1.426058175818241125e-01,4.871001519994784257e-01,1.824334090099735337e-03,1.660099691642259734e-02
5.756528402001540590e-01,1.182285648086862373e-01,2.802141194645313416e-01,1.526454948753104513e-03,2.437802057787527912e-02
4.394655993444687159e-01,1.858068363730519812e-01,3.088809514036108261e-01,1.443993848930665751e-03,6.440261902993782428e-02
5.513739569793519868e-01,1.315145674606211512e-01,2.326638671274550985e-01,1.689952651796794696e-03,8.275765578077490248e-02
6.941768900095988126e-01,6.590985537894547552e-02,1.697186530975078878e-01,2.294142392295262563e-03,6.790045912165255937e-02
9.106585563771995018e-01,2.002543857997183402e-02,3.954982361253850387e-02,1.193615983593742129e-03,2.857256544669646570e-02
9.378390358248646086e-01,2.344179575790973288e-02,2.142131666661466552e-02,5.413042722234527029e-04,1.675654747838764558e-02
9.919766265955201057e-01,4.310415000033476426e-03,1.617306835620013501e-03,8.913851502598004698e-05,2.006513053800423017e-03
9.857925458346684655e-01,9.849140140000633634e-03,3.127462307343293734e-03,1.111935162002211761e-04,1.119658201787538006e-03
9.886715946100769203e-01,8.978224375948274175e-03,1.544280731375528154e-03,4.472664293361845207e-05,7.611736396657762648e-04
9.977027365947540583e-01,1.792684050799329271e-03,2.506080168308767904e-04,1.251443982410940662e-05,2.414568977915560236e-04
9.987426752465048407e-01,1.022883374959033479e-03,1.014778796993441763e-04,6.040992059072578385e-06,1.269225067777497175e-04
9.987610309386683038e-01,9.936859412981704966e-04,1.115411374439984245e-04,6.891866091486433187e-06,1.268501164979880076e-04
9.993253191150510695e-01,5.498658400346456525e-04,6.593098979755027795e-05,4.307788950622929641e-06,5.457626616601295692e-05
9.985026489339769995e-01,1.277537688497240153e-03,1.475405663833395751e-04,8.233586308286066027e-06,6.403922483400265389e-05
9.964123161216390523e-01,3.215972673960660819e-03,2.528261713587506973e-04,1.206175453708553933e-05,1.068232785045155551e-04
9.973334358509275965e-01,2.393516910032672529e-03,1.843419555411226563e-04,8.400229347138737538e-06,8.030505415143302341e-05
9.992242522719456677e-01,6.770863550952445787e-04,5.087130118703406137e-05,3.492602256484258429e-06,4.429746951584245080e-05
9.992667413545549548e-01,6.250200831633843847e-04,5.199781236553447132e-05,4.158004436143059035e-06,5.208274547997285774e-05
9.983087499802433262e-01,1.464675523967887008e-03,1.252032286264395308e-04,7.239036348683629905e-06,9.413223081345691544e-05
9.967104645895483728e-01,3.002442373364229856e-03,1.313544434861669825e-04,5.495026209500269945e-06,1.502435673916290872e-04
9.986982847819966258e-01,1.167203635335524545e-03,5.998434592421691101e-05,3.182169805857001096e-06,7.134506693777739887e-05
9.992178549605484905e-01,6.870898172685168531e-04,4.495234590514245301e-05,2.648403157967818405e-06,4.745447311990656395e-05
9.992522386788730282e-01,6.528862596845284210e-04,4.370784711985336337e-05,2.373015970364264079e-06,4.879419835204956186e-05
9.991548784887603896e-01,7.451614241016845872e-04,4.384686178116091129e-05,2.138625060396455472e-06,5.397460029641000133e-05
9.994427284591084204e-01,5.004519108936043154e-04,2.362370054868078955e-05,1.317495003477263537e-06,3.187843444576635805e-05
9.993675200803520120e-01,5.728029928439961130e-04,2.514581511948047539e-05,1.273891159705313538e-06,3.325722052477342680e-05
9.992385286808855849e-01,6.826804011928288120e-04,3.426626084320298762e-05,1.762774522838145871e-06,4.276188255571308062e-05
9.994424126991682256e-01,4.934347099609453450e-04,2.918620214883237328e-05,1.539446369871631626e-06,3.342694235225333356e-05
9.987772988945422536e-01,1.100552460222790083e-03,6.772685300520658457e-05,2.550297196078087073e-06,5.187149503352745392e-05
9.989558681385253269e-01,9.225629278659853603e-04,6.603804982657151895e-05,2.627400281204807586e-06,5.290348350105470251e-05
9.986170571703966159e-01,1.228927757712049238e-03,7.544716988983152998e-05,2.898531740793385494e-06,7.566937026065135923e-05
9.981178722407939574e-01,1.693137900392063366e-03,1.069009825204290259e-04,3.823340148485697841e-06,7.826553614501442226e-05
9.969261405209377536e-01,2.746422074388691920e-03,2.339957427833508569e-04,7.505845679641979390e-06,8.593581621065861376e-05
9.977015091003338387e-01,2.061783233922112775e-03,1.734727929118122535e-04,6.317797712741444419e-06,5.691707511942983210e-05
9.974028059402626489e-01,2.349527886550104722e-03,1.639931378894745240e-04,6.069956205161722059e-06,7.760307909261811115e-05
9.968522356657448791e-01,2.840897688703628195e-03,2.139960010773621466e-04,6.686821774317297352e-06,8.618382269970558611e-05
9.963511644737942374e-01,3.299203183201856147e-03,2.422409828883831352e-04,6.727494212693665916e-06,1.006638659027841082e-04
9.957523064277762348e-01,3.848430386636938517e-03,2.517186212528081538e-04,6.493665187201214586e-06,1.410508991468297857e-04
9.959855692153457563e-01,3.594788324580871098e-03,2.949600111599700648e-04,7.460695224394533577e-06,1.172217536891468541e-04
9.964614395087589838e-01,3.202418311960482464e-03,2.191055063527708668e-04,5.791820236644677941e-06,1.112448526911384355e-04
9.967613484800165180e-01,2.919436301778176313e-03,2.241416146340695728e-04,6.603126790472130577e-06,8.847047678065489906e-05
9.952385671014247759e-01,4.314011718681040435e-03,3.111159097706192372e-04,7.141592138744124810e-06,1.291636779847685429e-04
9.972123996274583346e-01,2.531923352324828326e-03,1.659678181157629522e-04,4.932236067731386314e-06,8.477696603317873313e-05
9.968131233196966257e-01,2.921710479440101007e-03,1.655695572705661862e-04,4.644740017398936823e-06,9.495190357539417321e-05
9.976096846857893663e-01,2.173645618699327538e-03,1.335301770527183292e-04,4.127936857750051994e-06,7.901158160099852840e-05
9.966009393973336294e-01,3.118442386006656675e-03,2.030249148920275609e-04,5.181074436408370945e-06,7.241222733119909627e-05
9.968583896653532284e-01,2.851385398659559908e-03,1.995063667803254688e-04,4.868792220246253677e-06,8.584977698665325068e-05
9.960518932534567771e-01,3.582413363102162490e-03,2.540927930166831153e-04,6.055316625653828042e-06,1.055452737988182870e-04
9.947870880569346097e-01,4.765168286166177741e-03,3.065239902793347225e-04,6.573187395685431905e-06,1.346464792240527862e-04
9.945750322251253328e-01,4.940069051785749357e-03,3.338494765850506070e-04,7.886302623377346483e-06,1.431629438805571107e-04
9.939316166312306411e-01,5.416568340669025185e-03,5.018797025404681802e-04,8.692883884657005139e-06,1.412424416752399478e-04
9.962696890406580463e-01,3.331409388362980249e-03,2.900605082972533251e-04,6.222283869868694493e-06,1.026187788118611109e-04
9.964893373587030423e-01,3.171948683423049878e-03,2.408542737039662111e-04,5.176099486784570536e-06,9.268358468327363251e-05
9.940816893864695691e-01,5.372330826708589420e-03,4.163663500003740516e-04,8.497593302980472208e-06,1.211158435184783413e-04
9.862716787410840125e-01,1.270364852097891073e-02,8.054283606176714265e-04,1.249981534187107747e-05,2.067445619775507286e-04
9.884409337358203151e-01,1.073298911512406140e-02,6.094894147380195944e-04,9.924540772203057200e-06,2.066631935453802670e-04
9.947004213633000580e-01,4.712210825079923317e-03,4.784700391915654031e-04,8.158045285779284202e-06,1.007397271426886844e-04
9.931808665022978655e-01,5.962365916133808424e-03,7.553243074430244152e-04,1.098524289143521159e-05,9.045803123373363764e-05
9.969995096764928677e-01,2.659758469343167977e-03,2.730669667383789963e-04,6.161269112486793609e-06,6.150361831303737784e-05
9.970095599556959565e-01,2.679114401539919605e-03,2.399190705579010521e-04,6.001515872307173140e-06,6.540505633382240108e-05
9.974150417574859651e-01,2.334697900866948908e-03,1.876444623468997465e-04,5.466390299261118599e-06,5.714948900089161619e-05
9.961355551340591585e-01,3.520682352177351322e-03,2.429126683445173107e-04,5.799911955585384050e-06,9.504993346331588508e-05
9.971474837203284647e-01,2.599950905731292228e-03,1.731556071754179402e-04,4.525567745275625068e-06,7.488419901968083187e-05
9.967612612865386357e-01,2.962516970587317656e-03,1.873345730992443227e-04,4.725589016494869771e-06,8.416158075820099303e-05
9.953322380488829335e-01,4.283798456450320369e-03,2.747368529092595831e-04,6.680877129649452560e-06,1.025457646279147512e-04
9.907873195770903196e-01,8.531372254179809753e-03,5.366137504897504438e-04,1.007567832733666573e-05,1.346187399128098185e-04
9.848256828691456244e-01,1.397937175754558267e-02,9.460691187131730923e-04,1.400802323835228628e-05,2.348682313573816592e-04
9.902722959206504694e-01,8.876979659097313305e-03,6.916962272793698028e-04,1.150746842020411265e-05,1.475207245526689176e-04
9.934815999649415641e-01,5.955658761872902399e-03,4.524689236046687980e-04,8.394272783191549184e-06,1.018780767976718081e-04
9.945068356606361348e-01,4.986836801595748679e-03,3.974831455988757454e-04,7.459453405143929287e-06,1.013849387640457510e-04
9.955271247870354223e-01,4.114448097240448049e-03,2.571059960778367343e-04,5.986892352655275288e-06,9.533422729360068110e-05
9.955553657861025973e-01,4.057723997533744034e-03,2.827503119589883877e-04,6.622376947090958449e-06,9.753752745772407506e-05
9.964888192597147754e-01,3.188941690050635814e-03,2.245297505334428268e-04,5.354105572478799352e-06,9.235519412860494792e-05
9.955616880847786287e-01,4.066243073340631078e-03,2.734378200479090993e-04,6.454799244387619879e-06,9.217622258839622122e-05
9.961878128186503201e-01,3.511904285182019213e-03,2.253053503255385151e-04,5.484073689970275705e-06,6.949347215211259382e-05
9.965474842057726601e-01,3.152204451253956107e-03,2.188631452786158737e-04,5.571065382963820057e-06,7.587713231155317163e-05
9.937004436407695929e-01,5.809847469853230903e-03,3.660842630995491732e-04,8.453533757058978048e-06,1.151710925206390982e-04
9.937347599294820144e-01,5.787789840496286933e-03,3.453432677393131591e-04,7.331983939737773884e-06,1.247749783424156205e-04
9.934508888910258406e-01,6.075610950116191837e-03,3.478672321317256475e-04,8.532761900811024021e-06,1.171001648255722179e-04
9.974302279080745626e-01,2.328299260609256651e-03,1.823585903271423983e-04,5.275591840500049273e-06,5.383864914864258357e-05
9.909667874367920071e-01,8.273035971286823304e-03,6.380885825106979688e-04,1.291314551638422560e-05,1.091748638941310312e-04
9.952836688117264741e-01,4.372411534570117865e-03,2.584190509777132823e-04,6.888033017451537776e-06,7.861256970816739992e-05
9.967104736928495967e-01,3.029822943126546635e-03,1.891191823105499198e-04,5.740061475923874519e-06,6.484412023738106423e-05
9.935525215308806946e-01,5.942077807350881063e-03,3.992646598451172167e-04,9.347950156001241898e-06,9.678805176744892499e-05
9.952821113294686439e-01,4.322046636802870379e-03,2.831847323055881492e-04,7.264825696751567598e-06,1.053924757260425130e-04
9.950233679077116200e-01,4.547409651376808047e-03,3.143683542423480028e-04,7.082279302451352123e-06,1.077718073668461303e-04
9.943650431136894507e-01,5.120522156757210258e-03,3.994618926687615442e-04,8.913937523443561680e-06,1.060588993612617806e-04
9.947866637338360629e-01,4.741111383784432295e-03,3.640360091462103553e-04,8.557215301391274501e-06,9.963165793201168277e-05
9.944992365726554873e-01,5.031285056971012901e-03,3.624524516292300315e-04,9.362474930139536868e-06,9.766344381398118807e-05
9.936139105911131475e-01,5.892849065046946479e-03,3.599611152598087551e-04,9.655240327401383259e-06,1.236239882527493609e-04
9.937838865588982662e-01,5.726904846094636736e-03,3.589304559040166673e-04,9.320581942458667596e-06,1.209575571607268170e-04
9.922328919237664024e-01,7.177672496414792477e-03,4.374924122263907094e-04,1.037269361745864192e-05,1.415704739750820980e-04
9.946706767914370584e-01,4.878573811330602292e-03,3.350398529947169897e-04,9.348478813575928677e-06,1.063610654240929894e-04
9.949116218143275736e-01,4.673051464512121590e-03,2.991816301560325871e-04,8.485732018176761184e-06,1.076593589861313423e-04
9.946126952788154618e-01,4.938012686906649053e-03,3.144495174573601207e-04,8.444371987122905452e-06,1.263981448333375483e-04
9.924828279835844480e-01,6.850505146933788710e-03,4.991137853331933634e-04,9.020029640916210110e-06,1.585330545076917171e-04
9.923402287986081705e-01,7.005790753007792859e-03,4.729349936802847523e-04,8.940805862323788824e-06,1.721046488414529688e-04
9.918927422944914252e-01,7.450836915163534108e-03,4.888041319625484370e-04,9.699322183363668658e-06,1.579173361991437598e-04
9.924636846320212813e-01,6.839538716035131402e-03,5.389704885275688195e-04,1.063964124552278722e-05,1.471665221704923448e-04
9.929205933947485851e-01,6.436107754196680741e-03,5.019415499197661884e-04,1.000740293884082797e-05,1.313498981962521895e-04
9.951045071268959097e-01,4.450360711941232089e-03,3.442697750019261529e-04,8.501105422735994753e-06,9.236128073796212546e-05
9.820412792188839557e-01,1.674400943489148808e-02,9.653084005114324039e-04,1.828676958304030381e-05,2.311161761300962807e-04
9.875191282428403827e-01,1.156261117347479918e-02,6.856746985085714540e-04,1.264049411585862573e-05,2.199453910603803763e-04
9.763624778716066821e-01,2.206121222140110250e-02,1.360894426241614566e-03,1.982064956888544233e-05,1.955948311816877924e-04
9.779762069872555141e-01,2.025011714916015795e-02,1.547435292222687237e-03,2.583033082372179187e-05,2.004102405380787271e-04
9.796182246324799392e-01,1.870986093765271766e-02,1.406823391306713565e-03,2.136807944101813824e-05,2.437229591198248029e-04
9.456430559529063196e-01,5.021652242342487804e-02,3.665087826299834144e-03,4.025182569164099375e-05,4.350819716773550363e-04
9.814598529855254050e-01,1.691196699169715892e-02,1.393229012631266644e-03,1.977102687793836944e-05,2.151799832683062884e-04
9.840937580799803408e-01,1.435966907471949820e-02,1.273128074698064247e-03,1.774610631512925929e-05,2.556986642870142344e-04
9.911292730807361728e-01,7.933472742050718188e-03,7.423161849091764299e-04,1.196444478875871918e-05,1.829735475151432066e-04
9.919115463096329632e-01,7.291896588897833244e-03,6.336701802286289192e-04,1.256893662759485858e-05,1.503179846130701849e-04
9.877648689243425650e-01,1.128229926122838178e-02,7.939472008468326887e-04,1.524191410210203977e-05,1.436426994801644143e-04
9.871064483498223074e-01,1.189195827046255448e-02,8.328787661330748450e-04,1.666161942426356193e-05,1.520529941579571700e-04
9.921024806963154585e-01,7.233425879903913544e-03,5.594197957412992608e-04,1.111552397906840085e-05,9.355810406024615237e-05
9.767326926601569426e-01,2.169285984666930248e-02,1.399044325367139376e-03,2.193751668174726631e-05,1.534656511249362851e-04
9.863618982275792479e-01,1.247690918131739470e-02,1.011271757933760677e-03,1.491530228950114312e-05,1.350055308800581205e-04
9.949078761064047427e-01,4.324981497300116329e-03,6.788253933603128351e-04,3.221549173475110562e-05,5.610151120014570129e-05
9.894984313017121114e-01,6.450597830357005999e-03,3.616456874036405415e-03,3.628621055188245093e-04,7.165188837564639784e-05
9.722534622597449605e-01,1.500082403536496904e-02,1.144295752133681413e-02,1.138359290011372585e-03,1.643968935420123839e-04
9.845345366529693054e-01,9.137839711883356114e-03,5.404856790671151365e-03,7.603900344105015774e-04,1.623768100657431543e-04
9.758225176857602268e-01,1.341241968367946208e-02,9.236840055587260123e-03,1.359338992524995651e-03,1.688835824481629854e-04
9.412643866174017493e-01,3.190693076740114265e-02,2.458264484841064107e-02,1.926619609416224373e-03,3.194181573701990900e-04
9.868616801024552299e-01,9.354622534179488774e-03,3.416044718067407643e-03,2.445869198587553341e-04,1.230657254390271833e-04
9.936322922339321240e-01,5.281297834072743932e-03,9.428799704565202482e-04,6.130587040573931535e-05,8.222409113281702237e-05
9.853709590179039468e-01,1.239862562621713710e-02,1.985072811779110564e-03,7.968525977405797097e-05,1.656572843257015086e-04
9.904521889285728964e-01,8.177668492353525054e-03,1.239585411354504575e-03,3.879622498128545895e-05,9.176094273774954837e-05
9.939039335490709171e-01,4.739757938464017259e-03,1.227544314415288844e-03,6.675235817681620992e-05,6.201183987300973484e-05
9.869368599314700674e-01,7.230411238215738758e-03,5.311628624424977532e-03,4.508902125896146009e-04,7.020999329965885171e-05
9.929404441363371969e-01,3.585277903909849309e-03,3.026099019936860732e-03,4.006730760977940723e-04,4.750586371824147997e-05
9.947313562027910727e-01,3.664501567539536330e-03,1.455472750473720683e-03,9.497267850427534538e-05,5.369680069143963958e-05
9.962309261692198215e-01,2.074062279386128596e-03,1.352575049294737087e-03,2.781233233644171861e-04,6.431317873476881245e-05
9.912311553633768035e-01,4.959339021477856060e-03,3.081463719587278650e-03,6.122546578355824581e-04,1.157872377225083258e-04
9.927879737985793041e-01,3.690313013425106699e-03,2.887682477632367174e-03,5.741978491968926330e-04,5.983286116631624836e-05
9.951719996488069819e-01,2.754122470892604764e-03,1.630428175643490593e-03,3.848237751845891654e-04,5.862592947222774927e-05
9.810825543873847865e-01,8.448781267662866523e-03,7.608027161099599651e-03,2.724994565878782315e-03,1.356426179739996093e-04
9.899568396670330728e-01,5.616499711416754123e-03,3.276798116237165763e-03,1.045115390593160352e-03,1.047471147198534951e-04
9.878947222100755710e-01,6.530877358139985586e-03,4.017042102558662266e-03,1.400836290858099246e-03,1.565220383675919574e-04
9.703652556351858305e-01,1.300183268256908421e-02,1.444728963997975874e-02,1.958176684167959973e-03,2.274453580973637753e-04
8.451458009063144150e-01,1.706499581229843979e-02,1.301848568241430193e-01,7.295168605012216853e-03,3.091778522318503006e-04
8.240034758033707440e-01,3.132561346105988687e-02,1.388403669825998832e-01,5.239085791724842900e-03,5.914579612448496535e-04
8.685686048678977755e-01,3.668184537343811835e-02,9.160308141822155747e-02,2.155294162439732545e-03,9.911741780029522698e-04
7.888139499698930690e-01,3.330233334217384128e-02,1.737144540082125876e-01,3.399383876867616457e-03,7.698788028527339374e-04
6.953590572993817442e-01,4.620432923904108091e-02,2.526985307457192409e-01,4.910004759679539692e-03,8.280779561785616555e-04
6.837191972898175596e-01,7.014863378200285327e-02,2.399522628707394523e-01,3.473923776788279388e-03,2.705982280651785237e-03
6.575188672941593149e-01,1.500827752790166170e-01,1.853156997138143969e-01,1.210869051939643610e-03,5.871788661069981922e-03
5.434965578775967643e-01,8.807260110424955379e-02,3.622640426831876814e-01,2.714275441964370851e-03,3.452522893001755411e-03
6.516328055540254738e-01,8.665823277967439620e-02,2.536442685580496681e-01,1.716006881492377961e-03,6.348686226758055995e-03
8.765539766303690472e-01,2.391623558269433125e-02,9.214611620388032942e-02,3.060498644503554296e-03,4.323172938552782493e-03
8.478521498398101652e-01,4.145063003924229217e-02,9.676037854424862639e-02,2.561901436436773982e-03,1.137494014026205549e-02
9.094918291233101693e-01,1.093953425058881088e-02,6.378503227479864757e-02,1.208240103544379329e-02,3.701203315858468419e-03
8.590611438223862972e-01,9.510339618173055745e-03,1.132079706563564603e-01,1.700676758815395859e-02,1.213778314930326167e-03
8.078432896876490688e-01,1.088252262621982290e-02,1.562812790045003397e-01,2.394386484129022025e-02,1.049043840340657240e-03
7.747557762788559454e-01,1.472237243568610271e-02,1.934159784263651538e-01,1.561005687150870264e-02,1.495815987584069593e-03
7.783986444224605394e-01,9.993423072813293132e-03,1.922479732862235613e-01,1.600389275214394655e-02,3.356066466358638336e-03
7.673704878945394325e-01,9.015990805871442262e-03,2.024542144994436188e-01,1.768257455643873141e-02,3.476732243706679142e-03
7.285824910416329736e-01,1.482131025731922916e-02,2.332309306599034959e-01,2.103070324850662975e-02,2.334564792637686299e-03
5.450763363891204527e-01,2.079691592571703690e-02,4.097762600172453196e-01,2.175013190712831238e-02,2.600355760789099628e-03
4.767492733783693648e-01,7.678601386651218164e-03,4.853179694017799584e-01,2.946058663237364345e-02,7.935692008258450397e-04
3.870565988707175276e-01,9.203877306839762865e-03,5.639216171983562065e-01,3.918499328647896685e-02,6.329133376074958092e-04
5.025536411411566373e-01,8.290584867888242324e-03,4.552940369738142090e-01,3.335170325713762013e-02,5.100337600033117086e-04
7.178080930414827421e-01,5.356680476670404485e-03,2.470938893802110681e-01,2.923928269244376044e-02,5.020544091919555349e-04
6.402284686826361648e-01,5.866302442032293035e-03,3.197111193121592865e-01,3.369203054328209768e-02,5.020790198900103220e-04
7.238183832101648951e-01,7.309469439784300852e-03,2.469770504017227697e-01,2.084475007616699849e-02,1.050346872160963421e-03
8.505590201922346161e-01,6.893465174890909576e-03,1.276018863846117846e-01,1.331774360216614675e-02,1.627884646096670320e-03
8.765365664452338113e-01,4.435201450506109574e-03,1.033841598723207744e-01,1.506092092311471509e-02,5.831513088244697548e-04
8.176764042386073239e-01,4.106122884750838808e-03,1.392493404089932552e-01,3.816575804339997213e-02,8.023744242486459920e-04
4.563815700739435877e-01,1.606498883645816889e-02,4.860843599927132108e-01,4.031451369817999619e-02,1.154567398705224875e-03
3.566376050311953483e-01,3.985104469399298674e-03,5.574063184651467662e-01,8.138822751959508273e-02,5.827445146634441893e-04
6.289610554079340110e-01,7.597585076209788062e-03,3.299151137166460024e-01,3.244220578400142802e-02,1.084040015208701359e-03
5.931384923537273979e-01,9.224866567472197673e-03,3.675900511071514831e-01,2.794249809093924883e-02,2.104091880709489486e-03
7.588041890992600624e-01,1.429930496124891780e-02,2.128099283432967614e-01,1.127609144944408982e-02,2.810486146750151588e-03
8.031366165213303931e-01,1.497927447517042807e-02,1.695518233897170823e-01,1.092589537826060657e-02,1.406390235521594182e-03
7.621850305029684858e-01,2.099590940828712643e-02,2.024756426779424634e-01,1.264915161465967122e-02,1.694265796142290035e-03
4.992313644816492313e-01,1.219123102564843505e-02,4.370904045925058101e-01,5.051028125333328900e-02,9.767186468631666642e-04
4.181929680993777265e-01,1.186374324294870927e-02,5.391435335441023824e-01,2.988472428906663314e-02,9.150308245046403968e-04
2.252426331486004074e-01,7.706127417703396293e-03,7.065036913261658613e-01,5.987639539660586513e-02,6.711527109245579931e-04
3.948937627685542573e-01,1.473769134976307682e-02,5.421752884809908357e-01,4.633508639827532694e-02,1.858171002416433631e-03
6.029542693956643218e-01,5.047276983518565914e-03,3.067875917597635560e-01,8.433345001347150593e-02,8.774118475819687275e-04
4.583230385145907748e-01,1.030778536157517071e-02,4.424988387832239911e-01,8.800062194000460303e-02,8.697154006054748625e-04
5.584042059535391234e-01,6.323841631432030978e-03,3.736574513704131184e-01,5.996046055241129741e-02,1.654040492204404906e-03
6.102676039408203579e-01,1.006779833160166560e-02,3.441442019495054017e-01,3.108918181469395511e-02,4.431213963378435872e-03
6.872994506853888907e-01,1.077895324474693536e-02,2.730234923048779350e-01,2.355611678184045196e-02,5.341986983145750531e-03
7.844900241540809782e-01,1.190738207028315190e-02,1.836187309549242863e-01,1.267903176118291217e-02,7.304831059528725176e-03
6.840029038127262151e-01,1.055169404744491640e-02,2.841722281746140721e-01,1.825423731291065527e-02,3.018936652304151508e-03
5.588954319853801644e-01,1.330722075261527894e-02,4.015100845000698637e-01,2.412930480925126395e-02,2.157957952683440227e-03
7.469748209837415720e-01,1.560725959433664073e-02,2.203563729809204230e-01,1.063092880658197611e-02,6.430617634419292725e-03
6.727329171563112276e-01,2.908452275629689818e-02,2.751345169982922223e-01,9.144223798199107439e-03,1.390381929090073014e-02
6.950607961532244694e-01,3.839135196473456718e-02,2.307693576700060589e-01,7.692888105617609433e-03,2.808560610641731500e-02
9.021712690475259810e-01,1.106969952248335574e-02,7.475279354823811950e-02,3.171143154324631598e-03,8.835094727427919917e-03
8.463376494047787357e-01,2.146147567613043705e-02,1.102066231689047965e-01,4.301185533899160897e-03,1.769306621628671111e-02
9.147435843355763430e-01,1.009982139777906678e-02,6.314302984778788486e-02,5.357252407798552586e-03,6.656312011058224815e-03
6.084795666962351524e-01,2.121164864108656539e-02,3.266571154721553127e-01,3.765621045659085786e-02,5.995458733932229611e-03
8.038999793960504014e-01,2.428538327925355844e-02,1.573451625898529549e-01,7.912863529730114823e-03,6.556611205112946976e-03
7.931875058235748899e-01,2.266671697609954142e-02,1.743297273470301167e-01,7.070924246425617024e-03,2.745125606869848814e-03
6.550047929545406156e-01,1.698006307426938935e-02,3.145597174464307977e-01,1.149566737063129757e-02,1.959759154127778836e-03
3.193038644135535731e-01,1.366407173083814854e-02,6.375740670197548310e-01,2.866579991657568563e-02,7.921969192776126935e-04
2.140174342959206000e-01,1.134897695823717731e-02,7.393470139823178355e-01,3.496808730808125681e-02,3.184874554431805669e-04
5.504965495070986981e-01,2.609580890189376612e-02,4.088216712129888464e-01,1.236738395079171361e-02,2.218586427226954590e-03
6.949924908157144587e-01,2.160029751026016145e-02,2.774440156111188105e-01,5.176659041150366222e-03,7.865370217563134609e-04
6.778545021172427409e-01,1.903547024445417443e-02,2.954246318020259388e-01,6.273479602849488419e-03,1.411916233427649211e-03
7.244743974074457915e-01,1.083080250935366043e-02,2.548793069538475287e-01,8.961850258682405729e-03,8.536428706706950973e-04
7.643282435639715544e-01,1.079598843469716137e-02,2.187651016699612150e-01,5.613213846361537855e-03,4.974524850086747222e-04
7.727346774486042458e-01,1.687847258160914479e-02,2.022448232096391019e-01,7.516479734154349682e-03,6.255470259930558585e-04
4.886792161699227144e-01,1.104803760777097431e-02,4.782395204713003611e-01,2.159794118722105360e-02,4.352845637849173804e-04
4.684942827774985497e-01,9.716084852406122949e-03,4.872104917403475843e-01,3.310440153239094241e-02,1.474739097356727799e-03
6.850056613851692733e-01,1.177723146721857198e-02,2.876449246522698733e-01,1.459341632304165907e-02,9.787661723004998770e-04
9.247435334707716503e-01,5.201780657175904439e-03,6.552049400831852499e-02,3.947645801855930239e-03,5.865460618779984574e-04
7.189210083434665055e-01,1.394517606321694393e-02,2.488837434780632740e-01,1.684000174878290054e-02,1.410070366470373175e-03
8.557688716967892795e-01,7.439608892826842304e-03,1.269295960310168059e-01,7.953778676150297100e-03,1.908144703216809292e-03
9.364710862378163858e-01,9.591293321792981885e-03,4.846586866879385586e-02,2.880637542637164497e-03,2.591114228959693483e-03
7.037399616060774354e-01,1.437380724973760619e-02,2.682903890795683699e-01,1.130801706865986085e-02,2.287824995956782258e-03
8.525274286991937345e-01,1.010649289807657308e-02,1.263779700864386124e-01,7.833509075721271919e-03,3.154599240569874903e-03
6.867974764596166404e-01,5.424255822517061627e-03,2.669988004658179759e-01,3.989749361098832853e-02,8.819736410600601591e-04
6.259830798282763897e-01,5.357872237528282268e-03,3.277460244390290600e-01,4.045987663943343554e-02,4.531468557328550474e-04
4.792273786577762040e-01,1.612751409447321649e-02,4.705318612766404840e-01,3.319648004257329948e-02,9.167659285367784402e-04
4.592251889888988581e-01,1.946555263981243969e-02,4.933002719954588944e-01,2.696794424127660350e-02,1.041042134553101569e-03
3.583714059467611457e-01,2.976619124071420291e-02,5.838549013191235426e-01,2.665146460057397915e-02,1.356036892827221577e-03
3.423614480141001781e-01,3.102876075537407824e-02,6.043591182476294454e-01,2.140109759153992555e-02,8.495753913565669280e-04
4.278280326603425276e-01,3.379813812084254965e-02,5.187550898744812677e-01,1.869028411219659375e-02,9.284552321371091366e-04
3.149174073684996578e-01,3.685995578548412199e-02,6.316931638814579086e-01,1.577418368045915148e-02,7.552892840991131838e-04
5.703946514259470302e-01,3.796788005107700620e-02,3.765304518177176041e-01,1.236138577184864307e-02,2.745630933409678748e-03
6.539760378544566821e-01,2.112945949882251429e-02,3.059229534613632784e-01,1.657404062631616382e-02,2.397508559041389153e-03
5.427674348974543816e-01,3.112000675273675701e-02,4.045126130087952077e-01,1.940949474574649170e-02,2.190450595267122522e-03
5.416935786769581096e-01,1.080207619339012409e-02,4.203099750670685197e-01,2.551234585838281846e-02,1.682024204200519403e-03
5.914997857111649049e-01,3.031272676118549475e-02,3.522972718966728700e-01,1.781881413001613554e-02,8.071401500960567049e-03
7.461705565598055756e-01,2.062157913432077078e-02,2.156471123693139424e-01,8.133241976788161895e-03,9.427509959771280396e-03
4.185213142153108579e-01,3.149524732314741560e-02,5.283269757029440683e-01,1.557386232383653479e-02,6.082600434760969052e-03
1.609181354536410868e-01,1.625983609591409584e-02,8.070696842122327963e-01,1.466048754285747581e-02,1.091856695354651019e-03
3.056222271612353270e-01,1.643660118189419275e-02,6.398995375880662806e-01,3.690759805368058061e-02,1.134036015123601098e-03
4.489435326763196454e-01,6.202650905920869227e-03,4.901085016826546292e-01,5.292715248714510018e-02,1.818162247959682638e-03
5.179002712476752368e-01,1.097833583604046655e-02,4.255539674406479400e-01,4.430060503506360464e-02,1.266820440572706020e-03
2.545014232726190984e-01,1.647137194473350177e-02,7.042139354410124064e-01,2.397457220772835490e-02,8.386971339066135638e-04
3.942403221789895773e-01,2.595883055231303430e-02,5.602677986124483533e-01,1.859048143618136431e-02,9.425672200675902935e-04
6.704433998969062669e-01,2.950168911282587819e-02,2.890046268901786397e-01,9.632429086379793587e-03,1.417855013709372813e-03
6.620869258291005588e-01,1.927791648488250131e-02,2.926873250100019974e-01,2.493532670577526533e-02,1.012505970239617296e-03
5.584077335328128111e-01,9.544424146947226226e-03,3.779614195082218187e-01,5.342715655778192130e-02,6.592662542361533290e-04
8.166345488329993518e-01,7.635184631783738761e-03,1.416814821755238152e-01,3.306448467519412099e-02,9.842996844989472180e-04
2.760838397417448853e-01,1.466323908402120645e-02,6.502804465984652893e-01,5.798571062163831308e-02,9.867639541302323809e-04
2.632303468524616052e-01,1.289367591293066016e-02,6.651944856727298738e-01,5.803751614099154216e-02,6.439754208862218977e-04
2.330534208786617378e-01,1.178048799872281026e-02,7.076929991673553966e-01,4.588687511117349460e-02,1.586216844086516279e-03
7.624282374248102512e-01,2.072050789691946143e-02,2.027947768153485486e-01,9.985812086612672056e-03,4.070665776309148262e-03
7.692114042727540291e-01,1.504269757982045451e-02,1.975488236145594156e-01,1.193233901218515060e-02,6.264735520680918095e-03
6.248363505538354623e-01,1.595831857880136359e-02,3.299508807121354081e-01,2.750230621735239370e-02,1.752143937875362718e-03
6.406226472380942560e-01,2.106963199518282689e-02,3.149910677383773172e-01,2.212152423174955362e-02,1.195128796596089168e-03
3.145982746327862789e-01,1.514691856961923253e-02,6.386105101068149104e-01,3.131726358670344074e-02,3.270331040761181233e-04
7.568666241730259703e-01,6.861565355714315667e-03,2.189458683048445264e-01,1.709783508150013176e-02,2.281070849150887577e-04
3.090941044277171201e-01,5.503523537952907663e-03,5.300761464287029323e-01,1.551112830566852563e-01,2.149425489417631965e-04
6.267419618533291992e-01,7.324293284486616505e-03,2.816911736940443389e-01,8.397736929075401424e-02,2.652018773858490436e-04
8.311991669437129859e-01,1.264694866625767043e-02,1.351878268908303926e-01,2.061591594943995229e-02,3.501415497588965492e-04
6.548864292255809350e-01,1.119277821076894615e-02,2.784165870775492380e-01,5.519022653171014314e-02,3.139789543908000271e-04
6.555853701347721385e-01,3.561642515891220301e-02,2.755216932808886021e-01,3.116573190967576040e-02,2.110779515751408722e-03
4.167913920759647728e-01,3.717125845961946617e-02,5.185462968089470381e-01,2.549531384914772991e-02,1.995738806320945281e-03
5.495350139489220131e-01,4.042681394937123335e-02,3.912875290739637468e-01,1.377001304708690664e-02,4.980629980656177229e-03
3.710906226852604406e-01,3.884717855070259768e-02,5.627427866974578086e-01,2.090361293039535301e-02,6.415799136183937199e-03
3.748997580266564267e-01,3.954358212971188780e-02,5.545950961214597408e-01,2.605412564487172983e-02,4.907438077300217520e-03
3.797654913415622890e-01,6.351765738467721190e-02,5.365583442295369654e-01,1.357817657777283735e-02,6.580330466450677249e-03
1.855584701500062883e-01,3.617647592237817344e-02,7.382032947129927303e-01,2.820814532171238287e-02,1.185361389291043899e-02
1.932592685520133080e-01,4.782971810259520340e-02,7.081158344528086790e-01,2.289992355515399133e-02,2.789525533742882174e-02
3.303109657909683583e-01,5.243378152376301782e-02,5.337970835114385082e-01,1.936567090880736766e-02,6.409249826502284864e-02
5.164608952280458354e-01,6.593314612136440267e-02,3.711987887744495618e-01,1.232034573442089206e-02,3.408682414171926300e-02
8.577626152238471136e-01,2.483636163405498337e-02,1.086651409190005496e-01,4.379119699564378541e-03,4.356762523533011348e-03
4.572840275621400941e-01,3.659562275289831440e-02,4.916262467162880734e-01,1.238127959829395282e-02,2.112823370379570548e-03
4.282913326040732049e-01,2.650567051080517794e-02,5.255827106341420807e-01,1.614465641798650333e-02,3.475629832993043945e-03
6.333649380846758659e-01,4.246319435040823292e-02,3.062297211403179897e-01,6.885276335317940151e-03,1.105687008928007975e-02
2.525344545565742505e-01,4.097822129736560653e-02,6.818449051470343303e-01,1.240621520194934088e-02,1.223620379707658461e-02
3.634487394335879640e-01,4.290822947573429136e-02,5.755789571014410244e-01,1.151573418227189692e-02,6.548339806964841546e-03
4.504507601002900596e-01,3.025392896425802697e-02,4.945248168431427005e-01,1.767392461530043271e-02,7.096569477008716001e-03
7.574863634514551469e-01,3.138543487031184021e-02,1.841219756333846158e-01,7.409442153529043236e-03,1.959678389131934081e-02
8.983474392918885387e-01,1.789390868462844425e-02,7.071082043241573578e-02,5.483660255868910705e-03,7.564171335198342783e-03
7.330898287415819059e-01,7.520690123719844800e-02,1.660449746208748356e-01,5.542467355011319527e-03,2.011582804533362107e-02
7.787262414975870684e-01,8.390144697960383313e-02,9.952983096455736423e-02,2.932887408723896215e-03,3.490959314952785802e-02
7.783162851220991607e-01,6.760767635809963871e-02,1.277747475503723251e-01,3.858041879272565335e-03,2.244324909015634265e-02
7.594345265050527205e-01,7.214487072226602460e-02,1.216086433277835388e-01,5.114658985487250190e-03,4.169730045941033580e-02
8.036028356762515701e-01,5.957701129391307360e-02,8.944289412473641065e-02,3.438145906927383977e-03,4.393911299817151311e-02
8.740055862020278399e-01,4.324760424102574302e-02,4.278749607271366273e-02,1.752406603848756560e-03,3.820690688038393124e-02
9.403904962071880647e-01,2.096715130003309890e-02,2.369845178173866571e-02,1.255486607937548712e-03,1.368841410310255892e-02
9.307230279876526069e-01,3.173873100445681605e-02,2.257380466473686564e-02,8.975152428200707877e-04,1.406692110033386581e-02
9.177992665572440867e-01,4.313781978321473004e-02,2.487460943091699545e-02,7.251691448644731822e-04,1.346313508375966347e-02
8.759269948028102215e-01,4.248077598639391633e-02,6.403172683781782615e-02,3.368603491734809083e-03,1.419189888124320828e-02
9.093643960915744895e-01,3.230468724671885228e-02,3.564024536956019590e-02,2.193857261238336097e-03,2.049681403090826068e-02
9.020805668786957554e-01,3.536575476109399263e-02,3.177301719939710362e-02,2.038553857565733075e-03,2.874210730324754451e-02
9.100626773102885592e-01,3.002054035205406132e-02,2.643376513993614396e-02,2.154016030099565118e-03,3.132900116762179360e-02
9.229374901447491286e-01,2.976364666514832308e-02,2.417148275697840812e-02,1.793471156305230952e-03,2.133390927681868762e-02
9.410388242916277735e-01,2.468759712343505247e-02,1.680464860281789125e-02,1.401863631944571479e-03,1.606706635017470311e-02
8.370795146207723469e-01,4.772543979976726081e-02,5.255789602451980957e-02,3.815900945252387755e-03,5.882124860968821617e-02
8.933958703900023446e-01,3.737723373108682579e-02,3.334965429456042407e-02,1.849608539025546401e-03,3.402763304532487043e-02
8.782613309697202553e-01,4.698308418288551364e-02,4.068208634325427148e-02,2.731833403024128745e-03,3.134166510111571768e-02
9.538887392410850818e-01,1.616472236626124992e-02,1.680683764852466955e-02,1.513988104425345290e-03,1.162571263970391122e-02
9.737921499543653603e-01,1.223365800585982620e-02,5.625550336877156374e-03,5.388311546544197281e-04,7.809810548243205537e-03
9.631211482275308100e-01,1.283745351866831530e-02,6.128065072811497531e-03,5.026740774418318562e-04,1.741065910354749197e-02
9.915174921696647825e-01,3.960815818155907948e-03,1.451887672812883544e-03,1.470785440080560542e-04,2.922725795358408624e-03
9.912904917652732850e-01,4.908877281264477713e-03,1.963707265093997401e-03,2.168994797959080257e-04,1.620024208572164170e-03
9.877520228304739192e-01,5.751858894477506270e-03,2.246011311204445908e-03,2.330416987604618396e-04,4.017065265083757247e-03
9.778343224015351165e-01,7.878013093141010212e-03,5.768058270181992617e-03,5.968148810499039137e-04,7.922791354091983373e-03
9.687898598575130915e-01,8.826267594900561592e-03,9.563525892237622131e-03,1.230308472478011629e-03,1.159003818287059930e-02
9.834172452742275805e-01,4.963781856512611279e-03,4.829529227781447290e-03,7.952978224608597650e-04,5.994145819017400977e-03
9.771362240484935402e-01,6.862498201929902349e-03,6.485350852804764275e-03,1.450544650217306872e-03,8.065382246554439472e-03
9.853672411748369830e-01,4.805675371985711035e-03,3.636601506023164499e-03,1.074354566585074234e-03,5.116127380569157612e-03
9.882839205576781083e-01,4.684881529984759319e-03,3.024447459649616966e-03,8.085314029496889435e-04,3.198219049737824077e-03
9.911392869370683201e-01,3.817712006513983378e-03,1.932587163714418474e-03,5.057682851342241472e-04,2.604645607569040702e-03
9.909077523495443129e-01,4.262380248530358261e-03,2.015003541475408801e-03,3.868788112288068992e-04,2.427985049221199291e-03
9.831124997027261836e-01,8.217277568136486035e-03,5.530913376282292800e-03,6.978593652895846060e-04,2.441449987565473025e-03
9.874015355219080137e-01,5.638843786803080307e-03,3.733197947382155529e-03,4.835694523504179107e-04,2.742853291556397038e-03
9.922312171830657279e-01,3.194346200068007551e-03,2.180499927816746848e-03,3.898623619244387037e-04,2.004074327125038215e-03
9.874176444287272592e-01,3.910401012341551373e-03,5.772484535735653358e-03,1.946219830315732086e-03,9.532501928797361586e-04
9.736946067669075555e-01,8.057755710142718714e-03,1.256954186274441589e-02,4.169327452702188685e-03,1.508768207503057446e-03
9.784329505240091374e-01,1.003390133353355453e-02,7.182716526650919503e-03,1.713145447734942773e-03,2.637286168071533658e-03
9.627994319843453663e-01,1.881730957076720168e-02,1.199985444371502730e-02,1.470744399946498403e-03,4.912659601225805028e-03
9.608441738354738249e-01,1.899673368745069535e-02,1.314173565790808899e-02,1.547796354866428064e-03,5.469560464300951899e-03
9.794825116509189300e-01,9.850328489198057272e-03,4.653815908417772811e-03,5.335608472890082492e-04,5.479783104176170518e-03
9.706348260645780712e-01,1.108617435056553566e-02,1.273698559887352991e-02,1.940228403246050922e-03,3.601785582736828986e-03
9.787216814087500438e-01,6.843865325321859053e-03,7.594222959621481535e-03,1.952167112282573308e-03,4.888063194023948600e-03
9.719836527136473947e-01,1.178464354382434756e-02,1.087464187996883477e-02,2.346468171896029953e-03,3.010593690663386501e-03
9.371377390055534162e-01,2.545818739037271350e-02,2.779795626131198114e-02,4.099117138038929457e-03,5.507000204723040346e-03
9.377009231001033340e-01,2.652483011414903322e-02,2.835671742681893093e-02,3.417754196634926502e-03,3.999775162293701600e-03
9.516468143675769209e-01,2.139341318904397840e-02,2.082959488756765468e-02,2.219161926005424126e-03,3.911015629805857097e-03
9.523795626506564860e-01,1.956800575543084578e-02,2.065576485452900665e-02,2.342040986400056347e-03,5.054625752983544530e-03
9.669712911074370698e-01,1.391387895196128689e-02,1.264649180664677991e-02,1.194420819186448133e-03,5.273917314768536251e-03
9.663523762684971263e-01,1.581584131482863254e-02,1.399669062318281872e-02,1.590128133021494758e-03,2.244963660469830296e-03
9.730973997295991884e-01,1.402547605513870116e-02,1.015944323576524477e-02,1.340382534783983361e-03,1.377298444712746770e-03
9.687075223789659573e-01,1.239533484136388919e-02,1.473320957327784245e-02,2.648454645345175908e-03,1.515478561047101363e-03
9.791646124011128549e-01,1.017782541819915731e-02,7.616860242624068876e-03,9.975760599087296881e-04,2.043125878155090981e-03
9.712029451922450374e-01,1.631750810178701425e-02,9.306604313962884775e-03,9.420479537944258198e-04,2.230894438210645481e-03
9.544568231838346239e-01,1.923511205121535006e-02,2.191428470911703508e-02,2.660404764073646261e-03,1.733375291759407105e-03
9.476180692106487280e-01,2.598646992100743860e-02,2.037955152587023200e-02,1.922735803767632382e-03,4.093173538705903967e-03
9.403426655698149395e-01,3.427726479137749305e-02,1.772656582499372926e-02,1.207376776160310090e-03,6.446127037653400643e-03
9.378978695578479297e-01,3.314944680981816993e-02,1.945158501077421873e-02,1.233641384214901162e-03,8.267457237344686197e-03
9.447748714907966416e-01,2.888573729993981418e-02,1.878223105890949526e-02,9.345042208427304514e-04,6.622655929511400003e-03
9.592318279610529963e-01,1.924017118018726824e-02,1.338054436729714872e-02,7.432776692071640543e-04,7.404178822255480692e-03
9.791507320488945787e-01,1.116514093754030108e-02,5.048037532073290819e-03,4.492792605996789542e-04,4.186810220892087618e-03
9.658248044666359888e-01,1.148629108264607318e-02,1.087920514444704230e-02,1.377455545604747882e-03,1.043224376066617665e-02
9.756178622319439109e-01,8.770615581300275979e-03,7.984702376198152263e-03,8.786943152308769513e-04,6.748125495326827948e-03
9.824062560585906656e-01,5.240065266589754960e-03,6.040161292667001365e-03,8.818850581268398254e-04,5.431632324025596759e-03
9.762957129077207696e-01,9.779020477660929286e-03,9.967232907104528125e-03,1.008198462287063094e-03,2.949835245226762985e-03
9.858339483588086649e-01,6.473097681710418723e-03,5.373203835275086951e-03,5.528002993611298450e-04,1.766949824844504411e-03
9.871044758205832492e-01,6.203055704986584588e-03,5.080957443389580788e-03,4.797124950537874372e-04,1.131798535986887301e-03
9.889857280089264790e-01,5.590270956553469728e-03,3.482606671707437138e-03,3.521064156077290380e-04,1.589287947205010165e-03
9.908615211984441729e-01,4.117882098446178953e-03,3.255720696937231158e-03,5.001523566194150065e-04,1.264723649553154252e-03
9.774752374209044747e-01,1.033207319248711023e-02,8.867603115838553970e-03,9.035798627007776262e-04,2.421506408069025538e-03
9.881326949121039815e-01,3.150150891696684372e-03,6.068656354955065738e-03,8.845322082350608617e-04,1.763965633009060468e-03
8.095660191816459461e-01,6.537175060401007043e-02,1.133486137716515074e-01,3.583667361144206569e-03,8.129949081548112910e-03
8.953193384714666081e-01,2.715598037190670999e-02,6.597127604663227673e-02,4.349062592142285619e-03,7.204342517851897512e-03
9.553132599626044108e-01,1.678074056284908910e-02,2.358405211100033858e-02,1.794705326392015583e-03,2.527242037154198845e-03
9.503548455969504927e-01,1.724784521103319562e-02,2.651769343424534298e-02,2.704541444263440248e-03,3.175074313507479911e-03
8.757655347294731607e-01,5.964094343597188541e-02,5.462914424481235542e-02,2.446730261399245390e-03,7.517647328343412053e-03
8.397233572792598411e-01,4.214785684020661699e-02,1.042815341550088065e-01,7.482495361274221941e-03,6.364756364250503951e-03
6.824743079021621250e-01,3.745289016672320032e-02,2.598645937833258257e-01,1.515510646899880312e-02,5.053101678790068371e-03
6.887424630903763445e-01,2.946206801838194625e-02,2.608574366313618498e-01,1.752331360667374813e-02,3.414718653206105271e-03
7.106052675405009067e-01,3.812606609175796940e-02,2.353307590285827477e-01,1.207752136049374501e-02,3.860385978664695756e-03
8.079048159372882454e-01,2.803758994010192504e-02,1.530856320370352075e-01,9.053626407229049475e-03,1.918335678345242786e-03
5.783961606067183903e-01,3.516590237808414621e-02,3.726005562067563615e-01,1.143871862159233019e-02,2.398662186848832603e-03
4.158877229781223206e-01,9.646498589840031557e-02,4.677666265112765398e-01,7.324295070486135789e-03,1.255636954171459804e-02
6.433075127475019750e-01,4.649151063200161749e-02,2.819591170875148101e-01,6.264891606677014044e-03,2.197696792630452964e-02
6.940584100735804896e-01,4.983550448084050205e-02,2.200112499875100935e-01,5.621887019027372451e-03,3.047294843904144179e-02
9.463684593175035742e-01,1.080606616610798112e-02,3.707170062199933308e-02,2.577885741505604126e-03,3.175888152883415104e-03
7.158640054019513865e-01,4.156119794000683737e-02,2.250021200889791295e-01,1.055834975081261853e-02,7.014326818250030647e-03
6.174896073474192004e-01,1.111274648435276041e-01,2.223007813889217310e-01,6.255682720819449524e-03,4.282646369931190911e-02
3.600094481072467767e-01,6.093619534488768641e-02,5.374059531954704649e-01,1.848485699793251183e-02,2.316354635446251156e-02
4.544088495555340113e-01,1.144554882336548257e-01,3.912452563943109585e-01,1.378330925665171777e-02,2.610709655984846250e-02
7.669450591369793013e-01,3.249286699389256072e-02,1.456962563052478232e-01,7.540236251845224870e-03,4.732558131203512541e-02
7.368971912474453489e-01,5.600833765277381249e-02,1.266969461092664617e-01,6.582443392494683777e-03,7.381508159801956903e-02
7.230296140872304322e-01,3.268506263961798441e-02,2.019405188412390639e-01,1.171468044759364779e-02,3.063012398431891672e-02
7.208306942991683508e-01,4.220446918722375873e-02,1.920388991025565595e-01,1.198687247179123887e-02,3.293906493925998630e-02
7.890902777986531502e-01,4.279416069923697163e-02,1.361243876036983269e-01,7.426480831311792034e-03,2.456469306709977915e-02
7.910447347576701205e-01,4.385477388904323454e-02,1.080674103808200587e-01,5.877148521710828626e-03,5.115593245075588519e-02
7.306751673176115069e-01,4.083772043478961500e-02,1.135804021755922044e-01,6.631392014203177539e-03,1.082753180578034241e-01
7.592626182454171868e-01,2.430318325699529908e-02,1.159151068134344764e-01,1.141588414180842725e-02,8.910320754234460350e-02
7.554026462915656159e-01,2.395928662152946656e-02,1.065154635953867723e-01,1.421942189444200602e-02,9.990318159707620160e-02
5.909340606590613998e-01,1.815018245023409388e-02,3.245318165779867425e-01,2.720876158498072503e-02,3.917517872773700061e-02
7.341958466358452506e-01,4.035900153386104416e-02,1.882840646326938705e-01,7.955099024506808239e-03,2.920598817309298309e-02
6.458243522341382548e-01,7.296216421819906595e-02,1.973787587281713163e-01,5.147430318752538835e-03,7.868729450073894127e-02
7.346627139254676697e-01,4.048600593587878271e-02,1.962268459202582693e-01,8.593511011856557261e-03,2.003092320653863945e-02
9.357018649762015583e-01,1.246126627012473023e-02,4.555837616641254806e-02,3.656390670445490172e-03,2.622101916815697958e-03
9.613256913856759178e-01,5.419917087869374761e-03,2.540346307371116677e-02,2.637634062144675502e-03,5.213294390598887697e-03
9.879597457060478316e-01,2.636564542830613454e-03,6.732485278919434282e-03,1.356656746328742218e-03,1.314547725873456939e-03
9.638863455545815251e-01,5.289098703234124468e-03,2.374742731332255691e-02,4.157335741427397625e-03,2.919792687434432342e-03
8.566956016872889768e-01,1.811551832401200879e-02,1.105896588339643077e-01,9.547829456438507514e-03,5.051391698296191397e-03
8.590333070330880005e-01,1.335768231100806919e-02,1.128326175941850584e-01,6.759522923377355060e-03,8.016870138341441326e-03
9.459664828623943755e-01,8.592391810956705872e-03,3.110035287554822545e-02,3.215597009720197463e-03,1.112517544138060151e-02
9.133036674271239885e-01,1.847195626970952673e-02,4.690062177008225835e-02,3.748088970684401028e-03,1.757566556239974903e-02
9.238499125062010764e-01,1.617346016412509607e-02,3.851490517765551042e-02,3.718748967595821627e-03,1.774297318442270496e-02
9.192851202395365684e-01,1.512183606500743134e-02,3.297153456027260288e-02,2.925324288679859944e-03,2.969618484650351706e-02
9.314697814187796743e-01,9.868797655400395746e-03,4.459069988049480654e-02,6.708067785057366186e-03,7.362653260267657505e-03
8.531483467751445060e-01,1.007888099218885378e-02,1.132032494380088156e-01,2.168713949021380122e-02,1.882383304443986790e-03
8.870119630213816331e-01,1.008889799495088328e-02,7.477562171931867452e-02,2.311622206363800683e-02,5.007295200710951480e-03
9.696396448407970103e-01,7.088906413812483265e-03,1.617902386475817550e-02,2.511507257120359354e-03,4.580917623512152821e-03
9.729090423961682665e-01,5.192213320430086321e-03,1.634919877950673575e-02,2.205699616509417937e-03,3.343845887385705953e-03
9.759512257248358358e-01,3.754345823039821704e-03,1.154701800232493455e-02,1.858157264331605470e-03,6.889253185467808342e-03
9.882763017824398588e-01,3.647986256719810104e-03,4.930942358120291892e-03,5.399388915865560015e-04,2.604830711133345605e-03
9.681697029282432254e-01,7.945347629600339051e-03,1.446004724532121144e-02,1.518950962662303202e-03,7.905951234172741565e-03
9.882086744211827645e-01,1.896941829608645097e-03,7.274270618346793255e-03,7.799295358911545375e-04,1.840183594970653267e-03
9.840271719834394748e-01,4.478747085186642399e-03,8.674977380809046137e-03,1.204770666063052125e-03,1.614332884501857397e-03
9.755415075523061752e-01,7.034559582796697311e-03,1.415189320610281583e-02,2.117311373530123692e-03,1.154728285264220496e-03
9.673140065542612520e-01,1.253293618188702600e-02,1.681452394900381786e-02,2.563931836528495108e-03,7.746014783193674912e-04
9.228103187824023834e-01,2.671263882641350396e-02,3.952398553729236791e-02,6.521645297153501851e-03,4.431411556738391183e-03
8.906019644307796579e-01,2.119998419373132770e-02,6.300471227501527882e-02,2.120220234270307411e-02,3.991136757770579087e-03
9.760353406022145295e-01,7.081114681081758164e-03,1.101900596720426645e-02,4.874718301904874471e-03,9.898204475946022034e-04
8.923540906858740129e-01,1.473930497854705236e-02,5.968841321128946775e-02,3.221969192921374930e-02,9.984991950757384632e-04
7.881031662763824386e-01,2.132273254477603380e-02,1.339688178494063409e-01,5.513962200837439070e-02,1.465661321060712351e-03
8.227382684755127906e-01,1.221031042931113898e-02,1.011296491316503177e-01,6.289718872491982526e-02,1.024583238606068631e-03
8.808826752164643503e-01,4.552695882163240726e-02,5.974407746234251804e-02,1.099714002233968813e-02,2.849148477221005466e-03
6.597799958191636893e-01,1.656609550064756242e-01,1.621839014871658824e-01,9.713934254770939178e-03,2.661213432423818488e-03
5.214241603179439188e-01,2.931676484204938649e-01,1.761759624554042614e-01,6.980386722431048026e-03,2.251842083726980637e-03
5.267474990516817224e-01,2.214779568264508558e-01,2.351157790208446563e-01,1.244767689495516506e-02,4.211088206067625621e-03
6.614026766528325885e-01,9.161853585921071741e-02,2.070325908885321531e-01,3.813368236893793783e-02,1.812514230486498689e-03
4.651267808644655166e-01,2.308341685834638390e-01,2.864265749061167265e-01,1.542472131926263604e-02,2.187754326691291728e-03
5.703217908727116203e-01,1.244494899414184674e-01,2.655085835216001167e-01,3.814234727257663493e-02,1.577788391693092998e-03
8.179131967612418563e-01,5.699058999510595025e-02,1.127244178923974549e-01,1.092358448089415790e-02,1.448210870360618335e-03
7.907282278429712541e-01,5.031008311607430145e-02,1.418660108731359393e-01,1.601665630402879237e-02,1.079021863789817988e-03
7.704187084477425174e-01,2.919884262826335022e-02,1.309919756552358761e-01,6.865862786561607867e-02,7.318454031422080494e-04
8.898999074520236308e-01,2.151817274376846556e-02,6.301213595246465959e-02,2.489435243588701205e-02,6.754314158562026551e-04
9.669555102185398709e-01,9.635829945892050719e-03,1.727647428284617009e-02,5.681422933278623862e-03,4.507626194431694523e-04
9.489032971162938424e-01,1.040381279889580207e-02,2.740940787316138022e-02,1.286830630629132687e-02,4.151759053576886075e-04
9.584626419630458694e-01,8.349785590703245192e-03,2.297462672996843439e-02,1.001050843515807406e-02,2.024372811242748464e-04
9.089135081114027015e-01,2.006372915257057313e-02,5.443461515935629769e-02,1.627569462704333420e-02,3.124529496270506156e-04
9.361852096772962373e-01,2.407676830091686968e-02,3.486084706730611243e-02,4.607296899766719772e-03,2.698780547140696806e-04
8.597569433629389524e-01,6.061146282509345673e-02,7.277918149186811403e-02,6.482820340727432629e-03,3.695919793721696859e-04
9.528942682882233228e-01,1.073166867756273311e-02,2.761793331433869819e-02,8.515359517174738921e-03,2.407702027005985076e-04
9.533190110073755941e-01,1.408481059652155754e-02,2.622806491534938889e-02,6.038318451751522459e-03,3.297950290017914970e-04
9.265372124847538471e-01,1.712998843055644690e-02,4.143796757010128479e-02,1.450829309515900938e-02,3.865384194293725994e-04
9.335309536499234451e-01,1.875932824307492697e-02,3.789757050042871084e-02,9.529008588912906558e-03,2.831390176598599711e-04
9.463366878269834359e-01,7.044218099209214289e-03,1.392013843126523563e-02,3.230384116822979101e-02,3.951144743121451819e-04
9.475259060554408475e-01,9.885545993680430396e-03,1.101754124257633277e-02,3.070889288385541399e-02,8.621138244468246840e-04
9.568533180744420719e-01,6.900924591876090794e-03,6.186044181718156933e-03,2.878495611071574603e-02,1.274757041248074461e-03
7.599131256268464307e-01,6.222293502656692579e-03,2.263280011181894452e-02,2.103849182208878121e-01,8.468625377902786562e-04
6.824189585991120577e-01,1.233231469853577136e-02,3.316760944061952071e-02,2.708429647858380251e-01,1.238152475894797270e-03
5.373375480949874605e-01,8.986803390940302505e-03,3.014284359022924298e-02,4.228378934463608019e-01,6.949114774820871684e-04
5.434954933231183061e-01,8.299238626774476518e-03,2.246698805098643753e-02,4.249277350034840195e-01,8.105449956367752383e-04
6.078572891052055338e-01,6.756934694257033837e-03,1.452203284721543738e-02,3.701450039366115385e-01,7.187394167103477918e-04
5.439629881793228705e-01,6.024432552180388790e-03,1.296848161682028974e-02,4.361007815971305601e-01,9.433160545457951055e-04
7.121464664561075741e-01,7.523021071417053222e-03,1.712548414446565456e-02,2.626448662749878982e-01,5.601620530217139805e-04
9.214713476856445373e-01,5.966946092856789848e-03,7.655609650420044932e-03,6.457473596279508787e-02,3.313606082834823392e-04
9.517694136229896129e-01,6.017926884966049925e-03,5.679319006062636017e-03,3.618244026260103441e-02,3.509002233807116786e-04
9.607930614159803095e-01,6.744591021478375803e-03,5.246902327533371421e-03,2.687924851684371161e-02,3.361967181641816382e-04
9.731167472683216468e-01,5.934578557860625998e-03,4.674742051459194504e-03,1.601919144574346851e-02,2.547406766153230049e-04
9.882052014302251663e-01,4.239773098526859046e-03,2.738584684515310824e-03,4.646120890865964442e-03,1.703198958668115275e-04
9.804405104525069081e-01,5.973242266309628130e-03,2.926454790630227728e-03,1.023817453060630982e-02,4.216179599470141299e-04
9.630935603749974927e-01,4.192687121773297672e-03,4.282426531036272015e-03,2.776922063920124473e-02,6.621053329916421447e-04
9.211586546534331621e-01,5.738816213335301564e-03,1.157214995923591845e-02,6.106464312952519791e-02,4.657360444703220249e-04
8.763419772682280451e-01,5.739280921740713519e-03,1.335410821050548799e-02,1.039663939660952080e-01,5.982396334303693303e-04
8.161842641034156021e-01,8.490640507363356876e-03,2.807378336103508176e-02,1.465969805613050458e-01,6.543314668807820485e-04
9.345981941357796030e-01,2.254055568944195176e-03,5.265548959059448281e-03,5.716435363062991049e-02,7.178477055867905736e-04
4.346222579400053632e-01,1.960562903001868921e-03,2.298297151396733184e-02,5.399454588792832466e-01,4.887487637422545557e-04
4.855513642747438796e-01,3.909460631069496157e-03,1.738653063928427209e-02,4.921076366216657338e-01,1.045007833236745367e-03
6.304967850500957649e-01,3.979022087233149117e-03,1.906630866303324345e-02,3.458114392107965451e-01,6.464449888414216475e-04
8.964948177076774716e-01,2.019895558735870789e-03,6.600580191447599950e-03,9.452700357697177425e-02,3.577029651673410671e-04
9.690920783249037385e-01,9.123756870515748038e-04,3.300024733805568752e-03,2.592093917426084582e-02,7.745820799783134734e-04
9.831737096560069222e-01,8.009051513658999337e-04,1.669103688095743485e-03,1.312802199812140511e-02,1.228259506409997912e-03
9.336228169549465328e-01,1.257892721265738145e-03,3.895014416478895670e-03,5.937090942986442826e-02,1.853366477444289354e-03
9.798602798624340693e-01,9.576708929724940013e-04,2.105715560841164933e-03,1.547010415499528758e-02,1.606229528756918708e-03
9.921491804623058242e-01,3.755262602239315371e-04,1.134448312496429915e-03,5.763507210671254925e-03,5.773377543023970517e-04
9.973197948040127825e-01,5.167861063807945628e-04,5.646901050976374774e-04,1.205007840234959427e-03,3.937211442738762458e-04
