9.623868562299615625e-01,2.161643166550714437e-02,1.109443724700397323e-02,1.373682476062799626e-03,3.528592381464645995e-03
9.960419180448130128e-01,2.283093671390158674e-03,1.095612382946981999e-03,4.127559160974941972e-04,1.666199847523824060e-04
9.903575732148166555e-01,7.582887623549267736e-03,1.645373914404961793e-03,1.664935656209919177e-04,2.476716816080950330e-04
9.431703937805597793e-01,5.091104284008665659e-02,5.319253951285532467e-03,1.030991393585689657e-04,4.962102887093893704e-04
8.334074597347618241e-01,1.481965478293584826e-01,1.751178815652369367e-02,1.263436250592705166e-04,7.578606542967251556e-04
7.040943294349549797e-01,2.426786485278085714e-01,5.206876344758198244e-02,2.102379863714379780e-04,9.480206032830242784e-04
5.833893382610836342e-01,2.697781425441399539e-01,1.447445585064274509e-01,5.726191243261470479e-04,1.515341564022826834e-03
5.780140761770501401e-01,2.209105642153718352e-01,1.893801875158700465e-01,1.160166838072607641e-03,1.053500525363524828e-02
4.127762576042622311e-01,2.548773877907504759e-01,3.257532562332928205e-01,1.763023558822412237e-03,4.830074812872173391e-03
6.312957737783836398e-01,1.665403962877449184e-01,1.982181678002646052e-01,1.165075250088374714e-03,2.780586883518472181e-03
5.147645683839366937e-01,2.327161637414745243e-01,2.462329435262672894e-01,1.873249155128266143e-03,4.413075193193157462e-03
2.830307907898719222e-01,3.977809691402928172e-01,3.114450315365377975e-01,1.429010580660711009e-03,6.314197952636704456e-03
1.856944061935106582e-01,4.434291843400992583e-01,3.508817608095041729e-01,1.450980676149240482e-03,1.854366798073674855e-02
2.004543431233140605e-01,5.582481389020964579e-01,2.244032376026883491e-01,7.854473406261966179e-04,1.610883303127488841e-02
1.753008669256112817e-01,6.297528397858876970e-01,1.702738214908317838e-01,5.551151868024948189e-04,2.411735661086683927e-02
1.391484306251049019e-01,6.505995363419571076e-01,1.935425457155437456e-01,5.106078237829622538e-04,1.619887949361119295e-02
2.429837743877842349e-01,5.953760676579863409e-01,1.486754577639172459e-01,3.679999509633277081e-04,1.259670023934881568e-02
2.568817980191152595e-01,5.722109793373669762e-01,1.252320100246061829e-01,4.998091714680499755e-04,4.517540344744338382e-02
2.088280084829485239e-01,5.819038343638385236e-01,1.797284269066165563e-01,6.661561570833938149e-04,2.887357408951300025e-02
1.579583526204063337e-01,6.605427212116311564e-01,1.447161783433757176e-01,3.761081559721347824e-04,3.640663966861475143e-02
1.288232226463285890e-01,6.604855804120646212e-01,1.413778483376017525e-01,2.654717031343025520e-04,6.904787690087063612e-02
4.307968404551225095e-01,2.358553225065732617e-01,1.266605553669646611e-01,7.249092982559344166e-04,2.059623723730836520e-01
4.718342983170463745e-01,9.701730923592510880e-02,7.509253070198482205e-02,7.745731225080253971e-04,3.552812886225355515e-01
6.960973286153258055e-01,8.323900800803248068e-02,9.402665292182195433e-02,1.205058768021239658e-03,1.254319516867987150e-01
7.041963540097309071e-01,1.123150134398509387e-01,1.270621235291407025e-01,1.882900162169354619e-03,5.454360885910812529e-02
7.003374464590621518e-01,1.519049755267053714e-01,7.529523326808490458e-02,1.017988014776293306e-03,7.144435673137126963e-02
4.866407448010114933e-01,2.874573341218169542e-01,1.784850905853920255e-01,1.302491807074310616e-03,4.611433868470508207e-02
3.564367451059412550e-01,2.729725278945065448e-01,3.509568398435011782e-01,2.168782181800888754e-03,1.746510497425015490e-02
3.712850703750490977e-01,2.160397366612954728e-01,3.899484875901950698e-01,3.394148594497132555e-03,1.933255677896308575e-02
3.237782468363812893e-01,1.990666722265323207e-01,4.062652435696582076e-01,6.826717688986738697e-03,6.406311967844148525e-02
3.546802466822707167e-01,1.367036051849886968e-01,3.757957834748407167e-01,6.950825029058766563e-03,1.258695396288412316e-01
3.498202095596598116e-01,6.294252214002447887e-02,4.440801739436726625e-01,4.709293088173648750e-02,9.606416347490660812e-02
8.702499186631630357e-01,2.551708885245344838e-02,8.557453963709898970e-02,1.132163120827109348e-02,7.336821639013454445e-03
9.214416441169898109e-01,1.592879678810294602e-02,4.684798088355657947e-02,1.213816565680273657e-02,3.643412554547768335e-03
9.073965442286667793e-01,2.337138289905114213e-02,5.444366659348462423e-02,8.843369006127537943e-03,5.945037272669980583e-03
8.574206722888806365e-01,2.955245586786067052e-02,8.564982092974801620e-02,1.969961180415924495e-02,7.677439109351293089e-03
7.927014641889740254e-01,4.420646202310379858e-02,1.313024231606750580e-01,2.703547710144801886e-02,4.754173525798979436e-03
7.425390435874105188e-01,3.008247284011478229e-02,1.651452275949351345e-01,5.801170712653881678e-02,4.221548851000738074e-03
8.163380378432352202e-01,2.731316130650850160e-02,1.225969206486306196e-01,3.144085020700108923e-02,2.311029994624537280e-03
8.380521144781636345e-01,2.481480296004494324e-02,9.798636707532804024e-02,2.614140414500338086e-02,1.300531134145984681e-02
8.864505162421634221e-01,2.482367009780682074e-02,4.245281034756094585e-02,1.151946977133112837e-02,3.475353354113762394e-02
9.088237555945695156e-01,2.288450490990983147e-02,3.885321559848461254e-02,9.228346700111779433e-03,2.021017719692422623e-02
7.922691476116574538e-01,3.662369436611328383e-02,1.268406435164544099e-01,1.981777513467290058e-02,2.444873937110198653e-02
9.113711999237698036e-01,1.899213096107708193e-02,5.739896084610448396e-02,8.498372618274281295e-03,3.739335650774348787e-03
8.396929899491452076e-01,4.686291334963602756e-02,9.008904352492307088e-02,8.938190845455834185e-03,1.441686233083971404e-02
8.559463912504673422e-01,2.972158566860067311e-02,8.329689064096712503e-02,1.212375655295929930e-02,1.891137588700552569e-02
8.778092654365714509e-01,2.899744459998906954e-02,7.488975843119267950e-02,8.655713943851284231e-03,9.647817588395534924e-03
9.499147122418423184e-01,2.349480002988279040e-02,2.252739488600364118e-02,2.018407117207178698e-03,2.044685725064127307e-03
9.655533456329400410e-01,1.829637682758536443e-02,1.431047116071027143e-02,1.197738209826625100e-03,6.420681689376328506e-04
9.439142915187640481e-01,1.913980050092013718e-02,3.067265346036238821e-02,5.012500308811401392e-03,1.260754211141908859e-03
9.485985833506918041e-01,2.143217298636266449e-02,2.422824125776142090e-02,3.213714517383586388e-03,2.527287887800452534e-03
9.556324046981747866e-01,1.843930943269231001e-02,2.112176300809318411e-02,2.505674191089014673e-03,2.300848669950473872e-03
9.687557265110996463e-01,1.270002993219626793e-02,1.398071492044626260e-02,1.400680925587136517e-03,3.162847710670713131e-03
9.750208930101221805e-01,5.712971675653737667e-03,1.488528162572358773e-02,3.230606308637488412e-03,1.150247379863008962e-03
8.965683062090613609e-01,1.324909922237905990e-02,7.402855232206032032e-02,1.343239851388845774e-02,2.721643732610694050e-03
9.593716618931041884e-01,7.008001524975788349e-03,2.519223255477422846e-02,5.913935103383349996e-03,2.514168923762534567e-03
9.472278627296791820e-01,1.159579255013267786e-02,3.076305822427730097e-02,6.684697949552604809e-03,3.728588546358292503e-03
9.010608957207403291e-01,2.503574449469905816e-02,4.730624259365115436e-02,8.011219122810117957e-03,1.858589806809917214e-02
8.459317204778743493e-01,3.262505047666516833e-02,8.675950875576640686e-02,2.236070590849485729e-02,1.232301438119924077e-02
8.495721639196864849e-01,3.390504724213815047e-02,9.049996832538356739e-02,2.097243244303467757e-02,5.050388069757058909e-03
8.519011367250944877e-01,2.891453550179353543e-02,1.043958142575034387e-01,1.284545206746781285e-02,1.943061448140703850e-03
8.377343629253211077e-01,3.518336553267087385e-02,1.092883767356801206e-01,1.471544207168216239e-02,3.078452734645781459e-03
8.571397770348276879e-01,2.574886986660939250e-02,9.817729210928585748e-02,1.591060904213642546e-02,3.023451947140686543e-03
8.782020107976491463e-01,3.464448904358144454e-02,7.270774175040224663e-02,1.031887114781453695e-02,4.126887260552485927e-03
8.863286737856520547e-01,3.861908922895899293e-02,5.937410153093310161e-02,1.026831464797622537e-02,5.409820806479583716e-03
8.369578478640746777e-01,6.203280803364851631e-02,8.812353560181054868e-02,8.126030999175814368e-03,4.759777501290466360e-03
9.220621461090887649e-01,2.669933137459970518e-02,4.328277505201978681e-02,4.953770238387132652e-03,3.001977225904398777e-03
9.444685490335403832e-01,2.184974390345250858e-02,2.731037266869968880e-02,3.952279713906371901e-03,2.419054680400916941e-03
9.121565067392233273e-01,1.614568067509379937e-02,5.332430644622994376e-02,1.662352642818811649e-02,1.749979711264670239e-03
8.871316067100644132e-01,1.660705263814083246e-02,6.628607267707792294e-02,2.894954558840853384e-02,1.025722386308123473e-03
9.040096702394713191e-01,1.442053614630981785e-02,4.431808169061277752e-02,3.618748489337327706e-02,1.064227030232969178e-03
9.015745639213191831e-01,2.117648857229738335e-02,5.336221425184627110e-02,2.167976020181140023e-02,2.206973052725824669e-03
8.810409276751640650e-01,2.770048631268310496e-02,6.741099713480022682e-02,1.980300081108469362e-02,4.044588066267985893e-03
8.395052473185105057e-01,2.071514942382945978e-02,9.263170898665250286e-02,4.425673271097796402e-02,2.891161560029644785e-03
8.911559685017532706e-01,2.131894771900171362e-02,7.010506865635493523e-02,1.557414153028278264e-02,1.845873592607319598e-03
8.532435300266828504e-01,1.862125191604190044e-02,8.992130627909893092e-02,3.548268356284531994e-02,2.731228215330859955e-03
9.275485972065589113e-01,1.551815555924353392e-02,4.166353187589821178e-02,1.343346417387536809e-02,1.836251184423831791e-03
8.519393375762288612e-01,3.077513542724185161e-02,9.290165689419746520e-02,2.139629200818178936e-02,2.987578094150080375e-03
9.303452097374553809e-01,2.202236402629880602e-02,3.977328464310132816e-02,6.332894933165637147e-03,1.526246659978885761e-03
8.567517594561887551e-01,2.370768284322320035e-02,1.015752134453677819e-01,1.590676645032168893e-02,2.058577804898537814e-03
7.348189776127433959e-01,4.011728440881732333e-02,2.048582741570102173e-01,1.717578770230187429e-02,3.029676119127243904e-03
7.571761021107991096e-01,4.752755093180033308e-02,1.771513614409958304e-01,1.428969696239652115e-02,3.855288554008237840e-03
8.152253149476587080e-01,2.871352907795966802e-02,1.419300598831021998e-01,1.178716443860357982e-02,2.343931652675921174e-03
8.425901039989249774e-01,4.573795740064633131e-02,1.011373735019517883e-01,5.710136281121933229e-03,4.824428817354914183e-03
7.316177299138739709e-01,5.574156681833120769e-02,2.009737109900742724e-01,8.077097787271893606e-03,3.589894490448641926e-03
5.778455852971104978e-01,1.481341608815584243e-01,2.597819718192613814e-01,4.946855720513674767e-03,9.291426281556032160e-03
4.927140340074708247e-01,2.395989056362770875e-01,2.296808876309001102e-01,2.967451650667861460e-03,3.503872107468419816e-02
4.503908665032040903e-01,2.146216901608256067e-01,3.124739135433049486e-01,5.147842991049480892e-03,1.736568680161580669e-02
6.348075490563085399e-01,1.508231326736191591e-01,1.454740422456910487e-01,3.099402469975646307e-03,6.579587355440572050e-02
7.340667689703940235e-01,1.044903781883484428e-01,1.428504526980825251e-01,3.340954182915513611e-03,1.525144596025968836e-02
7.911940072731260543e-01,4.702569304010225520e-02,1.457069975788872762e-01,8.596733354299043728e-03,7.476568753585251768e-03
7.293462103578421951e-01,7.148070001993148126e-02,1.841615808790271480e-01,8.724815412056330377e-03,6.286693331142716862e-03
6.401378680430475088e-01,4.573522373941626973e-02,2.843271368593416892e-01,2.560303326380583555e-02,4.196738094388598704e-03
8.793863509412856994e-01,2.768856536961507991e-02,8.184000413976184884e-02,7.643775324794706977e-03,3.441304224542628912e-03
9.657180229026177676e-01,1.386876868754796134e-02,1.842799919670928127e-02,1.112332016917314068e-03,8.728771962076071122e-04
9.461736343291982099e-01,1.715755113209899152e-02,3.270392357890550272e-02,3.043138723946152077e-03,9.217522358512681693e-04
9.418818457014724865e-01,2.215538202296573472e-02,3.046435615780626605e-02,2.777222513917038463e-03,2.721193603838617785e-03
7.640314103113083899e-01,4.288589426432435486e-02,1.741348180764568654e-01,1.307568284098488756e-02,5.872194506925503162e-03
8.158021756703769389e-01,3.602264079965139532e-02,1.326993094720617106e-01,1.013819949003797599e-02,5.337674567871928018e-03
8.127955597320670744e-01,6.073830015801896798e-02,1.150590908824364600e-01,5.551283501761441162e-03,5.855765725716050377e-03
5.715531323435260047e-01,9.536230190464330125e-02,3.085509737539948172e-01,2.041636500620905986e-02,4.117226991626670406e-03
6.328213341187912677e-01,1.292352859625265638e-01,2.254586535194570696e-01,6.414028501314186781e-03,6.070697897910811575e-03
7.165104709594941612e-01,1.321148654587622207e-01,1.430087778609167581e-01,3.553989605254231302e-03,4.811896115572618718e-03
8.336593479292956355e-01,4.569545329499873770e-02,1.090685541472948827e-01,5.394683868035709227e-03,6.181960760375095586e-03
8.011931945785362164e-01,3.996877092948775828e-02,1.342352039407389841e-01,6.190506271667112551e-03,1.841232427956993392e-02
8.658194193782636772e-01,1.839035659734996123e-02,1.003863989595025347e-01,1.203750752552084670e-02,3.366317539363072181e-03
8.222263033350024619e-01,2.009754123872313503e-02,1.320081975312233091e-01,2.108872317360162285e-02,4.579234721449490161e-03
7.746993677043928495e-01,1.779805076377913298e-02,1.667291625108829889e-01,3.794227970454407128e-02,2.831139316401003365e-03
7.276992370106657448e-01,5.106765930105651441e-02,1.990205653643521422e-01,1.741018748104066968e-02,4.802350842884985267e-03
6.524592523675341038e-01,3.095608300373846669e-02,2.724438242106890229e-01,4.140311997632620949e-02,2.737720441712179764e-03
7.530080167193636820e-01,4.352124890789734607e-02,1.713817243487430475e-01,2.396925655834224525e-02,8.119753465653661850e-03
8.913889916567485638e-01,1.802169854498909818e-02,7.701889432368470845e-02,1.225049237027125287e-02,1.319923104306391405e-03
7.684047595844276657e-01,4.710736067386701864e-02,1.648378751224274796e-01,1.763967860351853614e-02,2.010326015759252623e-03
8.812412939802080070e-01,2.230613738794967951e-02,8.551263974561973402e-02,9.763896721996956352e-03,1.176032164225443172e-03
8.284425227187298679e-01,2.779109009664460644e-02,1.267633170275344334e-01,1.463849528037732863e-02,2.364574876713728454e-03
7.434602665085168205e-01,4.446273233533887953e-02,1.939628097836339216e-01,1.399120582553972300e-02,4.122985546970670163e-03
8.877345063066389708e-01,1.379192614830184252e-02,8.269285649024535334e-02,1.405230811720448864e-02,1.728402937609324359e-03
9.671986892250328260e-01,1.041954341077618550e-02,1.984101543389358777e-02,1.938580588238652744e-03,6.021713420587544545e-04
9.188868232137632486e-01,1.639487207939312879e-02,5.385461713779171600e-02,8.739578950565981413e-03,2.124108618486055325e-03
9.599385558755996195e-01,9.105010374662329126e-03,2.295607777397439334e-02,5.305088478433865780e-03,2.695267497329752356e-03
9.754234036501709948e-01,5.056578372992278497e-03,1.399771653984408643e-02,4.291777023326854429e-03,1.230524413665929620e-03
9.836167225264063063e-01,3.431018894422303237e-03,9.454965494552495381e-03,3.073376654644097237e-03,4.239164299747447584e-04
9.575626304537192546e-01,1.864952049130600212e-02,2.061040616920428031e-02,1.774332641505816776e-03,1.403110244264611306e-03
9.753728187395771521e-01,9.438461388103034505e-03,1.179638778217440009e-02,2.070811667597427519e-03,1.321520422547957851e-03
9.525000758619202035e-01,1.107000693899626645e-02,2.829791776218400223e-02,5.850160795793736546e-03,2.281838641105573152e-03
9.097508629391681811e-01,1.808955468734750605e-02,5.332640537171084300e-02,1.473493458732162351e-02,4.098242414451791667e-03
8.540726243240447380e-01,1.451874973807709517e-02,1.036771004159062759e-01,2.597485447406173986e-02,1.756671047910251951e-03
9.232529453131192998e-01,1.116756987433380026e-02,4.955177782500670702e-02,1.214150394360584417e-02,3.886203043934380839e-03
8.731796695565048338e-01,1.036797432462739123e-02,8.097171089043266046e-02,3.136982541935560975e-02,4.110819809079583644e-03
9.194450222640790926e-01,8.985723624506223792e-03,5.114607921837183158e-02,1.763380417636895015e-02,2.789370716673948269e-03
9.491594081522790605e-01,9.553229693138322667e-03,2.930038045337587591e-02,9.779712876019756168e-03,2.207268825187089743e-03
9.303370492874453168e-01,1.877526581754335525e-02,3.808493647756040767e-02,9.670779737758762942e-03,3.131968679692140409e-03
8.112840109916875653e-01,2.263102385435328961e-02,1.276328914130092362e-01,3.590837421645413918e-02,2.543699524495973956e-03
9.222936687251005461e-01,1.426776197201607907e-02,5.041017350113703721e-02,9.132744356811672154e-03,3.895651444934721420e-03
9.039507742502204124e-01,2.313934918965381005e-02,6.004840610530294553e-02,8.307772543721985564e-03,4.553697911101023399e-03
9.289285622293126377e-01,2.279833494645118128e-02,4.006098127513397361e-02,4.258316208333222906e-03,3.953805340768955928e-03
9.648295659233805388e-01,1.173160020046618880e-02,1.916771470863908033e-02,2.927068381576817570e-03,1.344050785937390318e-03
9.760876823869609753e-01,1.045343021698488459e-02,9.781484423371310244e-03,1.197015928616176851e-03,2.480387044066403868e-03
9.483966633576381700e-01,1.900959150395627878e-02,2.647244782867427468e-02,3.231933041575409116e-03,2.889364268155774663e-03
9.205211272953717216e-01,2.742755362295652699e-02,4.484554672306184653e-02,3.978421385161089868e-03,3.227350973448789816e-03
9.552033974927534032e-01,2.015339108079898522e-02,2.108202974416490197e-02,1.531056771965100174e-03,2.030124910317700898e-03
9.527350700133689898e-01,2.226672405090896617e-02,2.058985788878578416e-02,1.705724691702904632e-03,2.702623355233455850e-03
9.098067816069336233e-01,4.661925907346241293e-02,3.897848775639296826e-02,1.663668735162787508e-03,2.931802828048113863e-03
8.223868115266840251e-01,6.871721849838761942e-02,9.673027560101687961e-02,4.105954700137874093e-03,8.059739673773694615e-03
7.815862857563677935e-01,9.057076864302285313e-02,1.076910740535031163e-01,3.108919328838356203e-03,1.704295221826796630e-02
7.797213679135036601e-01,1.002748120151440298e-01,1.072586101310669671e-01,2.856207577074871759e-03,9.889002363210545876e-03
7.863008919609663083e-01,9.347079224219712046e-02,1.063614185867888806e-01,2.548157503601431503e-03,1.131873970644613724e-02
7.881850174130414777e-01,1.093886224857677780e-01,8.473397959314060701e-02,2.398713909138064544e-03,1.529366659891213259e-02
7.237603412871633779e-01,9.273619797092208517e-02,1.696343842998803142e-01,4.256427728342046524e-03,9.612648713692103358e-03
9.820809806819880139e-01,6.716946502247612971e-03,9.861454384590602820e-03,5.826670843931574303e-04,7.579513467806102845e-04
9.898789936121669131e-01,4.247549524761417249e-03,5.017254689226977211e-03,5.250142935466838934e-04,3.311878802980159991e-04
9.907752556684403800e-01,5.279154282252600076e-03,3.554418859604801563e-03,1.740798557392763670e-04,2.170913339629333022e-04
9.952172227706842511e-01,2.872472580492262811e-03,1.566947995016988683e-03,9.462795543319782259e-05,2.487286983732931497e-04
9.980201264099850533e-01,1.102013250739101568e-03,6.821075358136698477e-04,6.443646360885287722e-05,1.313163398533324889e-04
9.984938565956730239e-01,1.007070218778169726e-03,3.855712972577887763e-04,2.188632756844412737e-05,9.161556072251173964e-05
9.966997961910026849e-01,2.344358063022846002e-03,7.005333234929501289e-04,2.763094552246912218e-05,2.276814769591504019e-04
9.957365932339055092e-01,3.736857516095533609e-03,2.128088000271395196e-04,1.093710655138563505e-05,3.028033434205590064e-04
9.502390898524549767e-01,1.017972771703562658e-02,2.803722698235791219e-02,1.057406908163777831e-02,9.698863665138828189e-04
9.941043826553864760e-01,4.115462811216828373e-03,1.367714979889300469e-03,2.153211137760821232e-04,1.971184397311125038e-04
9.901298126016543355e-01,6.766737101155224053e-03,2.731537768015155840e-03,2.043765531189866032e-04,1.675359760562088803e-04
9.834865394460572396e-01,1.238353708022182052e-02,3.765494258390283434e-03,1.700419913528234881e-04,1.943872239779014053e-04
9.947604033030946757e-01,3.764233404234534376e-03,1.323533485375687994e-03,6.409614051977342028e-05,8.773366677535176454e-05
9.960998688337403539e-01,2.777013606504589224e-03,9.647475914268430035e-04,8.622233573096816132e-05,7.214763259740612496e-05
9.929920620580388047e-01,5.027070129012429882e-03,1.695495121685377474e-03,1.367550670071526352e-04,1.486176242563154264e-04
9.675959747901083929e-01,2.667562037924116336e-02,5.175773414202562706e-03,1.347007436243600001e-04,4.179306728234700118e-04
9.710548012238696680e-01,2.476103611166712015e-02,3.862909063560335688e-03,8.852042306583026560e-05,2.327331778370796665e-04
9.367970708691242265e-01,5.730685944816701904e-02,5.421566433208073639e-03,7.607728789165338454e-05,3.984259616091670713e-04
8.782565895521187160e-01,1.094572594056301279e-01,1.122035929864987486e-02,7.775558182082779369e-05,9.880361617806822459e-04
9.423816883731486183e-01,5.059679968280346440e-02,6.445268517545953667e-03,5.155986305910935353e-05,5.246835634427284185e-04
8.924716844609361655e-01,9.889294739607290552e-02,7.765743328485402372e-03,5.656772805908842931e-05,8.130570864463736646e-04
9.485589070622991725e-01,4.743319426026720159e-02,3.454302672922875649e-03,2.403978730302692887e-05,5.295562172075271752e-04
9.836843820681868689e-01,1.494729064610841353e-02,1.075375016659726492e-03,9.264004373476368185e-06,2.836882646715050207e-04
9.957235665683394910e-01,3.623716304407345601e-03,5.247839252077095111e-04,6.800792268458498591e-06,1.211324097768788296e-04
9.298361400074424132e-01,6.582703257725951163e-02,3.143382342263206612e-03,2.243991928390523410e-05,1.171005153751008806e-03
7.739706073156934485e-01,2.120662242666611907e-01,1.069630147862199107e-02,4.507364519023415180e-05,3.221793293833164970e-03
5.905354669667506329e-01,3.794595505822913606e-01,2.611998701315332988e-02,7.886829079819328270e-05,3.806127147006543518e-03
7.116920269758704176e-01,2.698385023562674401e-01,1.110168063692655929e-02,4.286761515018478646e-05,7.324922415785363808e-03
7.428924142078714432e-01,2.393122218953365188e-01,9.701796814156480459e-03,3.788402079704409833e-05,8.055683061838535275e-03
3.454759304324176439e-01,6.111006031805362726e-01,2.871332349342814449e-02,5.932391852752285527e-05,1.465081897509026496e-02
6.324057575465785730e-01,3.238700571821045981e-01,3.438875714640611536e-02,8.835192654791140159e-05,9.247076198362791377e-03
8.230207968340043090e-01,1.521427925679181281e-01,2.119309805694755827e-02,5.843635052593475600e-05,3.584876190603976040e-03
3.880059493182525521e-01,5.491677319288366110e-01,5.582068459931592563e-02,1.126273289066101224e-04,6.893006824688477363e-03
4.532031988735326089e-01,4.630163918304388559e-01,7.705885454253671996e-02,1.272090239420207915e-04,6.594345729549836929e-03
2.106000093252733407e-01,6.381142163407357293e-01,1.434427150186066702e-01,2.001315408949707253e-04,7.642927774489312841e-03
9.051071699247151270e-02,6.960040023015436894e-01,2.025772437344955934e-01,1.662703841784507084e-04,1.074176658731067907e-02
5.908728572105995114e-02,6.559933298175673055e-01,2.598076125282523519e-01,2.478422782723586773e-04,2.486392965484808537e-02
1.804602081262088875e-01,5.137343423639222362e-01,2.875528702580781859e-01,4.564589001550386420e-04,1.779612035163564282e-02
1.299933102729726453e-01,5.074806527456778849e-01,3.520421022883675755e-01,4.172243178553936460e-04,1.006671037512659773e-02
4.029649624961808563e-01,2.924350907280057754e-01,2.983658474656544768e-01,9.150458163649283130e-04,5.319053493793915281e-03
4.898727225935441965e-01,3.100091096946161473e-01,1.935761998123700645e-01,6.373562253919135218e-04,5.904611674077665795e-03
9.081497906941982112e-01,2.625068508278390750e-02,6.219509322979641791e-02,2.245374208689084310e-03,1.159056784532349130e-03
9.539464751810911025e-01,7.359807979352124899e-03,3.216447461242517153e-02,5.849183366537256262e-03,6.800588605944603727e-04
9.291014515645398264e-01,3.880794472868184103e-02,2.945416581995495206e-02,1.341165315921216336e-03,1.295272570902132299e-03
9.259842903208987952e-01,5.110095882250876437e-02,2.143290837929325357e-02,5.147401585222436933e-04,9.671023187768812597e-04
9.199577033239620949e-01,5.461331396591263820e-02,2.436106660609877600e-02,3.656227306862508343e-04,7.022933733402609343e-04
8.495643614371370944e-01,1.031170235199319191e-01,4.635324866999964571e-02,4.264934733673758529e-04,5.388728995640027419e-04
8.258774772491046523e-01,1.341701638399215302e-01,3.900691096954334025e-02,2.682388061109776812e-04,6.772091353194128072e-04
9.301443029062202994e-01,5.597566840071459965e-02,1.325806791952621397e-02,8.993878665881155571e-05,5.320219868801714762e-04
7.781728522972425344e-01,2.017424766441448525e-01,1.848279029963437528e-02,7.589916185730387224e-05,1.525981597120860175e-03
4.629726844549361120e-01,4.910123627594343843e-01,4.113085209739070908e-02,9.505315492455037435e-05,4.789047533314148321e-03
3.098115540653571531e-01,6.298224482977796690e-01,4.933429200915047386e-02,9.258149765005248733e-05,1.093912413006264614e-02
1.958654542298992052e-01,7.214313782312754553e-01,7.266897299441273106e-02,9.387630118947472150e-05,9.940318243223240230e-03
6.219193016604291913e-01,3.123687747129259562e-01,5.921309515211116425e-02,2.380848425769646940e-04,6.260743631956569577e-03
6.449081796652379461e-01,1.513060812369023678e-01,2.014137464797821075e-01,1.052042385140045935e-03,1.319950232937503560e-03
1.672691764110341428e-01,4.972999494149796806e-01,3.319654009477874812e-01,7.646879416864428049e-04,2.700785284512253418e-03
4.958643003145039169e-02,5.991850895254560161e-01,3.465654425380639836e-01,3.349548381108714942e-04,4.328083066918828915e-03
1.066431768226716453e-01,4.941904884023600175e-01,3.950330378900543393e-01,4.350082919252765070e-04,3.698288592988646564e-03
4.354320407808651150e-02,4.948289616848970951e-01,4.571323723146140661e-01,5.634272532424477618e-04,3.932034669159955795e-03
1.786570956361199780e-02,3.518098304473041282e-01,6.268783684757497365e-01,4.497754091959178411e-04,2.996316104138093284e-03
4.385413462199274637e-01,2.481571206631547066e-01,3.091241398282900676e-01,1.046197391520385135e-03,3.131195897107444566e-03
8.864079989314422869e-01,6.868944396737522440e-02,4.363646487694324005e-02,3.319940234554277650e-04,9.340982007837098219e-04
3.574037914000260385e-01,3.641734322010276581e-01,2.747722387092025320e-01,8.504862174661095885e-04,2.800051472277752078e-03
3.913180813664036140e-01,2.835809005845492115e-01,3.208411130700284941e-01,1.780851912115006533e-03,2.479053066903696284e-03
1.982649872071054475e-01,3.156322271910975141e-01,4.829843065207956032e-01,1.625555353837699691e-03,1.492923727163656279e-03
3.801540023827510439e-01,2.460639941728147428e-01,3.700030932274941398e-01,2.058308468466047217e-03,1.720601748474080445e-03
3.285073476890725819e-01,3.728576954941899557e-01,2.951248295083346851e-01,7.669438782869873739e-04,2.743183430115780398e-03
7.623208888285805396e-02,4.471801877187213115e-01,4.745210238411941561e-01,4.942642070835396705e-04,1.572435350142935978e-03
3.498488330981328054e-02,5.488110911301893324e-01,4.097966881621249446e-01,3.930257931973514681e-04,6.014311604675036220e-03
2.591145523815434337e-02,5.242408768267683428e-01,4.367360259188811655e-01,3.971658437386760905e-04,1.271447617245737016e-02
3.911655993228762007e-01,2.957628138339956081e-01,3.055287527833556172e-01,1.014878894376503721e-03,6.527955165395995726e-03
3.075124548166908167e-01,3.678063388914166176e-01,3.192375286379611765e-01,1.030159884613394581e-03,4.413517769317932757e-03
1.132855137318088123e-01,4.894495064850754029e-01,3.913905811791960065e-01,9.145914621425743976e-04,4.959807141777326095e-03
1.102595222994845608e-01,5.038473213778142945e-01,3.762263969802353003e-01,7.017271436807790514e-04,8.965032198785007067e-03
8.684521933378530623e-02,4.108360912207618121e-01,4.961031480732824850e-01,8.003338472520741317e-04,5.415207524918445522e-03
2.041156562621972148e-01,2.955486948994610619e-01,4.950004322214193175e-01,9.871915184318437887e-04,4.348025098490580428e-03
7.073507974314944269e-01,8.999149053311616964e-02,1.980248632084337934e-01,2.343143857267023216e-03,2.289704969688534375e-03
7.195116863328596679e-01,1.098307591571749953e-01,1.649721494216446760e-01,2.683045882268279923e-03,3.002359206052179676e-03
3.970891334687032814e-01,2.831826885911741254e-01,3.150041150897159858e-01,2.040097542489973347e-03,2.683965307916611007e-03
1.254492703550329491e-01,4.613876498412284866e-01,4.090518216504892002e-01,1.075900066319603965e-03,3.035358086929746541e-03
5.556456057699976636e-02,5.270165431237854303e-01,4.101528016269120336e-01,8.425124696490428680e-04,6.423582202653673953e-03
1.826900324559763977e-01,4.635053020168355964e-01,3.443985527176201544e-01,8.570872191781202893e-04,8.549025590389678145e-03
5.342594410820866724e-01,2.343217967871063512e-01,2.257740112115735887e-01,1.263128648119043107e-03,4.381622271114347066e-03
1.342346795093896650e-01,6.028141714443635557e-01,2.591174250068042362e-01,3.860509912865255533e-04,3.447673048155781503e-03
3.715248776175773121e-02,3.117043957897858708e-01,6.484076716042781463e-01,6.889771838088006592e-04,2.046467660369413397e-03
1.664287507213818851e-01,1.528665959740038438e-01,6.753301795831895271e-01,2.206703770672616399e-03,3.167769950752229516e-03
2.107285577932865583e-01,1.867983567489986396e-01,5.970224985923601180e-01,1.928368974887001170e-03,3.522217890467827742e-03
7.626829139687531234e-02,3.565868894443613990e-01,5.614149232942577950e-01,7.647396424425312051e-04,4.965156222062897667e-03
3.472286248121075197e-02,4.430394226650199996e-01,5.082628460777891544e-01,5.515787968229779849e-04,1.342328997915713182e-02
3.038349970551847828e-02,3.842989713208999625e-01,5.218630635866794432e-01,8.402481601837159374e-04,6.261421722671824119e-02
2.427924047517454956e-02,3.354276181947341007e-01,5.859176312932650177e-01,6.846787603139801569e-04,5.369083127651243237e-02
3.505601130034997903e-02,3.068452713438357127e-01,5.832810410528711520e-01,5.647500506295654666e-04,7.425292625231355581e-02
3.609589740642021177e-02,3.505235673020976050e-01,4.385070399758237425e-01,5.133478888485505784e-04,1.743601474268099416e-01
6.561424005200038323e-01,1.503347610954404445e-01,1.793424377137565751e-01,6.489902952271707319e-04,1.353141037557216431e-02
9.422928364034970361e-01,3.333115366150782993e-02,2.259630436098063536e-02,1.600179977639734760e-04,1.619687576250582921e-03
9.655395783332578752e-01,2.493736575563989394e-02,8.662722094253557520e-03,9.107628131913161158e-05,7.692575355296341717e-04
6.892201974134739562e-01,2.426494344868717901e-01,6.515049837004466271e-02,2.242643846175420858e-04,2.755605344991730876e-03
1.737826181656438873e-01,6.777427606999995024e-01,1.421644740872788637e-01,1.903317171718784881e-04,6.119815329905797796e-03
8.560933464677297766e-02,5.090954286516853333e-01,4.012010871019228708e-01,3.844507389474052664e-04,3.709698860671515382e-03
2.087985806391574328e-01,4.169496656037647297e-01,3.670402651085753476e-01,4.676621711116437708e-04,6.743826477390768050e-03
8.716649875387282309e-01,6.026607170611313069e-02,6.625647123327127463e-02,4.357510650732137540e-04,1.376718456814264233e-03
9.436945830607408325e-01,3.160699382423430570e-02,2.406291929302541502e-02,1.897148845936374420e-04,4.457889374057339500e-04
8.760598016326042181e-01,7.150484176103517886e-02,5.083911717850025935e-02,5.394732463519812983e-04,1.056766181508332668e-03
9.756600292800601260e-01,1.516742233637614380e-02,8.737949653312780673e-03,1.340361968411447045e-04,3.005625334097529315e-04
9.936689374812543996e-01,4.553050347408849410e-03,1.608312954360492739e-03,4.108931929335798088e-05,1.286098976827515798e-04
9.916172848116961980e-01,6.444559318539381382e-03,1.761864976186429356e-03,3.880399105577213753e-05,1.374869025222675916e-04
9.793358467122039723e-01,1.692018334432411966e-02,3.459487156305397684e-03,4.980937475553608244e-05,2.346734124109586491e-04
9.940476329377658793e-01,4.349738648899246531e-03,1.497465065470749606e-03,3.049610917294236136e-05,7.466723869104362351e-05
9.923819944369915991e-01,5.457093622230338101e-03,2.028020530983445317e-03,5.687520930864991398e-05,7.601620048588113689e-05
9.901701032442107309e-01,6.745878301107847280e-03,2.961434434564608458e-03,5.265062886367952681e-05,6.993339125323863863e-05
9.797188900988597071e-01,1.403437809963402685e-02,6.035024207044599291e-03,9.850016930419549577e-05,1.132074251574932249e-04
9.581659690979004163e-01,2.807607403204362070e-02,1.343001697436495105e-02,1.267709746332662177e-04,2.011689210578400193e-04
9.843244925720466831e-01,1.001867059305047193e-02,5.398613177797255240e-03,6.517791297448082216e-05,1.930457441311800206e-04
9.766128432873794063e-01,1.215387288935378986e-02,1.089355530562087331e-02,1.897008273710162657e-04,1.500276902750021749e-04
9.448060480696919283e-01,2.616583043525420177e-02,2.815352488328796282e-02,5.989501438609133111e-04,2.756464679049856954e-04
9.856773218503802614e-01,7.814420500212441653e-03,6.177134851962940224e-03,1.970123183241839510e-04,1.341104791200507372e-04
9.926065713901903731e-01,4.457375593842679423e-03,2.751418823825076566e-03,9.249980310133028023e-05,9.213438904069238427e-05
9.883496429830653796e-01,6.673404886783699391e-03,4.567030187721862061e-03,2.941338583505607920e-04,1.157880840784755559e-04
9.943051317527555888e-01,3.256553030549016146e-03,2.206611469038635004e-03,1.464459760874375861e-04,8.525777156947575062e-05
9.963002648927056226e-01,2.518718635421084324e-03,1.069217837342748651e-03,4.733146393468698411e-05,6.446717059588308709e-05
9.949350929594116266e-01,3.883726562463674266e-03,1.087225680473130141e-03,3.392534188279316455e-05,6.002945576883318034e-05
9.977141534972899795e-01,1.083639112879748907e-03,9.095751741079801268e-04,2.445342187952975537e-04,4.809799692703662028e-05
9.964382364572148543e-01,2.118777853510563948e-03,1.219607976678975915e-03,1.684245463440458765e-04,5.495316625160947811e-05
9.874809136934673548e-01,8.807843889318385522e-03,3.236066925951855671e-03,2.770080492478857459e-04,1.981674420146464983e-04
9.741787613453546379e-01,1.548327513727030397e-02,9.527158021649767897e-03,5.671018931654199643e-04,2.437036025598830465e-04
8.355431479892393432e-01,1.151624729136697944e-01,4.734383419532101067e-02,1.013903257591056151e-03,9.366416441789937770e-04
6.126381663564076652e-01,2.328557123447449195e-01,1.492647783696443020e-01,1.833520644441203251e-03,3.407822284761885534e-03
5.358229838613920437e-01,3.595424399140482730e-01,9.505433636132239184e-02,8.946048787725842302e-04,8.685634984464689692e-03
5.310694065001186903e-01,3.200288134317783584e-01,1.412564051879369731e-01,1.530245084497768547e-03,6.115129795668148086e-03
5.882800103456251595e-01,2.330767492351019654e-01,1.689039125138315778e-01,2.642997058945781210e-03,7.096330846495494012e-03
6.053255007874479565e-01,2.335684166271458917e-01,1.439935120768842114e-01,3.016941630069778450e-03,1.409562887845212074e-02
3.815525169402684824e-01,2.908674880958603270e-01,2.982876052567581260e-01,5.292947919608680975e-03,2.399944178750424914e-02
9.015323327641918683e-01,4.290730057801477038e-02,4.364741012547102006e-02,1.793207322218291549e-03,1.011974921010404781e-02
9.491135421541486705e-01,2.961959888082727615e-02,1.773679879910428775e-02,3.595245874170709404e-04,3.170535578502880081e-03
8.713919294294678597e-01,9.047133498914426697e-02,3.477644391542300539e-02,4.386986782692715923e-04,2.921592987695577869e-03
5.647502220248714622e-01,3.564073660993226089e-01,6.850085241401249192e-02,4.789039325159882344e-04,9.862655529277366412e-03
4.950065889560246180e-01,3.827460368911971278e-01,7.059652488221682121e-02,5.904801393111875837e-04,5.106036913125034521e-02
6.740058691566466198e-01,2.275584752229528607e-01,5.711639051143027612e-02,5.138989977382310559e-04,4.080536611123204010e-02
6.510623201693460649e-01,1.934524852284835728e-01,1.191330935688953430e-01,2.044035105683481533e-03,3.430806592759153006e-02
5.571220225972813855e-01,2.077578326770370409e-01,1.649092713968354218e-01,3.809273913809956696e-03,6.640159941503644137e-02
5.608649228645017359e-01,2.131828918962999087e-01,1.744362514254895746e-01,3.513026852160667374e-03,4.800290696154812381e-02
7.180953141094205128e-01,1.113037644174503377e-01,9.355268449262330033e-02,2.198498803802627875e-03,7.484973817670317886e-02
6.741260307284564490e-01,1.423538763120856532e-01,1.318943665786127539e-01,2.880518474838084531e-03,4.874520790600684467e-02
6.476942273522647842e-01,1.669442077440576322e-01,1.497389630103140856e-01,3.070272789834272396e-03,3.255232910352930109e-02
4.112797339030299648e-01,2.037510128603953197e-01,3.408916903230571616e-01,4.586379312375382308e-03,3.949118360114209358e-02
5.024958464896693844e-01,8.440037490388752062e-02,3.645699213033096742e-01,1.125750084712536479e-02,3.727635645600801267e-02
3.978855695143043714e-01,5.484805914073966754e-02,4.894737904763214464e-01,4.020760746965933163e-02,1.758497339897514833e-02
7.518811292056638562e-01,3.654016358858926811e-02,1.719473849274682498e-01,1.849349222635783205e-02,2.113783005192085285e-02
8.326939453400858948e-01,4.453104484161543586e-02,1.086561644151746303e-01,8.365636704452823411e-03,5.753208698671226883e-03
6.235660122226207580e-01,1.063245556737947156e-01,2.566970494269196212e-01,7.453419583268233381e-03,5.958963093396652672e-03
4.192949373257597312e-01,1.170689349769760551e-01,4.459986286721920878e-01,1.407490015946499806e-02,3.562598865607092668e-03
5.055884825777302582e-01,1.045659669175657697e-01,3.554289146965571300e-01,2.301517432913172123e-02,1.140146147901508270e-02
4.437516869019266785e-01,1.459538506674256664e-01,3.715942542106178692e-01,1.909513660764975210e-02,1.960507161237995052e-02
5.605671611041542768e-01,1.001860086909965170e-01,3.102315884022999182e-01,2.285153447436190019e-02,6.163707328187253455e-03
3.920696846625197352e-01,1.604036809609295511e-01,4.254190554158415738e-01,1.195869859678996491e-02,1.014888036391911434e-02
3.551820972399171161e-01,1.235572148600110054e-01,4.978506968869017557e-01,1.584723058473593363e-02,7.562760428434302760e-03
4.119370374097529042e-01,1.139776439285160037e-01,4.448663258724466218e-01,1.971655547901781866e-02,9.502437310266656847e-03
5.739956224758919756e-01,1.279550767477836415e-01,2.736169278447651565e-01,1.015277329399591477e-02,1.427959963756345041e-02
7.516363625364023138e-01,2.280554417937803724e-02,1.938730278193623868e-01,2.658320403060535422e-02,5.101861434251918348e-03
8.109455395687481527e-01,4.115071822430838022e-02,1.267365869560762859e-01,1.136434640878015642e-02,9.802808842087116711e-03
7.772545408065655304e-01,5.428276642740537117e-02,1.517287623098978189e-01,9.281139658263154804e-03,7.452790797868183784e-03
8.939120749414182221e-01,2.448217447051151407e-02,7.186540344675942937e-02,5.732809177916961714e-03,4.007537963393944733e-03
9.241215474236824656e-01,1.486053923307015419e-02,4.962316482186576727e-02,4.032469796773885048e-03,7.362278724607670619e-03
8.341357015499986094e-01,2.562753056721599199e-02,1.217227935668868388e-01,9.699860040848145432e-03,8.814114275050539266e-03
8.284683912545343087e-01,4.050563462318451657e-02,1.034762608137981543e-01,7.468054025424364015e-03,2.008165928305876910e-02
8.712520164407087098e-01,4.593627818002856550e-02,6.559102352941859060e-02,3.628841991688283412e-03,1.359183985815571455e-02
7.863591602334263353e-01,8.614877280967164763e-02,1.078969423352469648e-01,3.490651513599265544e-03,1.610447310805558294e-02
7.294654863525971145e-01,8.365091697174539820e-02,1.779666135821984518e-01,4.112998814293247936e-03,4.803984279165679147e-03
8.135396052700705205e-01,6.889106246888415663e-02,1.095793735237565736e-01,3.323003850280515422e-03,4.666954887008250771e-03
9.016675436145064060e-01,3.969893936761283160e-02,5.421081303298447285e-02,1.885792570355084626e-03,2.536911414541158979e-03
9.361080963992981507e-01,2.329951099903503423e-02,3.730940613762570579e-02,1.777710535273236596e-03,1.505275928767831235e-03
9.290403397434238153e-01,2.402910618865841327e-02,4.138788248605796555e-02,2.314486547953101443e-03,3.228185033906809387e-03
9.107591309359350795e-01,4.864876702587759422e-02,3.665688126584297490e-02,1.069933342075670216e-03,2.865287430268665964e-03
7.965689378496011441e-01,1.093982197114042876e-01,8.832940617141112061e-02,2.323970628779757283e-03,3.379465638803577643e-03
5.577633547482684362e-01,2.874488706976497387e-01,1.494406905481514003e-01,1.429642639048136956e-03,3.917441366882024566e-03
6.454990903927869672e-01,2.435539186140556478e-01,1.064538076371755460e-01,1.097706508751081136e-03,3.395476847230656427e-03
4.980771237010458985e-01,2.365965058050119307e-01,2.598166905792188008e-01,2.402064463426244623e-03,3.107615451296986096e-03
5.889581417058705748e-01,2.481358020476276127e-01,1.570302207762987179e-01,1.271168003538593501e-03,4.604667466664460335e-03
8.783445718598609231e-01,7.007014488037438538e-02,4.677135459316256183e-02,6.533136013892175973e-04,4.160615065212943005e-03
8.212197889920238580e-01,8.852857708550469773e-02,8.453339066778381428e-02,2.111260029589064925e-03,3.606983225098656098e-03
8.613769797664290184e-01,6.657121287922129760e-02,4.316719908451496085e-02,1.192608508261278066e-03,2.769199976157345894e-02
9.153497519912050517e-01,3.348292560677050556e-02,4.560467323609701529e-02,2.198897323646357115e-03,3.363751842281035177e-03
8.391493851748056398e-01,6.533493675135473855e-02,8.954764850854562974e-02,3.519604727963635514e-03,2.448424837330468676e-03
4.856665857595478530e-01,2.040891975210160081e-01,2.956621423962646489e-01,7.096611866820761068e-03,7.485462456350771426e-03
4.729447636911438546e-01,1.966768808635726007e-01,3.140738689155698760e-01,7.180351671057070770e-03,9.124134858656677768e-03
3.417722497029316853e-01,2.179586936604192005e-01,4.180290342290826633e-01,6.555870087609685232e-03,1.568415231995672066e-02
4.225529363547688710e-01,2.212434510018961298e-01,3.412172110294242611e-01,5.316339503949509514e-03,9.670062109961160071e-03
4.142908667359284647e-01,1.389528531274386858e-01,4.294581294975510777e-01,1.066067110368726714e-02,6.637479535394675591e-03
2.796553799369201898e-01,2.981788028595332984e-01,3.925744080965928307e-01,5.082901040558981433e-03,2.450850806639472135e-02
5.545923318104906130e-01,1.663663139761964171e-01,1.380701444449569659e-01,3.227512819596871363e-03,1.377436969487590979e-01
6.696360479921129594e-01,1.567672480776014510e-01,9.770464206062083601e-02,1.841146300325621245e-03,7.405091556933920960e-02
8.455983818867718327e-01,6.727752897250036113e-02,4.887705004998568747e-02,1.211781277921905641e-03,3.703525781282025059e-02
8.118417202566690083e-01,1.045310546806114682e-01,6.572617859105454874e-02,1.035457783184952699e-03,1.686558868848013829e-02
7.178676864554998094e-01,1.706528555555096305e-01,9.855674836220089385e-02,1.326407667485121795e-03,1.159630195930463729e-02
7.910981414810130952e-01,1.135095122841469351e-01,8.976245793278828100e-02,1.325084687976458815e-03,4.304803614075100072e-03
6.335960788989029036e-01,2.532539199970641475e-01,1.064106108244114307e-01,9.176816776213627194e-04,5.821708602000172025e-03
7.631387810006836636e-01,9.867730644594303879e-02,1.330084413988075198e-01,2.000349351502668342e-03,3.175121803063108133e-03
6.519534534145122739e-01,1.417079246978006357e-01,1.994905049764929550e-01,2.665543139888147325e-03,4.182573771306037462e-03
8.832112682241431978e-01,5.929262765832703230e-02,5.263910717189428101e-02,7.859833152078969740e-04,4.071013630427613821e-03
7.230424540815909573e-01,1.684205319977613025e-01,1.015110915004780179e-01,1.087769536779795024e-03,5.938152883390020349e-03
6.925053652023273054e-01,1.953192432799020772e-01,1.042688483807085176e-01,9.472137737684182884e-04,6.959329363293683540e-03
5.584690979407326283e-01,2.662824356431597317e-01,1.627314953161724531e-01,1.541231410105350615e-03,1.097573968982985988e-02
6.270647100297195298e-01,1.729621557244042651e-01,1.803227152804787736e-01,2.684556977847656414e-03,1.696586198754988437e-02
5.920758580490040890e-01,1.241648751683490509e-01,2.509853048017807731e-01,5.648370135781449232e-03,2.712559184508455193e-02
6.581430015442445436e-01,1.560319140698026852e-01,1.693342243854608631e-01,2.305045640858479055e-03,1.418581435963345641e-02
7.470148956544986341e-01,1.417689127138823668e-01,8.194740235060263278e-02,1.150351560491180789e-03,2.811843772052519813e-02
9.067160876752601295e-01,5.343593293220628287e-02,2.589770071545447264e-02,4.885862555623142044e-04,1.346169242151684826e-02
8.416863944986687773e-01,1.045718795126007045e-01,3.901682752865259091e-02,5.062528966863217694e-04,1.421864556339167730e-02
8.083264681975463883e-01,1.112859540082328097e-01,6.328078768549658117e-02,9.022995786456813536e-04,1.620449053007842755e-02
6.629341853742385382e-01,1.868865912456162404e-01,1.312107843705596077e-01,1.425797441834734947e-03,1.754264156775079547e-02
6.264929971896284755e-01,1.735620664934608981e-01,1.860580116601927569e-01,3.300195651480606132e-03,1.058672900523716792e-02
5.662800785602389864e-01,1.885622279022105552e-01,2.329195366993822847e-01,4.088466394613733852e-03,8.149690443554529276e-03
2.133060754645370594e-01,2.461587481794375587e-01,5.328128532369074133e-01,4.139433739718384291e-03,3.582889379399631195e-03
7.213118856276052870e-01,8.476263532771628750e-02,1.776599800749592839e-01,4.444919822738953655e-03,1.182057914698014453e-02
8.139058311434587134e-01,7.320055328530715444e-02,9.727459851722103368e-02,2.483909622654764410e-03,1.313510743135848889e-02
7.660410202833715099e-01,1.030833407736908153e-01,1.080959610326542308e-01,2.995542256843152992e-03,1.978413565344040378e-02
5.529757695109273063e-01,1.672483157539555176e-01,2.631117617559049493e-01,5.485262855438846792e-03,1.117889012377339640e-02
8.208942984428360123e-01,5.776714558883794953e-02,1.081367913624548538e-01,4.544934239395329555e-03,8.656830366475841768e-03
6.438892831027401842e-01,1.006908222909430883e-01,2.344800181402529882e-01,9.276495368414306927e-03,1.166338109764952259e-02
4.504353272990452850e-01,1.715463078260363872e-01,3.612941586479584966e-01,6.698842233920357034e-03,1.002536399303952282e-02
5.531166781828873447e-01,9.327981126082707242e-02,3.193429969677166747e-01,1.008169630280680851e-02,2.417881728576218650e-02
6.398860501626616459e-01,8.108245480433427799e-02,2.648529660936546626e-01,6.695041656853092417e-03,7.483487282496308068e-03
9.427206637813664303e-01,1.717710251296652307e-02,3.608346589580618824e-02,1.639156063121217574e-03,2.379611746739487312e-03
9.131397606662935429e-01,2.196035280569105103e-02,5.924843847859572604e-02,2.728051996422967140e-03,2.923396052996764510e-03
9.440653742658687841e-01,1.852219187486962501e-02,3.438328024062797805e-02,1.408851048631750130e-03,1.620302570001867651e-03
9.199670873623224665e-01,2.818252586318050618e-02,4.830989557938250578e-02,2.230275136209909984e-03,1.310216058904497714e-03
8.838889088196111299e-01,4.981105678837151329e-02,6.166099674052082091e-02,2.480869765831776163e-03,2.158167885664709872e-03
8.593636381072782271e-01,6.241020185425173727e-02,7.258845802419426618e-02,2.827253204170283602e-03,2.810448810105461125e-03
8.023694777149730228e-01,5.953459971027898201e-02,1.303681311252954389e-01,3.418967691448402194e-03,4.308823758004160127e-03
9.366409154449185648e-01,1.379112160217152612e-02,4.382801873908483137e-02,3.006794248312699529e-03,2.733149965512428076e-03
9.107035349024791282e-01,2.744307397073396035e-02,5.121748854410149154e-02,4.045593123898134913e-03,6.590309458787375202e-03
9.186730409321121060e-01,1.166491900609352254e-02,5.460131976536770904e-02,1.069350302736581104e-02,4.367217269060777625e-03
9.043851923794878900e-01,1.366607124926498031e-02,6.025192136426886502e-02,1.488667795588495199e-02,6.810137051093208618e-03
8.426834214779075349e-01,2.389275816397471927e-02,1.109586591338876244e-01,1.136990672889465724e-02,1.109525449533532888e-02
9.686836018815644378e-01,1.046701984135697469e-02,1.844731195253449668e-02,1.475573421977499806e-03,9.264929025666007820e-04
9.509168557322466020e-01,2.392055639936466194e-02,2.087981145781163048e-02,1.404259594427655685e-03,2.878516816149315899e-03
8.981213988095066991e-01,2.975268089331406171e-02,6.586968623183167559e-02,3.705629660835908345e-03,2.550604404511609691e-03
9.361270231653647800e-01,2.312604495564728538e-02,3.708036935916404764e-02,2.318082680993778684e-03,1.348479838829879556e-03
9.258557585165659853e-01,2.015716622585553286e-02,4.595568062410804872e-02,5.106846069657298981e-03,2.924548563813243827e-03
9.052823714365922925e-01,2.126415028295620957e-02,5.953266698758553910e-02,9.210845042411604233e-03,4.709966250454427489e-03
7.404090344737402907e-01,6.942406248244409328e-02,1.571077071096216582e-01,8.394978274317319716e-03,2.466421765987662773e-02
9.269369757643919350e-01,1.683586978144127611e-02,4.041196582568676310e-02,3.556728919395382195e-03,1.225845970908460286e-02
9.366874157176807714e-01,1.501854938330466835e-02,3.374791000988505013e-02,3.232239385983270551e-03,1.131388550314616631e-02
9.088192399406369582e-01,3.654997305460776919e-02,3.827225171921837255e-02,2.290667996185422918e-03,1.406786728935135317e-02
8.625205522363603716e-01,6.688928663160520482e-02,5.295063759296541467e-02,1.532344129247194915e-03,1.610717940982180074e-02
8.548782206618446011e-01,6.855819041824465221e-02,6.995224492091464685e-02,1.411056691046014408e-03,5.200287307950044423e-03
8.892386166428718486e-01,4.267423557974760195e-02,6.360865186512995595e-02,2.513011109867969647e-03,1.965484802382681546e-03
7.691621466813244323e-01,1.269109452910868741e-01,9.605139702549496394e-02,2.102755238103455777e-03,5.772755763990283437e-03
7.097851915178531312e-01,1.493625870602316441e-01,1.258815826036093488e-01,2.281072198730566599e-03,1.268956661957532962e-02
7.426848388069536844e-01,1.068867596183253610e-01,1.414435350359481702e-01,3.070914574840096639e-03,5.913951963932743278e-03
7.615469905918195170e-01,9.689155824495349068e-02,1.146687484641941285e-01,3.337895986846028951e-03,2.355480671218690772e-02
8.067252812022372987e-01,4.586807536549913911e-02,7.795385232490961713e-02,4.660067145725275972e-03,6.479272396162875924e-02
7.254100523349483742e-01,6.303744914610652506e-02,1.696549320323831878e-01,1.254603499282637771e-02,2.935153149373544157e-02
7.438992194453747375e-01,6.395299407976748340e-02,1.544751132228731061e-01,7.493526298007389952e-03,3.017914695397729691e-02
6.753965826620115243e-01,6.337385523579841529e-02,2.207562908400245438e-01,7.464890142807479451e-03,3.300838111935796432e-02
9.158591578334325245e-01,1.157054196119299688e-02,5.757034562107188336e-02,3.098172628141337721e-03,1.190178195616135685e-02
9.203914770428180958e-01,1.438548024358514074e-02,5.636579727594102224e-02,4.588891711726315360e-03,4.268353725929315695e-03
9.513181308770436440e-01,1.338595829243104107e-02,3.058079773379683564e-02,1.849013757727142361e-03,2.866099339001298377e-03
9.366822781479606785e-01,1.831090989273709280e-02,3.648769874979888861e-02,2.296985544830269961e-03,6.222127664673090912e-03
9.487938037348270237e-01,2.055749965409843852e-02,2.499144530564429562e-02,9.938073970860569414e-04,4.663443908344087202e-03
9.350035937674687769e-01,2.773801545751064523e-02,3.241825188925163276e-02,9.720509761006321985e-04,3.868087909668230153e-03
9.703529524508194282e-01,9.279156555239470930e-03,1.885867610065978042e-02,8.337207168043244809e-04,6.754941764769195655e-04
9.201294691454701136e-01,1.405431895590256511e-02,5.724936976580020931e-02,6.511341281374294875e-03,2.055500851452731273e-03
9.186903030697689543e-01,1.584840511970157448e-02,5.265411956912653679e-02,4.232290661325684850e-03,8.574881580076998064e-03
9.236535682365856204e-01,1.456790592444608297e-02,4.740804513543223075e-02,3.254102244589517946e-03,1.111637845894668589e-02
9.010864885979494865e-01,3.156558016274781109e-02,5.547572246402010521e-02,2.635732017849622393e-03,9.236476757433019491e-03
8.930780507752003050e-01,4.692315844360332722e-02,4.425942731095453692e-02,1.458518610882802470e-03,1.428084485935921834e-02
8.964777376212788029e-01,3.107084100609397437e-02,3.282476620928336669e-02,1.447821720827801271e-03,3.817883344251603306e-02
9.267049196524297372e-01,1.711154978999454568e-02,2.683732390038723326e-02,1.288390133511611423e-03,2.805781652367677140e-02
9.139657067880615493e-01,1.506375884498261861e-02,3.814886376924003092e-02,2.298493102691094320e-03,3.052317749502488423e-02
9.620478006184098874e-01,1.123381367118000962e-02,1.759674627371574790e-02,9.899648721017726034e-04,8.131674564592643664e-03
9.472965736029902439e-01,1.998081595149777193e-02,2.402509525993118400e-02,1.012998066154077639e-03,7.684517119426644872e-03
9.425190251941590880e-01,2.051381967428003716e-02,2.786491628196842776e-02,1.675617301240535676e-03,7.426621548352115888e-03
9.833784152982446569e-01,8.681439978322765677e-03,6.804128738576748804e-03,3.369562118319685421e-04,7.990597730239521086e-04
8.595144200528271883e-01,4.037000965559391780e-02,9.455423903220488979e-02,3.620578192087312366e-03,1.940753067286802788e-03
9.179681108951832647e-01,2.898631516200202499e-02,4.814689329316043653e-02,2.539422798978889506e-03,2.359257850675474527e-03
9.510515004901566316e-01,1.329851303178862174e-02,2.962689930629106017e-02,1.640427021317924713e-03,4.382660150445880608e-03
9.509176023593339799e-01,1.844808701919266672e-02,2.181780396516540266e-02,1.053500647336097018e-03,7.763006008971777561e-03
9.342923653408021778e-01,1.433081390753868610e-02,3.880183483506521175e-02,2.967684245718202676e-03,9.607301670875686983e-03
9.328334612828459438e-01,1.374364579300669728e-02,3.591307739561851176e-02,3.582421835925342531e-03,1.392739369260357664e-02
8.443331172318382372e-01,2.713407420166050188e-02,9.994714363097842447e-02,1.044260670212369610e-02,1.814305823339922366e-02
8.183147530392149704e-01,4.665053952251210778e-02,8.166631865339114837e-02,6.533969877816604710e-03,4.683441890706522420e-02
8.586525973009418999e-01,2.949379222057833122e-02,7.762792619826383578e-02,5.235626571917789338e-03,2.899005770829807607e-02
8.464274343304544201e-01,2.694426550902560141e-02,1.031012531226670192e-01,1.202199878073708511e-02,1.150504825711579603e-02
9.049469658717603782e-01,2.842434361976533055e-02,5.137782152391635881e-02,4.399822433401831198e-03,1.085104655115615678e-02
8.854627604728522172e-01,2.296637720807576111e-02,7.531604798166612047e-02,7.724925826343731830e-03,8.529888511062157230e-03
9.381909672672924527e-01,1.205377015375998055e-02,3.292520397309552788e-02,4.745804617131138027e-03,1.208425398872082016e-02
9.400348559109505953e-01,1.629881147772279174e-02,3.051214040213262590e-02,2.878215072987142745e-03,1.027597713620702520e-02
9.279747668668295590e-01,2.329737687695763657e-02,3.589323092610441357e-02,1.664432161621377500e-03,1.117019316848685308e-02
8.547722976637557313e-01,4.140187316392785616e-02,6.941076489114596237e-02,3.459284921033618267e-03,3.095577936013699585e-02
8.737709902024911601e-01,5.416732452052317598e-02,4.140510810549222209e-02,1.797000805714293230e-03,2.885957636577916180e-02
8.454829377672160584e-01,3.842768042040393961e-02,1.017927179734103293e-01,6.397809583801468934e-03,7.898854255168183749e-03
8.824096438288081545e-01,3.517907156175824335e-02,7.023206667955292359e-02,3.361485616292798906e-03,8.817732313587945542e-03
8.908410237481327876e-01,2.416291480067388545e-02,7.432332141459621622e-02,5.466737089588877274e-03,5.206002947008468544e-03
9.297698777418458294e-01,1.564686018788659719e-02,4.613008441390097081e-02,5.735006089190670432e-03,2.718171567176097449e-03
7.872149441287714655e-01,4.016520182040655279e-02,1.487349136326227561e-01,1.742546847799346724e-02,6.459471940205742738e-03
8.701664809770957021e-01,2.656379806723352041e-02,8.332628005664564907e-02,1.112783678401430866e-02,8.815604115010965483e-03
9.150523445891948215e-01,1.472954883348126000e-02,5.401165714143999624e-02,7.998681337475103958e-03,8.207768098408849480e-03
7.818484139997810001e-01,2.822291646559816139e-02,1.689059611513299419e-01,1.730592661926460413e-02,3.716781764026305061e-03
8.285220846017007368e-01,4.639750935776978946e-02,8.786047368354456266e-02,5.531133725881712954e-03,3.168879863110334039e-02
9.374599686042262014e-01,2.336057058524076621e-02,1.907447069218288702e-02,1.100193309487072866e-03,1.900479680886308503e-02
9.741701363405611547e-01,9.592316364417459787e-03,9.790614007044003836e-03,9.014548373379385618e-04,5.545478450639492254e-03
9.271530565161831827e-01,1.319974053745024724e-02,4.545065754636662403e-02,4.869434176145533665e-03,9.327111223854446173e-03
9.120485673861919995e-01,1.520400207945920776e-02,4.757358919124592134e-02,6.955806464588376592e-03,1.821803487851440459e-02
8.451690658437306380e-01,3.257482709756167466e-02,8.428835626559574856e-02,8.165602651118021582e-03,2.980214814199390327e-02
8.668903600163365697e-01,1.403263981355954391e-02,5.178465539366490511e-02,1.199970838044042351e-02,5.529263639599841379e-02
8.594051652196651458e-01,2.346577517820824105e-02,8.258402575904638665e-02,1.144140570883152123e-02,2.310362813424860634e-02
8.111440380779090242e-01,3.867012639682534253e-02,1.220871242282098451e-01,1.301455734653591753e-02,1.508415395051984804e-02
8.455525714808695970e-01,3.091778148578791865e-02,1.013477539521772386e-01,1.383359671054195175e-02,8.348296370623233334e-03
9.151607316861208874e-01,2.698583410529315288e-02,3.389550703119858371e-02,4.723379404580852099e-03,1.923454777280660805e-02
8.934465350684286378e-01,1.869180989654119565e-02,5.773102821460426859e-02,8.163765576152380923e-03,2.196686124427360207e-02
8.086208173443419911e-01,5.466975141743116162e-02,8.988758684478719008e-02,4.953430460918784896e-03,4.186841393252090787e-02
8.505150827805755265e-01,2.467706178778979881e-02,2.657589830203270498e-02,2.629178311934094250e-03,9.560277881766791885e-02
9.388237737149351947e-01,1.629925892002274598e-02,1.419899856200871127e-02,1.713264973679658318e-03,2.896470382935353166e-02
9.646818396082621483e-01,1.037626675549804117e-02,1.689621455993657942e-02,4.506983540492837115e-03,3.538695535810269539e-03
9.338994341686891465e-01,1.466078878513016326e-02,2.270366316527062944e-02,8.270050790936032958e-03,2.046606308997407989e-02
9.153423472231680957e-01,2.771945996811769550e-02,3.138386650461279237e-02,4.271847715524862941e-03,2.128247858857650054e-02
8.779416590536517351e-01,3.111968365505555015e-02,4.908073638861683297e-02,4.132839925155876518e-03,3.772508097751998968e-02
8.352422739294325105e-01,6.428514561724879561e-02,5.565065721721881853e-02,3.068869952295028534e-03,4.175305328380490150e-02
9.005676289973637560e-01,2.123283113653381959e-02,3.891462582443270396e-02,4.880433684648572204e-03,3.440448035702117074e-02
9.601564561599175152e-01,1.134743295908778073e-02,1.757684560254231532e-02,3.373734223216937750e-03,7.545531055235318342e-03
9.882910315280453162e-01,5.288895157040625350e-03,4.559563112749752227e-03,7.381171655733184504e-04,1.122393036591077782e-03
9.592278948992931653e-01,1.086738143278265234e-02,2.397565348033399088e-02,3.762205256675903858e-03,2.166864930914314501e-03
9.367928403789491654e-01,2.344953154849162280e-02,3.127974160060487119e-02,2.665186318864273471e-03,5.812700153090044619e-03
8.453955286324706941e-01,7.022947747278182606e-02,7.410794175849351462e-02,2.256562297443005273e-03,8.010489838811011079e-03
9.359680858406285164e-01,2.813701866653278705e-02,2.995749272618795922e-02,1.474306214674820335e-03,4.463096551976067881e-03
9.619420608005124773e-01,1.975189480975046014e-02,1.346298392750640456e-02,8.502309847112526388e-04,3.992829477519415325e-03
9.467107916748509489e-01,2.716518153381700801e-02,2.216153242624110953e-02,5.907478294454707223e-04,3.371746535645299934e-03
9.451011543695015948e-01,1.595914852152893401e-02,3.199128163317407902e-02,2.452025838013145893e-03,4.496389637782232350e-03
9.479885725436343336e-01,2.147580976726507981e-02,2.170251612547098932e-02,1.452991176496331053e-03,7.380110387133162822e-03
9.540025468636076367e-01,1.108209759989811985e-02,2.604331119771222114e-02,2.885507533512219475e-03,5.986536805269841895e-03
9.454251627500173116e-01,1.277163088680237021e-02,3.345539393721718574e-02,5.491406507229191700e-03,2.856405918733910792e-03
8.206161959065437772e-01,4.342119166114289525e-02,1.099175893261816195e-01,9.417787763287683439e-03,1.662723534284387197e-02
6.486133543791144929e-01,1.559298391668441086e-01,1.590916004915307880e-01,4.060328100668707946e-03,3.230487786184185750e-02
6.875326823870732129e-01,1.400782811959006002e-01,1.410423901859699514e-01,3.296839248213747058e-03,2.804980698284262677e-02
6.566753295660544554e-01,1.533675237090687260e-01,1.514907660140034917e-01,2.659918660120720937e-03,3.580646205075260075e-02
6.591494673115890768e-01,2.038699580423045943e-01,9.380309136943482118e-02,1.074118336671076425e-03,4.210336494000051916e-02
6.475527150272629706e-01,1.874629497147972113e-01,9.721907059464601764e-02,1.235791493100010232e-03,6.652947317019385076e-02
7.239353857937895764e-01,6.129223592587842995e-02,1.767013147093065839e-01,7.952418571365436895e-03,3.011864499965991038e-02
6.498213442776653581e-01,1.047312764682446495e-01,1.878334872558215796e-01,3.981538668082067710e-03,5.363235333018649686e-02
8.298068029194834994e-01,7.220080762897666815e-02,7.027897263513957493e-02,1.438757839019044055e-03,2.627465897738121697e-02
8.565539232030553451e-01,5.840068215955462189e-02,7.236955048601102780e-02,1.007511830734135558e-03,1.166833232064488045e-02
7.544096293933615360e-01,6.348459563498509706e-02,1.579873264630407559e-01,3.271140615824777529e-03,2.084730789278786342e-02
5.071607170479306426e-01,2.512340025040362690e-01,2.098876241470325477e-01,1.565619907070748022e-03,3.015203639392971882e-02
3.648076464507003513e-01,3.073166323253383458e-01,2.500200679083785515e-01,1.418161280875750207e-03,7.643749203470705245e-02
6.767135201704999048e-01,1.050581485785266472e-01,5.278307480178014155e-02,4.268242454230641598e-04,1.650184322037701601e-01
4.059102743579922068e-01,2.448621264060381886e-01,2.153019582542860522e-01,1.163793861636468327e-03,1.327618471200469885e-01
4.509943760826805592e-01,1.625585122736847299e-01,2.334251155197681060e-01,1.354401588904240780e-03,1.516675945349623966e-01
4.732898885215346962e-01,1.771739709819659669e-01,1.747531476530850281e-01,1.009446774682617315e-03,1.737735460687316880e-01
3.358023111595120347e-01,2.097472513451517362e-01,1.538933493199262648e-01,7.675418411518759648e-04,2.997895463342581390e-01
4.800361628061722841e-01,1.230198768862261344e-01,1.683187671844497968e-01,1.477027428902694941e-03,2.271481656942491711e-01
5.287992180964633526e-01,1.431815626286815635e-01,2.181652224599241463e-01,1.983158362820819885e-03,1.078708384521101099e-01
4.135828824287069994e-01,2.112415279234247101e-01,2.865744804985956851e-01,2.043373924069576738e-03,8.655773522520306129e-02
7.945313546886512146e-01,5.469798075663069581e-02,1.315430903805072105e-01,4.532609294009369745e-03,1.469496488020147727e-02
9.102742567361192805e-01,3.597368931408864712e-02,4.291634027091557890e-02,1.103316799816883098e-03,9.732396879059589806e-03
7.805023522809705350e-01,8.183306321348143841e-02,5.655984429010520176e-02,1.153890954354120767e-03,7.995084926108866896e-02
8.334498654887323443e-01,2.519719859526765512e-02,3.230041659633157286e-02,9.959296889499097069e-04,1.080565896307184026e-01
5.660538393845013783e-01,6.815502137267268057e-02,2.029926502118107878e-01,4.925292654066584265e-03,1.578731963769486046e-01
4.144924512123939198e-01,5.387270814103051891e-02,2.569823661732089648e-01,6.715712415951787320e-03,2.679367620574147346e-01
5.544785891991038662e-01,5.920608341441317701e-02,9.748403621258786012e-02,1.653506495246706608e-03,2.871777846786485178e-01
7.842735329198390337e-01,5.350669498726173812e-02,7.539042081682381657e-02,1.194643627746562421e-03,8.563470764832881166e-02
7.407170242564781182e-01,6.331974980128950159e-02,1.303072340993243206e-01,2.312160322019447736e-03,6.334383152088884916e-02
6.910631238525400954e-01,8.570371258329417818e-02,6.901691161710826750e-02,1.025291697193616864e-03,1.531909602498638667e-01
7.420760774629288070e-01,8.382164645266548808e-02,6.996230633419422973e-02,9.612898947280795400e-04,1.031786798554835266e-01
5.680524212058827294e-01,1.562986456342491670e-01,1.026111178245081856e-01,1.173614167229646704e-03,1.718642011681302817e-01
3.632571313468441754e-01,5.936940708862629285e-02,2.144940872173408189e-02,3.595606217610808060e-04,5.555644922210342118e-01
4.576684554023610629e-01,1.278300001958726229e-01,3.173673068079058135e-02,3.834944422190284430e-04,3.823813192787567927e-01
7.986487828518487042e-01,4.440972866904002031e-02,1.595969463217711964e-02,3.849134148105533304e-04,1.405968804321235666e-01
9.386906199510069992e-01,1.385946722527006333e-02,6.070390378451079663e-03,3.091012395757447616e-04,4.107042120569603244e-02
9.001030091630580765e-01,1.798671322886824173e-02,1.072066741945889440e-02,5.196401010914466611e-04,7.066997008752329279e-02
8.539569152093946514e-01,1.500438255053350434e-02,4.888228505491053200e-03,2.465149300387999660e-04,1.259039588045419156e-01
7.668412800787844930e-01,2.183618663200335638e-02,3.939246852168473353e-03,1.404328327979130822e-04,2.072428536042457969e-01
8.287871746899201364e-01,2.381949665175490255e-02,3.991335072290508150e-03,1.269392865566918804e-04,1.432750542994777887e-01
8.980316226598524798e-01,2.460094009431441214e-02,8.317208880919411615e-03,3.032108270391804588e-04,6.874701753787444691e-02
9.206815189146918543e-01,1.418744562876826654e-02,5.627919809562262170e-03,2.327735695284771970e-04,5.927034207744922428e-02
7.495463911879652885e-01,2.876096114812551341e-02,2.115767171783796557e-02,8.583305361769160476e-04,1.996766454098943266e-01
7.637133194118936874e-01,3.208903295795771660e-02,4.425571100295577764e-02,1.560195513257395250e-03,1.583817411139354647e-01
8.918969427917563531e-01,1.922349683219626640e-02,4.214896913840630172e-02,2.506486762215157788e-03,4.422410447542601819e-02
8.583735380496744227e-01,1.875623827505275981e-02,4.186124403498756724e-02,3.274317153059560798e-03,7.773466248722547822e-02
8.086608446606357026e-01,4.125452415008758200e-02,3.385639850932446043e-02,1.530916757886894089e-03,1.146973159220654320e-01
8.556776730929352981e-01,5.019010652784283710e-02,2.616837535346906371e-02,7.223803232648219261e-04,6.724146470248784646e-02
7.200361055489910012e-01,9.083579605163775994e-02,5.661515350547660641e-02,1.318293670162510017e-03,1.311946512237321949e-01
6.743964990254749381e-01,5.000880302622690010e-02,2.905594583754599752e-02,6.728965226655745334e-04,2.458658555880865459e-01
9.867179241777298548e-01,6.327085686790623158e-03,1.614497175194358264e-03,5.267576052693548848e-05,5.287817199758126918e-03
9.710760361912040839e-01,2.110410038775998795e-02,4.152057643300361561e-03,7.888132084173573992e-05,3.588924456893827740e-03
9.754792873324557023e-01,1.503306645960831960e-02,4.861949526477032935e-03,1.255440900624902375e-04,4.500152591396470309e-03
9.306755779205132528e-01,3.765239718153172432e-02,1.036146945884789533e-02,3.520978390363729859e-04,2.095845760007064573e-02
9.001058445966135801e-01,2.836710946663542968e-02,6.242829474516891144e-03,2.160100619397540395e-04,6.506820640029419012e-02
9.217705213181771606e-01,3.262802516974296768e-02,1.775815358271692901e-02,4.147018339302084296e-04,2.742859809543275740e-02
8.137632671812675689e-01,9.739710247783345265e-02,3.436722194768926375e-02,6.515645057890099429e-04,5.382084388742079673e-02
7.901820619503155951e-01,4.113551208814018173e-02,1.794524145573608495e-02,4.939310890245385798e-04,1.502432534167837674e-01
6.604840193110383950e-01,1.233458482141464030e-01,3.881523499130538901e-02,6.249892561281907618e-04,1.767299082273816602e-01
7.826862436661728983e-01,5.678493535304865447e-02,3.895278723150456812e-02,1.293497455459880971e-03,1.202825362938139686e-01
7.340384563662649686e-01,6.049994683575640048e-02,7.860653352722610232e-02,2.248997985585097018e-03,1.246060652851673362e-01
8.139566574830855439e-01,4.705403509604159928e-02,3.735563572194992160e-02,1.165993460886463693e-03,1.004676782380364841e-01
9.205687816532566181e-01,3.123084787451305133e-02,1.877692241939099560e-02,5.382349018691734823e-04,2.888521315097017372e-02
9.924937293752719158e-01,3.409079168315239973e-03,1.606355822720128201e-03,5.498382195301622133e-05,2.435851811739755436e-03
9.837111909670605003e-01,6.711504613172639480e-03,3.071459752327299324e-03,1.818873154295267791e-04,6.323957352009927993e-03
9.791881041210956926e-01,7.056709016317822512e-03,4.675072016435551439e-03,2.883515658497471084e-04,8.791763280301231193e-03
9.073114629927389041e-01,2.754550944902895912e-02,3.878066904471061394e-02,1.405006032020164608e-03,2.495735248150137559e-02
8.510458013117923048e-01,5.380628846091618789e-02,8.245325496062991255e-02,1.993158340270695383e-03,1.070149692639088893e-02
9.599652299166894220e-01,1.042174333021186547e-02,1.556178546301914718e-02,9.935220957837734290e-04,1.305771919429580229e-02
9.289843888836214481e-01,1.963527237004468115e-02,1.755499570243902047e-02,7.771736641367796771e-04,3.304816937975808139e-02
8.773098692970819901e-01,2.134773714712289230e-02,1.471399651636584420e-02,6.226974300337020799e-04,8.600569960939553893e-02
8.632427670721941615e-01,3.729221107457617035e-02,1.958031965344404421e-02,8.711761890899037642e-04,7.901352601069588921e-02
9.107312555999679260e-01,2.153065201494523337e-02,1.659776799037580158e-02,1.030821998848049318e-03,5.010950239586311333e-02
9.358741652103638176e-01,5.490067140729876921e-03,5.448739654547169256e-03,5.619153521588085868e-04,5.262511264220037094e-02
8.963785839651491338e-01,1.390407034017965109e-02,5.597740330605481714e-03,3.068106520979902146e-04,8.381279471196778630e-02
7.877033153898898021e-01,9.302283245311987470e-02,2.068586747680941501e-02,4.183881825504417291e-04,9.816959649763061513e-02
8.648165528064852836e-01,3.444787711201852815e-02,1.372920330757177246e-02,3.641556988413054206e-04,8.664221107508321418e-02
9.860087471142382487e-01,6.861705966318728221e-03,2.068850889422974623e-03,7.737347370412272737e-05,4.983322556316021126e-03
9.624657259667376286e-01,2.279485279529188529e-02,6.565191056281260637e-03,2.273308931129658329e-04,7.946899288576208392e-03
8.243446349410639140e-01,1.044040704471838610e-01,3.713013101299096619e-02,6.798046020355860957e-04,3.344135899672572715e-02
5.511249800465620741e-01,2.742444880329023560e-01,1.378776745473211385e-01,1.885354677297350042e-03,3.486750269591711721e-02
7.051016130270720828e-01,1.094577585962693833e-01,9.086410164096951625e-02,3.125485454061198692e-03,9.145104128162792612e-02
6.353220150156337898e-01,1.073702454530702788e-01,2.124826206629897296e-01,3.538623426480766356e-03,4.128649544182545067e-02
5.237379498585753579e-01,1.631962297166629772e-01,2.819595033283602281e-01,3.026493065810325830e-03,2.807982403059096008e-02
4.515259714565911242e-01,2.582569974569823290e-01,2.378103670465813169e-01,1.958260307756069622e-03,5.044840373208932249e-02
3.817909692335223482e-01,1.168142305021826755e-01,4.762584779475032559e-01,6.076640818209089363e-03,1.905968149858272911e-02
2.198416936914036890e-01,1.577107919520066848e-01,5.747278201861976132e-01,7.368272861183189359e-03,4.035142130920885140e-02
1.598148477403972811e-01,2.342667066242248852e-01,5.712763363646075065e-01,4.062060875366525076e-03,3.058004839540384365e-02
7.890045881188009202e-01,7.124598897460676650e-02,1.332396977809001681e-01,1.969148999073946828e-03,4.540576126618217807e-03
8.147586755363923627e-01,3.780488683285539164e-02,1.227347536020530483e-01,8.835467996854418082e-03,1.586621603184489721e-02
9.561390983824571421e-01,7.812888804338391502e-03,2.921539813285780468e-02,4.228788559102612983e-03,2.603826121244142387e-03
8.280033813326553860e-01,2.871026848465233622e-02,1.023504540758312931e-01,2.169099263509869507e-02,1.924490347176230354e-02
8.995844235815420031e-01,1.705896840725551478e-02,6.476711383217345630e-02,1.384159390521447208e-02,4.747900273814497328e-03
9.529105969714742885e-01,1.005142067043186122e-02,2.738756171168281114e-02,7.690025228406088820e-03,1.960395418005042665e-03
9.361313582536023858e-01,9.356745937352821743e-03,3.880108830879962223e-02,1.353249600658678123e-02,2.178311493658307858e-03
9.477039747563666960e-01,9.807243014815791166e-03,3.162649762337214898e-02,7.367082613184537492e-03,3.495201992260868386e-03
8.489764070415785069e-01,1.941993260930383394e-02,9.845407490513582993e-02,2.554221702102301567e-02,7.607368422958851739e-03
7.436098992741783098e-01,3.834221712709164759e-02,1.826783786042440183e-01,2.865412414952408365e-02,6.715380844961941521e-03
7.355085180494540520e-01,6.975606096802433598e-02,1.480420207520301568e-01,1.325541519730559850e-02,3.343798503318567289e-02
5.264599129236290365e-01,6.887559306660420710e-02,3.687009793775758437e-01,1.596210565011407442e-02,2.000140898207692156e-02
8.181364112326502402e-01,4.911566717065204979e-02,1.144387023775498557e-01,6.074773733293644881e-03,1.223444548585416770e-02
8.880757975467344911e-01,4.719435808199563126e-02,5.962413113829700961e-02,1.749526660413965864e-03,3.356186572558798702e-03
9.708210176336017350e-01,1.160780916157989895e-02,1.547173367228352886e-02,1.233180730556628383e-03,8.662588019781939904e-04
9.400261389067969819e-01,1.453574979252516587e-02,3.724426418562872682e-02,5.015936497358442110e-03,3.177910617690758287e-03
9.373882915284431627e-01,1.824477477321231542e-02,3.792258494895089926e-02,2.835196684474387656e-03,3.609152064919383257e-03
8.545151519334144297e-01,3.992341756501462807e-02,9.179800751729805253e-02,7.148353745185300270e-03,6.615069239087481914e-03
9.037565709205981346e-01,2.091445221968677229e-02,6.069578471982339796e-02,4.666788037729389764e-03,9.966404102162131073e-03
9.778393882811888815e-01,6.340801199591739046e-03,9.380902016033480090e-03,7.883002297723461400e-04,5.650608273413401834e-03
9.331205358580014764e-01,1.510323286779797526e-02,4.069272220468952289e-02,2.136756865314853263e-03,8.946752204196163974e-03
8.511329192257541809e-01,3.343247573175986420e-02,8.869316540656010939e-02,3.817926120470528650e-03,2.292351351545544522e-02
8.151354451409007495e-01,4.705926438604941808e-02,6.593792775896187286e-02,3.003302552559106338e-03,6.886406016152882281e-02
8.340039383037312071e-01,6.979147165417184939e-02,5.611790886109446069e-02,1.602958765827658047e-03,3.848372241517478837e-02
9.869512748323109319e-01,7.169943555631123379e-03,4.644032831829847385e-03,1.690691916478210025e-04,1.065679588580166308e-03
9.942377337115720914e-01,3.315076128483678691e-03,1.998998380837485340e-03,1.630919330128028689e-04,2.850998460938408523e-04
9.797292422936209055e-01,3.961815930624110367e-03,1.152084117778686204e-02,3.682421313320444634e-03,1.105679284647747250e-03
9.513923686218657139e-01,1.274173509728293227e-02,2.276475622292930059e-02,3.490314845877658719e-03,9.610825212044435753e-03
9.570968699649300415e-01,8.308029637097419720e-03,1.720995185130938521e-02,3.063781781621589730e-03,1.432136676504163972e-02
9.463548560099973583e-01,8.939500407383166661e-03,1.894499078380457169e-02,2.770945634375179042e-03,2.298970716443965445e-02
8.585010619901665141e-01,3.436922233464537874e-02,4.743162422861086497e-02,3.535050435016009844e-03,5.616304101156117945e-02
7.968523589465428270e-01,6.187129835679073403e-02,3.915166389043419487e-02,2.157063090061656779e-03,9.996761571617035491e-02
7.107175325220762563e-01,9.030755901806455932e-02,1.510451212459683612e-01,5.336039164930080764e-03,4.259374804896071121e-02
9.688626725744067247e-01,1.656775224615166658e-02,1.192864645309983304e-02,5.243472627072746483e-04,2.116581463634548479e-03
9.905008737222735782e-01,6.820807732415829286e-03,1.944359857750140117e-03,8.169222885531606231e-05,6.522664587050670728e-04
9.897600229919392145e-01,7.653503991222127684e-03,1.661614895880002838e-03,9.016648146969679744e-05,8.346916394889533630e-04
9.412791380767124849e-01,4.194347294996142450e-02,9.445797548591743781e-03,4.637632900815012033e-04,6.867828134652905446e-03
8.236608635173839899e-01,1.185726189303916989e-01,4.394933681793696673e-02,1.281305483651793038e-03,1.253587525063537371e-02
6.029081668334709265e-01,2.188085623094404575e-01,1.505866776477462199e-01,2.909542169930405455e-03,2.478705103941188786e-02
4.899298163345262025e-01,3.123624411568115544e-01,1.620384228999051934e-01,2.842409440244222322e-03,3.282691016851290583e-02
4.030206019114225824e-01,3.303002745225773196e-01,2.054202388813403113e-01,3.566939072457566296e-03,5.769194561220213763e-02
4.244238970252665055e-01,2.695167001582651212e-01,2.748400123170616771e-01,4.927272322321373486e-03,2.629211817708537735e-02
8.401681843499986257e-01,7.552680897251620729e-02,7.168005169661596787e-02,2.684206754496913042e-03,9.940748226372322915e-03
9.179045456409582471e-01,4.412701991811717600e-02,3.375613719710077176e-02,1.304099073064624199e-03,2.908198170759194838e-03
9.550870485533053955e-01,2.468469513544109539e-02,1.457286550664627783e-02,6.020023228682932180e-04,5.053388481738950617e-03
7.877255917039350797e-01,1.181112141862015047e-01,5.375632246247690621e-02,1.066560691764955032e-03,3.934031095562149499e-02
7.085329581754234995e-01,1.591286478596093956e-01,5.066308370027152591e-02,5.497484508314196905e-04,8.112556181386422482e-02
4.130016115768906926e-01,3.453719903779478573e-01,1.625442457268157503e-01,1.150652266270390123e-03,7.793150005207517828e-02
1.910044320017183772e-01,4.125288063891350276e-01,2.939107521476887475e-01,1.686755786275955871e-03,1.008692536751819024e-01
1.504079843278788575e-01,3.269461376078180992e-01,2.591668744401064983e-01,1.971230689076927927e-03,2.615077729351196756e-01
2.103252252245423615e-01,4.074754715745612099e-01,1.874383756482894126e-01,1.576442510516090720e-03,1.931844850420909032e-01
2.471201584361448766e-01,3.907412667773326187e-01,1.452952565430735421e-01,1.264455673504310748e-03,2.155788625699447125e-01
2.049444151112613521e-01,4.256844074124758737e-01,1.545414284001941641e-01,1.137169704304276299e-03,2.136925793717643907e-01
3.099542307887802606e-01,3.082402110666702666e-01,2.305507526199253865e-01,2.958203328868190887e-03,1.482966021957559666e-01
2.105081679077270840e-01,2.133619737286839846e-01,3.556181097968006966e-01,6.234490757935390315e-03,2.142772578088528723e-01
1.980226025262919187e-01,2.630799685181335335e-01,3.206554537642140601e-01,4.958295970266551715e-03,2.132836792210939525e-01
2.245712435566360188e-01,2.539437105187409283e-01,1.778697749559533248e-01,3.248158462020965011e-03,3.403671125066488057e-01
2.540829323922027538e-01,2.670237122439349520e-01,1.690637634599667927e-01,3.258642431989335324e-03,3.065709494719061068e-01
3.958363730586195728e-01,3.046599969783376216e-01,1.560100895444705149e-01,2.048832479348660588e-03,1.414447079392236184e-01
1.778993875950337367e-01,3.640086044423004874e-01,3.745220197068653833e-01,2.886752299378618058e-03,8.068323595642169777e-02
2.771010050384487555e-01,2.425574288088875319e-01,4.240601455586190394e-01,3.619146875225830347e-03,5.266227371881890273e-02
3.517535664877887713e-01,2.039432850440202616e-01,3.738481426306348165e-01,6.711328539912805348e-03,6.374367729764342239e-02
3.774022084461501891e-01,2.414254706490663038e-01,3.074769070264395388e-01,5.507677938964589126e-03,6.818773593937944855e-02
4.086784364023416938e-01,1.607893222218869100e-01,3.465410639335315679e-01,9.340178584499411740e-03,7.465099885774031940e-02
4.319260624329231413e-01,1.972071565275041183e-01,2.176894270950725518e-01,6.631124003625915933e-03,1.465462299408742952e-01
4.334988759837399841e-01,2.207208032326815894e-01,2.359731049024948457e-01,7.295334412877291924e-03,1.025118814682061813e-01
2.574148305716471019e-01,3.259889325766233692e-01,2.112493144427652902e-01,3.931886405752400317e-03,2.014150360032117559e-01
4.797032357065266206e-01,1.356648534956111096e-01,1.618225278931706423e-01,4.085533845288308666e-03,2.187238490594032581e-01
5.943643171155365001e-01,9.562514986196724021e-02,6.653866602678641662e-02,2.536948673155015477e-03,2.409349183225547586e-01
6.935115809922233199e-01,1.484940054151930588e-01,9.660222999144532641e-02,1.875619564838521035e-03,5.951656403629974890e-02
4.282104701824264170e-01,3.125732727682701273e-01,1.344108012885543157e-01,1.699342748433967099e-03,1.231061130123150826e-01
2.959423283764343604e-01,2.951134363262100657e-01,1.785627570468475978e-01,3.112270613646633821e-03,2.272692076368613978e-01
5.071338186467899689e-01,1.426852512507524595e-01,9.162934017161046552e-02,2.868083459116675671e-03,2.556835064717303818e-01
6.044268828175489716e-01,9.608204106441381454e-02,8.291353874715264027e-02,3.284217576606348471e-03,2.132933197942781522e-01
5.516726787788202024e-01,7.236472500078615366e-02,6.867404864286411059e-02,3.574396992403895690e-03,3.037141505851256307e-01
5.920386737059806226e-01,5.164292996400902253e-02,6.149411997568365873e-02,5.020116500422068181e-03,2.898041598539046748e-01
5.354435148071959860e-01,5.751994398296265965e-02,5.492188598021331691e-02,3.143215799246766411e-03,3.489714394303812806e-01
5.865166313324196024e-01,2.499698935017325568e-02,3.412233677083371941e-02,3.487525197160888310e-03,3.508765173494126088e-01
4.829721771206186287e-01,6.333288198404338210e-02,9.059794087870581825e-02,5.597021420320511670e-03,3.574999785963116627e-01
6.300671625316276447e-01,6.608725018046129884e-02,1.113610345798016765e-01,1.111841622280946434e-02,1.813661364852999780e-01
5.938398971088539868e-01,4.583857385516612593e-02,1.097775904245466144e-01,7.654325380942148503e-03,2.428896132304911026e-01
6.674592995841091003e-01,3.027903410669022938e-02,7.323046354224783949e-02,8.497733445203516783e-03,2.205334693217493869e-01
6.216620458978086017e-01,2.713080849290484819e-02,9.530715548674034698e-02,8.720003034656928845e-03,2.471799870878892413e-01
7.290379047033401783e-01,4.435481707879065927e-02,1.237554760190859304e-01,5.864918827238976319e-03,9.698688337154416639e-02
7.339150503510507573e-01,4.839055161161123775e-02,1.458704432864092182e-01,5.683568959082048976e-03,6.614038579184683408e-02
7.986170563575033521e-01,4.160018085509447489e-02,9.352422020062695074e-02,3.726873817876555882e-03,6.253166876889852677e-02
5.942905363740063063e-01,5.692282675504455741e-02,5.635651753588367951e-02,2.606570583747610040e-03,2.898235487513178277e-01
8.934158579551272350e-01,2.005321643582406305e-02,1.078852678361163185e-02,6.301916881607208965e-04,7.511220713727635723e-02
9.047136479301500778e-01,2.024531668420533059e-02,2.960395524758222680e-02,1.512054441826602737e-03,4.392502569623576991e-02
7.644787393604268733e-01,3.994469061597961251e-02,8.134437879936670668e-02,4.904208069350272231e-03,1.093279831548766706e-01
8.621168792494982025e-01,2.878825249920136109e-02,3.473158134507810246e-02,1.689633823466334247e-03,7.267365308275607061e-02
9.483374721298398757e-01,1.121588314222913239e-02,2.095087580518355946e-02,1.850584115891342699e-03,1.764518480685608320e-02
9.930598529064645907e-01,3.583133051606280078e-03,2.258373156189654677e-03,1.338061087721818668e-04,9.648347769672347167e-04
9.759709166571128858e-01,7.686595350917913710e-03,1.393916287054424059e-02,1.205232440772047858e-03,1.198092680652885827e-03
8.784136232353676466e-01,3.036488844542075544e-02,8.270025771131057912e-02,5.003924969326010823e-03,3.517305638574887931e-03
7.443213766964086320e-01,5.242127826368823268e-02,1.897877893813291472e-01,7.970007667037239119e-03,5.499547991536794973e-03
8.509695556180540965e-01,3.717576175053946552e-02,1.017172250154160518e-01,5.463521119820374805e-03,4.673936496170014859e-03
8.906644762777822244e-01,4.410619826360959173e-02,4.673006996311523942e-02,3.097640668648981698e-03,1.540161482684402477e-02
8.630873792449902382e-01,5.596363306416916178e-02,4.532594855087546115e-02,2.548144700894313091e-03,3.307489443907063453e-02
9.042990000126005512e-01,4.025544043837941260e-02,3.532366403963504292e-02,2.380897112216514167e-03,1.774099839716855587e-02
8.998275436318774467e-01,4.064457837152202213e-02,3.818975321914612475e-02,2.584839098678654891e-03,1.875328567877574196e-02
9.888552190158331756e-01,6.651685328395348304e-03,3.312912148909124069e-03,1.857925481323321657e-04,9.943909587299746937e-04
9.774672049205784807e-01,1.410620102369178515e-02,4.536078404065756360e-03,2.011440740675593747e-04,3.689371577596478775e-03
9.513271113305445947e-01,1.874098136501222214e-02,7.236963302163584855e-03,3.777227044001098418e-04,2.231722129787951439e-02
8.963338825400392063e-01,4.275350834870429717e-02,2.418465074896315736e-02,1.405566330529268689e-03,3.532239203176398834e-02
7.068314366252935743e-01,1.001885452905121182e-01,9.071525203626498723e-02,5.166617344887903043e-03,9.709814870304148138e-02
7.878335594647714046e-01,5.071350674869787301e-02,5.819775899133122071e-02,2.694209883814795148e-03,1.005609649113845677e-01
8.294559043833400480e-01,3.478866392037355953e-02,4.495644477085752877e-02,2.474102224644030099e-03,8.832488470078485310e-02
8.767212638735917274e-01,2.207758397999167940e-02,3.504112466674721982e-02,2.774066601981340155e-03,6.338596087768784415e-02
8.372991125484985364e-01,2.696430111900836174e-02,5.177244785629856599e-02,4.334602650240215738e-03,7.962953582595427848e-02
7.787266512048006684e-01,4.314828480154030144e-02,8.247186682742543851e-02,4.066835442536962351e-03,9.158636172369671868e-02
8.365618923328441703e-01,4.067975149291063602e-02,2.760791157517484065e-02,1.088806192759553650e-03,9.406163840631086293e-02
7.707096807585102072e-01,7.039267071583672764e-02,7.798280612957854407e-02,2.072042382073607629e-03,7.884280001400101323e-02
7.697128362703874460e-01,1.061623773574986024e-01,6.853259970981627480e-02,1.543507451653533535e-03,5.404867921064411551e-02
8.129200064367601009e-01,7.486551365871529917e-02,3.436532405515747152e-02,1.078239808288399253e-03,7.677091604107864897e-02
8.588333435467281340e-01,3.157389116241641341e-02,1.458799488623536804e-02,6.881246456837420691e-04,9.431664575893607128e-02
8.747899618507484210e-01,3.777425352932746450e-02,3.997148641830720883e-02,1.495905497689744299e-03,4.596839270392699683e-02
9.805062163439026701e-01,8.783854847063680277e-03,5.557805655428045902e-03,3.238593263402703626e-04,4.828263827265292900e-03
9.404379689334175785e-01,1.392959143795725885e-02,7.618693985916687866e-03,6.648841933880996142e-04,3.734886144932032803e-02
9.233424439277856388e-01,1.223334199903113040e-02,9.345704046203596321e-03,9.647047033138290897e-04,5.411380532366557444e-02
8.757728773452682081e-01,1.809564441357775985e-02,4.041684022683195848e-02,5.682858490916943214e-03,6.003177952340518764e-02
8.002900751902095600e-01,1.408342014367551173e-02,2.168161755655501760e-02,3.417117838784921625e-03,1.605277692707750004e-01
6.815025050991238009e-01,4.413285475664754931e-02,8.963630754029353054e-02,5.917529081294979794e-03,1.788108035226401993e-01
4.885915876500381838e-01,1.184901050030962577e-01,1.167052624399536748e-01,3.671297851246354237e-03,2.725417470556654176e-01
5.481487823152393357e-01,9.788693719102690982e-02,1.248165614649023036e-01,3.955118787601756905e-03,2.251926002412296401e-01
8.561966782148623389e-01,5.805892511622420121e-02,4.460130742714494417e-02,1.197763592189315289e-03,3.994532564957930382e-02
9.206591404295388914e-01,3.672948546311857049e-02,3.219146239461850162e-02,1.191362241563191822e-03,9.228549471160788290e-03
9.067892995523136879e-01,3.670939666771823318e-02,4.262606526163865289e-02,2.183460007244892101e-03,1.169177851108455304e-02
7.359779658531847568e-01,8.621200728347395981e-02,1.453812312498449499e-01,5.763768565146001888e-03,2.666502704835035237e-02
6.740275587050754691e-01,1.102872643574850514e-01,1.273403195929280196e-01,3.190892515328051793e-03,8.515396482918335952e-02
5.469719752783460676e-01,9.785251079165770138e-02,1.575567820899814175e-01,3.404746766387195620e-03,1.942139850736276652e-01
6.453438202429410131e-01,4.888939569845360961e-02,4.163367278427133195e-02,1.272868192220356085e-03,2.628602430821135871e-01
6.311044339208234932e-01,7.861287829712119979e-02,5.940210341225232726e-02,1.824169046127920328e-03,2.290564153236749889e-01
6.018683632547571216e-01,6.733285006549689922e-02,1.693491856326385936e-01,5.355483312161073324e-03,1.560941177349462472e-01
6.159744621243175011e-01,3.055037148383198467e-02,6.730956792784655029e-02,2.081102634430597072e-03,2.840844958295733469e-01
6.367333774464450924e-01,4.142974644053474403e-02,8.333642294770104986e-02,3.163585233581777626e-03,2.353368679317372480e-01
9.714829652430606588e-01,9.862031060972584889e-03,9.126439843621554637e-03,5.108449658842699080e-04,9.017718886460872676e-03
9.822357329943391946e-01,8.202677402381227528e-03,4.303264346773405351e-03,1.889896703550063978e-04,5.069335586151182613e-03
9.845256374346252892e-01,7.625444271942988413e-03,3.623725004979266948e-03,2.079327892137829766e-04,4.017260499238645144e-03
9.900260153322375523e-01,5.452635063980250732e-03,1.942463560600283601e-03,1.228312631606129335e-04,2.456054780021158825e-03
9.967133276711747092e-01,2.134700514914689238e-03,6.903537774478002518e-04,5.569574297928383774e-05,4.059222934835380573e-04
9.916073097879222198e-01,6.199147469031927350e-03,1.519816482460429035e-03,1.020336471309124049e-04,5.716926134544144918e-04
9.904913327326581030e-01,5.602159376832203247e-03,1.579925889518204356e-03,1.286646824919018741e-04,2.197917318499731983e-03
9.953976477897966690e-01,3.237089899170196051e-03,7.481459421883112845e-04,4.356666424590217455e-05,5.735497045989100540e-04
9.957544847130859189e-01,3.403427283276408508e-03,4.510647233807184341e-04,2.544281642237612690e-05,3.655804638344618937e-04
9.952737820296255755e-01,3.598311620347484623e-03,8.739326764263099373e-04,4.143757724698039589e-05,2.125360963535089247e-04
9.980506971919302917e-01,1.307045295694421157e-03,4.953455392442215497e-04,3.848853338864075208e-05,1.084234397425609296e-04
9.980966143047151906e-01,1.356381609399211034e-03,4.230642637447396578e-04,3.396755327845033944e-05,8.997226886233940007e-05
9.958915308901075125e-01,3.389809317909270227e-03,5.410915552116999120e-04,2.648259219885366712e-05,1.510856445726291254e-04
9.884325891975114242e-01,9.706338545059492451e-03,1.574571794746135959e-03,3.995105841102242883e-05,2.465494042720050736e-04
9.974115287717352230e-01,2.079275489396429418e-03,4.252573356134378767e-04,1.109012020121695800e-05,7.284828305372296163e-05
9.989886709494144590e-01,8.306108107386945671e-04,1.315314281542876839e-04,5.731918510775862419e-06,4.345489318162902125e-05
9.992819318506998005e-01,5.737540289891981905e-04,9.999541714539521926e-05,5.798422216050486925e-06,3.852028094956365948e-05
9.985450604702776900e-01,9.438149158592298860e-04,2.815504802234287170e-04,1.188439152767495197e-04,1.107302183629414630e-04
9.829182352649709076e-01,1.391290529683791074e-03,3.097452697392756929e-03,1.232909868180600069e-02,2.639228261466053209e-04
9.770379992544899750e-01,2.411260204481484402e-03,2.904762443012787014e-03,1.710657227683881620e-02,5.394058211768611730e-04
9.934012908084036697e-01,1.558751803032362758e-03,1.291375543489669923e-03,3.572091476482512195e-03,1.764903685915928885e-04
9.658164024025465144e-01,1.507170580391698194e-03,3.323359700094266102e-03,2.915383365574191615e-02,1.992336612256025326e-04
9.788926741119738928e-01,7.031355675079823623e-04,1.283592128479261150e-03,1.901824497155600244e-02,1.023532204829261338e-04
9.780158097596162170e-01,9.137958954554820231e-04,1.508987576747919650e-03,1.942257159527678578e-02,1.388351729034715371e-04
9.712755396457370960e-01,1.047350874751856080e-03,2.136078375949819908e-03,2.540995271476877496e-02,1.310783887925524545e-04
9.915949985836657321e-01,3.484356561260536830e-04,6.935156134027131887e-04,7.158960747318547993e-03,2.040893994869125887e-04
9.943387599179122072e-01,2.255626737173178887e-04,4.890430004156703057e-04,4.493109175776175204e-03,4.535252321787443079e-04
9.954822237898285353e-01,1.884490113000881009e-04,4.021352852941473266e-04,3.433948612638497259e-03,4.932433009386846508e-04
9.936297079414511124e-01,1.972873452904534935e-04,4.802408671023892898e-04,5.309830374079158900e-03,3.829334720768162920e-04
9.910399515680843319e-01,5.245799264486208967e-04,7.284007321930600128e-04,7.434769126191095694e-03,2.722986470827452703e-04
9.909029267675045771e-01,2.256501547856521600e-04,5.885924143542714667e-04,7.860935162160267303e-03,4.218955011951457546e-04
9.899304128101500400e-01,2.241400838696139773e-04,6.262035920824086900e-04,8.641844323808172204e-03,5.773991900897240508e-04
9.945053577518261356e-01,4.437523615913417782e-04,6.516376647847923684e-04,3.991756789008589316e-03,4.074954327890447422e-04
9.879129798592780620e-01,6.467511123473630632e-04,1.316164489021749836e-03,9.297172934791837068e-03,8.269316045611348111e-04
9.504456732017486642e-01,3.835532443433239676e-04,2.490115107504688521e-03,4.470749331952951489e-02,1.973165126873501971e-03
9.088930545524107618e-01,3.742528335890631672e-04,2.983576814125619720e-03,8.415544688985719668e-02,3.593668910017150560e-03
8.077949838978253361e-01,4.841372314226471485e-04,7.408810093950506277e-03,1.828873910259347646e-01,1.424677750866739506e-03
7.349964122831200708e-01,4.112189577144082452e-04,8.149412069232475631e-03,2.550062180314765503e-01,1.436738658456558713e-03
8.541918689284691002e-01,3.276963744111827635e-04,4.253021579848468778e-03,1.383975593272860072e-01,2.829853789985358175e-03
7.878435655249550473e-01,3.621739920461385185e-04,6.534855682048563465e-03,2.020764014873825953e-01,3.183003313567530235e-03
5.190543127452508232e-01,5.991288074046675254e-04,1.556462297070435735e-02,4.636710583259003871e-01,1.110877150739749157e-03
6.621001263349076682e-01,4.557390317813455488e-04,7.409797133541336928e-03,3.280392523307489316e-01,1.995085169020661357e-03
7.343722951782537534e-01,3.486801137059935434e-04,5.901534265017654469e-03,2.564816872716269014e-01,2.895803171395708569e-03
