1.124960602104633778e-01,8.245523620839157256e-03,1.780175030692179583e-01,6.959956466345851300e-01,5.245266464894399183e-03
6.703765005412632982e-01,7.713846068516433396e-02,1.811082544602523048e-01,5.741092036082912770e-02,1.396586395249097869e-02
9.229672528547312460e-01,5.257275852685927564e-02,2.085939351446951598e-02,9.115129330489546780e-04,2.689082170890978209e-03
9.549001629543599767e-01,3.432522299084833639e-02,9.551283606921378427e-03,1.924987589954952369e-04,1.030831688874921798e-03
9.735242785657194364e-01,1.867298059390828935e-02,6.686714554774902952e-03,1.551084567175737465e-04,9.609178288796793458e-04
8.533018843933452002e-01,1.003622329369922572e-01,4.250011517463546384e-02,6.256361567278415862e-04,3.210131338299246871e-03
6.204880383644941766e-01,2.491604966562074863e-01,1.257358626112266287e-01,1.005658715453227464e-03,3.609943652618495709e-03
3.185164066860090015e-01,4.747655967065744775e-01,1.962696789839828704e-01,1.116413213441624962e-03,9.331904409991995455e-03
4.191852436835141194e-01,3.989226698710789942e-01,1.709388670029414192e-01,8.163802694155309139e-04,1.013683917304998572e-02
2.440003726148592123e-01,5.017966253503578500e-01,2.411671662192808874e-01,8.052187731206573518e-04,1.223061704238131119e-02
2.642250203532212627e-01,2.943105811069053890e-01,4.331678909266103439e-01,3.189101006674009611e-03,5.107406606588976196e-03
1.687172604500780104e-01,4.119273475394006900e-01,4.046271238574177254e-01,2.415685629623916253e-03,1.231258252347961629e-02
4.411219522913561453e-01,2.062010852510941517e-01,3.448747117236348747e-01,2.763335861443270459e-03,5.038914872471679345e-03
1.227588155521234792e-01,4.111885025481288869e-01,4.607750818306751706e-01,1.490180416664629035e-03,3.787419652407910883e-03
2.366925014415443007e-01,3.849749165631776160e-01,3.661876035473209945e-01,1.616500175344150539e-03,1.052847827261293480e-02
1.704103266551567075e-01,2.264373546421841188e-01,5.894985352698073333e-01,4.165420615215439763e-03,9.488362817636401478e-03
4.296245384675916879e-01,2.070737781305633241e-01,3.433307457479276570e-01,4.231392274090629152e-03,1.573954537982664992e-02
4.250829011232319932e-01,2.280478682818595226e-01,3.351674177857069115e-01,2.693957145769296669e-03,9.007855663432293852e-03
4.692917048035663008e-01,2.406934604228430641e-01,2.801974809768389418e-01,1.643683795673054737e-03,8.173670001078639849e-03
3.789663150084764398e-01,2.214142010009702288e-01,3.790964154736795599e-01,1.955820698852069137e-03,1.856724781802175303e-02
3.840195952659120060e-01,3.236972546205326706e-01,2.360550250277732853e-01,1.071359483766202037e-03,5.515676560201589890e-02
1.625115917752702477e-01,4.887971853880432871e-01,2.958158308497054190e-01,1.140992531242343913e-03,5.173439945573872489e-02
1.039141816607864338e-01,4.891043083676933634e-01,3.788813409561047618e-01,7.649943760273101613e-04,2.733517463938803238e-02
1.225437625990803553e-01,5.091589181550870702e-01,2.942162571271629834e-01,6.618288816245222403e-04,7.341923323704517557e-02
1.491279575183338257e-01,4.652362834063541452e-01,3.113867225617735768e-01,1.008464747490055028e-03,7.324057176604827080e-02
7.787086206237375796e-02,5.121602300339365144e-01,3.066246038442786981e-01,6.914487983997831327e-04,1.026528552610112416e-01
1.348507123348132442e-01,5.185312253201206367e-01,2.690035497974203049e-01,7.488678286179774671e-04,7.686564471902788964e-02
2.416922385198793655e-01,4.400714899698199289e-01,1.727721447406592448e-01,6.947167722106973578e-04,1.447694099974307924e-01
2.266892370991618333e-01,2.747846427163267435e-01,5.707348459685496200e-02,2.911540937683514932e-04,4.411614814938880635e-01
2.250691231378815216e-01,3.089718885018998273e-01,4.956282256550369192e-02,2.121868392211602070e-04,4.161839789554938052e-01
2.521727588535368492e-01,4.248889925588867911e-01,6.084459351003030508e-02,1.825092076931166083e-04,2.619111458698530348e-01
1.182653610287926621e-01,4.987281309113064109e-01,6.943960281228249432e-02,1.693588814734402605e-04,3.133975463661449745e-01
1.041004931866328365e-01,4.475625109483225561e-01,6.946974032896223450e-02,1.610203634817227477e-04,3.787062351726006582e-01
1.512908973472671392e-01,5.339256698717479432e-01,1.117704471009924316e-01,2.205247178574639474e-04,2.027924609621350460e-01
1.049953053070349224e-01,5.530187317920773893e-01,1.210223664371052055e-01,2.224591662736495991e-04,2.207411372975087716e-01
1.629453312899890871e-01,5.227599095836465981e-01,8.594700772011552858e-02,1.539095104194182181e-04,2.281938418958293358e-01
9.978932837013884671e-02,5.765170340015902672e-01,9.834720261640014782e-02,1.330263499371004115e-04,2.252134086619335951e-01
5.891650936658873045e-02,5.640852158491149737e-01,1.161967954522448998e-01,1.558490295128048297e-04,2.606456303025385668e-01
5.927996627257584028e-02,5.110476068490688029e-01,1.433585743464674545e-01,2.397871485410175529e-04,2.860740653833468983e-01
5.259687423553301849e-02,4.273399451852937236e-01,1.383730959262095828e-01,3.300444115656560535e-04,3.813600402413979684e-01
9.875953784595643825e-02,4.500054986653818645e-01,1.110064257557512313e-01,4.010031815411447837e-04,3.398275345513693813e-01
1.178944312040799275e-01,5.272406546707286701e-01,1.320953955405730351e-01,3.900098401080937948e-04,2.223795087445101792e-01
7.474302304749089187e-02,4.015671934151066047e-01,9.274945457132993676e-02,4.109652408851734683e-04,4.305293637251873529e-01
2.194681536846393166e-01,2.836992942941065077e-01,5.644659756829848579e-02,4.150857549714904765e-04,4.399708686979842964e-01
9.038863764226796882e-02,3.461367847878668025e-01,7.010024882925668110e-02,3.710976698734452621e-04,4.930032310707351817e-01
2.244130221368356437e-01,2.651966605357557460e-01,3.957941927104929175e-02,2.941160015275127364e-04,4.705167820548318836e-01
1.746491660839455395e-01,4.486084767920576755e-01,8.934379006257474332e-02,4.359339179356678000e-04,2.869626331434863564e-01
2.344159308752027382e-01,3.963884303409249132e-01,6.781770212220884775e-02,3.251359959418178907e-04,3.010528006657218203e-01
2.268663801138757763e-01,5.251939540264579653e-01,1.202830883472047752e-01,4.119087921937115634e-04,1.272446687202678506e-01
2.214430557110460551e-01,5.186485969096907844e-01,1.163194397430664662e-01,4.773302628333608551e-04,1.431115773733633856e-01
1.656045759820704288e-01,3.664146726464009296e-01,6.597637311078548283e-02,3.836851629257784289e-04,4.016206930978174494e-01
1.478771350798184780e-01,5.137836405451320365e-01,9.261969765655786446e-02,3.701944547403188189e-04,2.453493322637511909e-01
1.337478643359672481e-01,4.446247614572041984e-01,5.552849489894272350e-02,2.500265849401718012e-04,3.658488527229457055e-01
9.231413443837264976e-02,3.023572716128933302e-01,5.310464607976817658e-02,2.545748973229970810e-04,5.519693729716429464e-01
8.594054258785338574e-02,4.187967401458546068e-01,1.175625841189434084e-01,3.789003575278036893e-04,3.773212327898207707e-01
1.617946004865523923e-01,3.974364536797294623e-01,7.356267815536904342e-02,2.874863429572818143e-04,3.669187813353916860e-01
1.043066578274474965e-01,3.736007903184702661e-01,6.758678607094271984e-02,2.761381880793458169e-04,4.542296275950601370e-01
1.572732701079443685e-01,4.968937259122071515e-01,9.284015988671821817e-02,3.314305817533685851e-04,2.526614135113768311e-01
1.350408362673728713e-01,5.685028611379172592e-01,8.821959227930430136e-02,3.105917704331863046e-04,2.079261185449723659e-01
1.280286286625680892e-01,5.397612281666525069e-01,1.196711045579439275e-01,5.540481381033641583e-04,2.119849904747320712e-01
1.769511680958034683e-01,4.687366780709182890e-01,7.812323798898682115e-02,4.037903752258194994e-04,2.757851254690655840e-01
1.244114327990249874e-01,5.661606558952357870e-01,1.075372551214181932e-01,3.339277883252592138e-04,2.015567283959957268e-01
1.096423344453855142e-01,5.809427385332517346e-01,1.669992744105823212e-01,3.908063494274399978e-04,1.420248462613529217e-01
1.229556776335128526e-01,5.635971670236981090e-01,1.623760772480037362e-01,4.443944053805446446e-04,1.506266836894046002e-01
1.169773141588918292e-01,5.750746805143155393e-01,1.449411947976002035e-01,6.580341458414509445e-04,1.623487763833508513e-01
1.669361599351281700e-01,5.399358589709952749e-01,1.622287283326418750e-01,7.379362938507045286e-04,1.301613164673840473e-01
1.783744320408322259e-01,5.559796086064497933e-01,1.447940748339517913e-01,6.079013334756201573e-04,1.202439831852906010e-01
1.763797039517213949e-01,5.542907759640359755e-01,1.342429199224612624e-01,4.674234485930394648e-04,1.346191767131883488e-01
1.548917544501726973e-01,5.488721305971493436e-01,1.669571431512707205e-01,6.377054096953222850e-04,1.286412663917119170e-01
2.837184933622456384e-01,3.840883981801631042e-01,1.964125546411031042e-01,1.677563798835025660e-03,1.341029900176531897e-01
2.315459893592530516e-01,4.464011344508033718e-01,1.978585973320957647e-01,1.777325024570639532e-03,1.224169538332771368e-01
2.357743484770034592e-01,4.637083197575242455e-01,1.729040017739449930e-01,1.623145460845526553e-03,1.259901845306817814e-01
1.598831217568609797e-01,4.951114733771488363e-01,2.306401508176741666e-01,2.183693291991806607e-03,1.121815607563242112e-01
2.243917211270494150e-01,4.515535047704447580e-01,2.297304329935601075e-01,2.028261678042675778e-03,9.229607943090303857e-02
2.000412541133886890e-01,4.906250555930785628e-01,2.175685553410126039e-01,1.435274398400331226e-03,9.032986055411978965e-02
1.472753806841871904e-01,5.655322054804785559e-01,2.100197706496717276e-01,1.087036838081407433e-03,7.608560634758111674e-02
1.427510725673683256e-01,5.447126642635772287e-01,2.080646506256423611e-01,1.159043385149204205e-03,1.033125691582627709e-01
1.175244698660247861e-01,5.671068407329383776e-01,1.559953893951706305e-01,8.878061436077741000e-04,1.584854938622583809e-01
1.128710590291871346e-01,5.711926706440559887e-01,1.229070444077801638e-01,6.412359563668809615e-04,1.923879899626098622e-01
2.044791507614595327e-01,5.344654586596575552e-01,1.413320942616312914e-01,7.270819376106676815e-04,1.189962143796409189e-01
2.245660132248934182e-01,5.095978631450005514e-01,1.608665054426016150e-01,8.741142374977693350e-04,1.040955039500065515e-01
2.622051359805895876e-01,4.759160118943405182e-01,1.697303572786806047e-01,1.111058667522363611e-03,9.103743617886680961e-02
2.620687185424569465e-01,4.698564872058293429e-01,1.627152195593221384e-01,1.056445551491854611e-03,1.043031291408996197e-01
2.106987544562322345e-01,4.809227014328988914e-01,1.957361174196828590e-01,1.201167255063074341e-03,1.114412594361229858e-01
1.190969354832511623e-01,4.230064341834153807e-01,1.689946419432699909e-01,1.222133099814315697e-03,2.876798552902491424e-01
1.232036911140805546e-01,4.491248504499400496e-01,2.232560900953889094e-01,1.282138248692635653e-03,2.031332300918978484e-01
2.323030236354554079e-01,3.428649984595888989e-01,1.407846028094691948e-01,1.371069621447267928e-03,2.826763054740390468e-01
3.623281575381256947e-01,1.991509879969331487e-01,1.225937160671717735e-01,2.079512179893298982e-03,3.138476262178762077e-01
2.222155472988819602e-01,3.503750882081401175e-01,1.551977940108934528e-01,1.705916580215034034e-03,2.705056539018693695e-01
2.407118810635802408e-01,4.053105411806671721e-01,1.632814817075121383e-01,1.301714346320321201e-03,1.893943817019201337e-01
1.744238441440602305e-01,4.949912610241030131e-01,1.483395657812612844e-01,9.479105935667343340e-04,1.812974184570088632e-01
1.685385067419599980e-01,5.137036838615854917e-01,1.502872502545717082e-01,9.313169053709142650e-04,1.665392422365118419e-01
1.093415122839371256e-01,4.594337367525246352e-01,1.321745661789090753e-01,7.589866560845175657e-04,2.982911981285445990e-01
1.397146381932673487e-01,5.038130293318465736e-01,9.408427610600025859e-02,4.405107572371197108e-04,2.619475456116486800e-01
1.125916635793420412e-01,5.252939326299996825e-01,8.492387444230684035e-02,4.112887175235055599e-04,2.767792406308279829e-01
1.092038890642885174e-01,5.539632147774066206e-01,1.161551823647204024e-01,4.648269322981624422e-04,2.202128868612864276e-01
1.294244824607460875e-01,5.638387321666407104e-01,1.016345743017974951e-01,4.409700828922888459e-04,2.046612409879233763e-01
9.834834022141029919e-02,4.990012110681953383e-01,1.296839222768582933e-01,6.146023158135089249e-04,2.723519241177224659e-01
1.078404844761544495e-01,5.172421384148273571e-01,1.966433313143958750e-01,8.994271391623637679e-04,1.773746186554599757e-01
5.814329812736691860e-02,4.157251709889135949e-01,1.771761588721108283e-01,7.626001883586925722e-04,3.481927718232499802e-01
7.046073931577280514e-02,3.772993262577545304e-01,1.788299224770443507e-01,1.004212810338167648e-03,3.724057991390900546e-01
2.138264905279037287e-01,3.869294532382523411e-01,2.036085170182638238e-01,1.165026875842320757e-03,1.944705123397377500e-01
1.455080107554666269e-01,4.865006840981776493e-01,1.869165352195858443e-01,9.605505428060234470e-04,1.801142193839637973e-01
9.762631787143161155e-02,5.476696148209703185e-01,1.857734632113448581e-01,6.454158829432857453e-04,1.682851882133100108e-01
1.411910471394641486e-01,4.252488364650028885e-01,1.834014408590890211e-01,8.540898139786943849e-04,2.493045857224652773e-01
1.635697988571556405e-01,3.603068827684012265e-01,2.082095676795029104e-01,1.459298084536706560e-03,2.664544526104035693e-01
2.016422138316667501e-01,4.037775442691688421e-01,2.262126073300668172e-01,1.546821653035869611e-03,1.668208129160616282e-01
1.697697107802801919e-01,5.083985046402488273e-01,1.795312086227305315e-01,9.362907728560742725e-04,1.413642851838844416e-01
1.783497593448901131e-01,5.351595647510715148e-01,1.716918864025258895e-01,6.173268341118946442e-04,1.141814626674005906e-01
1.547583678629822213e-01,4.978075103228546405e-01,1.320188406684514593e-01,6.245375656216189736e-04,2.147907435800901488e-01
2.213599678377886626e-01,4.571411607439500036e-01,1.215011064105765426e-01,7.728986594744612039e-04,1.992248663482102944e-01
1.301151329822901603e-01,5.198502637874082843e-01,1.509777621286332305e-01,7.470797848040341450e-04,1.983097613168642581e-01
2.279700096854511415e-01,4.662018739997302874e-01,1.085919526716628836e-01,6.117931280902814527e-04,1.966243705150654275e-01
2.548628279633504690e-01,4.924693276806360043e-01,9.427164883078149871e-02,3.546262793095306663e-04,1.580415692459224142e-01
2.747890323969798265e-01,4.197939427889786912e-01,1.113438226767898970e-01,5.905032914878585162e-04,1.934826988457637731e-01
3.100715874584502596e-01,4.235967280563706083e-01,1.196917646346521980e-01,6.407787508947857457e-04,1.459991410996321071e-01
3.955840035062018756e-01,3.593317732270714937e-01,1.892511666541575599e-01,8.585269775593324998e-04,5.497452963500973344e-02
1.225173310584439929e-01,3.590309116567129699e-01,4.965299258897170609e-01,1.172096475223259474e-03,2.074973491990272922e-02
3.300729494539706987e-01,2.799756319496544688e-01,3.053410111739904287e-01,1.239428542806853819e-03,8.337097887957756193e-02
2.853463799580139293e-01,2.503844889168239107e-01,3.150361780532296985e-01,1.282256748045052398e-03,1.479506963238875206e-01
6.729778941249424662e-01,1.715824181254205494e-01,9.909917142045852889e-02,6.158010357171721889e-04,5.572471529346143676e-02
2.544612617583046910e-01,4.585099281630843349e-01,2.420213099855276495e-01,5.590801414213419701e-04,4.444841995166197435e-02
1.430585265586180044e-01,2.249132699564294624e-01,5.286865207885158569e-01,2.207405995464728401e-03,1.011342767009719423e-01
2.413645559516492678e-01,1.903074210056826809e-01,3.639036092466393368e-01,2.547569124237549464e-03,2.018768446717911780e-01
2.440664368052224142e-01,1.051164926020577983e-01,3.287969224999758855e-01,3.361184817957343918e-03,3.186589632747865997e-01
1.902477768888301002e-01,1.087982221566940466e-01,3.725328983015695483e-01,3.870167956206878312e-03,3.245509346966995445e-01
4.781431114852865427e-01,5.567431789081477012e-02,1.221518047245833821e-01,1.911580746335537389e-03,3.421191851529796768e-01
9.200939301441621865e-01,1.574437955321049062e-02,1.250203881101799933e-02,2.336183440190509020e-04,5.142603314759024852e-02
9.522305072336398890e-01,1.607716961807961059e-02,1.451529507849469089e-02,3.687683175047021126e-04,1.680825975228105937e-02
9.653475569612652851e-01,1.217164234340718451e-02,1.437826665549930133e-02,3.959642832135352032e-04,7.706569756614611161e-03
8.551673198667905096e-01,5.667278771715049401e-02,7.460474262529741274e-02,1.246317993166488544e-03,1.230883179759517145e-02
8.742245168860608429e-01,6.479822297108442375e-02,4.676478100283935208e-02,5.728466275085570625e-04,1.363963251250660015e-02
3.771457503828350433e-01,2.131917818727113167e-01,3.902749552126656973e-01,2.374457841268258138e-03,1.701305469051965849e-02
1.292591213771766834e-01,4.132661808903699274e-01,4.343728576333802938e-01,1.058317097932170428e-03,2.204352300114099591e-02
7.515233847793321986e-02,5.817762760411372414e-01,3.155996763691218954e-01,3.988071708039470412e-04,2.707290194100369848e-02
2.161836256131820233e-01,3.902555752574015657e-01,2.839097600666597443e-01,7.526258475248854890e-04,1.088984132152317208e-01
3.340443602396205858e-01,2.521899603662330902e-01,1.603729605679786729e-01,6.925669458100015352e-04,2.527001518803577151e-01
5.889646255226490545e-01,1.496170353639473538e-01,1.333273749256441154e-01,1.101120618251402467e-03,1.269898435695081818e-01
8.720902726338257693e-01,4.970813122293644276e-02,1.597999239121918047e-02,1.717865400289666654e-04,6.204981721198958577e-02
9.872815150717452193e-01,6.913131942337906802e-03,1.047993948196523570e-03,1.451653610522950426e-05,4.742842501615067777e-03
9.924336554989289239e-01,5.071414931916035443e-03,3.286282166977163286e-04,6.800279301439418791e-06,2.159501073156107342e-03
9.974857743474676575e-01,1.722415168927846464e-03,9.980946709225958433e-05,3.236986333572374853e-06,6.887640301784284623e-04
9.976938157836612309e-01,1.488977395451159067e-03,7.779463557103434047e-05,2.955052759268668829e-06,7.364571325574091002e-04
9.968005493764309222e-01,2.301460761072658852e-03,1.159829578595335134e-04,4.157474044515666753e-06,7.778494305921685283e-04
9.971103824736811116e-01,2.018554418793646558e-03,8.380657774391790942e-05,3.084022620059610716e-06,7.841725071612425536e-04
9.981006628949166126e-01,1.454528296249384687e-03,6.506818016165502518e-05,2.348476033909211339e-06,3.773921526384929853e-04
9.990453807690583554e-01,7.337024044176127099e-04,3.857048339050561382e-05,1.840387038312906868e-06,1.805059560952431178e-04
9.952940006977092358e-01,4.076462421706306474e-03,1.570852706995030197e-04,4.823840511834814896e-06,4.676277693730314031e-04
9.972540694735494426e-01,2.388772421897825647e-03,1.270590745672418983e-04,3.892661278023915500e-06,2.262063687074824419e-04
9.985913072117333922e-01,1.226877296976587768e-03,6.756195963913871460e-05,2.502109735226326351e-06,1.117514219157116453e-04
9.976189150237781966e-01,2.126802358175269077e-03,9.746235933511457057e-05,3.334617437574960728e-06,1.534856412739609062e-04
9.835376512192430809e-01,1.538596538333471785e-02,5.687753818351938767e-04,1.168945474742485893e-05,4.959185608395777186e-04
9.973345624976038826e-01,2.396351282969787482e-03,1.086031475377812578e-04,3.488045304635546517e-06,1.569950265840329591e-04
9.981700235329662441e-01,1.556830263171231918e-03,6.801235563706130261e-05,3.338435380688766215e-06,2.017954128446688533e-04
9.970053680277036756e-01,2.570845932024256372e-03,9.751084042361295168e-05,3.786797216085659132e-06,3.224884026324434513e-04
9.954391201732500916e-01,4.152033594690170658e-03,1.541860396631971827e-04,4.220520704751245600e-06,2.504396716917650124e-04
9.944015370820356026e-01,5.155842124797248814e-03,1.652892119397795785e-04,4.263263995630569714e-06,2.730683172317025583e-04
9.951794379264553569e-01,4.395226672462642335e-03,1.422740054864230701e-04,3.845252343613915796e-06,2.792161432520692691e-04
9.881044924402816454e-01,1.096173309372554944e-02,2.990672266470558610e-04,6.314148741470818098e-06,6.283930906042241955e-04
9.930727639783849536e-01,6.047542261255607794e-03,2.255768147562468818e-04,6.016604466498603427e-06,6.481003411365952958e-04
9.828455350708951155e-01,1.524936048104003766e-02,6.628131417018300097e-04,9.620007473042823987e-06,1.232671298889982062e-03
9.905792900928921396e-01,8.378573005995570630e-03,4.168466658070983785e-04,5.959755931074269127e-06,6.193304793740784858e-04
9.773325667977986742e-01,2.053142091279929263e-02,7.534145310481832856e-04,9.568469456707905360e-06,1.373029288897113483e-03
9.764639718300613946e-01,2.095192024838122766e-02,9.982853413163495469e-04,1.058376900660878694e-05,1.575238811234488728e-03
9.764860757829569859e-01,2.119390782401196077e-02,9.819405492740131483e-04,9.314645557964084134e-06,1.328761198199124131e-03
9.950999583503076229e-01,4.071692093765967232e-03,2.192005551641923564e-04,4.762004622749183208e-06,6.043869961395436242e-04
9.886243253277525733e-01,1.000872434432027551e-02,4.498658248669438228e-04,7.190308926409083863e-06,9.098941941337179576e-04
9.919064077435082449e-01,7.231199385727330071e-03,3.273211877870591154e-04,5.713227825209996645e-06,5.293584551520633466e-04
9.876468391100391431e-01,1.138924293426274784e-02,3.737475555895674738e-04,5.519326475243420582e-06,5.846510736335103642e-04
9.281991102587929809e-01,6.774558026367882846e-02,1.534224425277038242e-03,1.039775383368053542e-05,2.510687298417456272e-03
9.514787210082534807e-01,4.570224247702396603e-02,1.340402128812213153e-03,9.401746389864441752e-06,1.469232639520663426e-03
9.745493625688440575e-01,2.348977062093601104e-02,1.103888206929919081e-03,1.069379285225918691e-05,8.462848104377641975e-04
9.834870525948069542e-01,1.520949950913435406e-02,7.294514487318158038e-04,9.709468401805838346e-06,5.642869789252227819e-04
8.587936628255657956e-01,1.307345549096633475e-01,8.069213565670207283e-03,3.618332596325298748e-05,2.366385373137323486e-03
9.137659564455091754e-01,7.850675917714336483e-02,5.632543463944723189e-03,2.912073865490169490e-05,2.065620174747707840e-03
7.010769673284984460e-01,2.811388590307271063e-01,1.365112991302483078e-02,4.501642723974412952e-05,4.088027300509861073e-03
6.122423067172595434e-01,3.490765447250854248e-01,1.467304410736401145e-02,4.977077265899160381e-05,2.395833367763199745e-02
4.573362704900592601e-01,4.664372495800039320e-01,2.933120438251143533e-02,7.932882091593957883e-05,4.681594672650952332e-02
5.802293290426574490e-01,3.038438875331702094e-01,2.336937609728007362e-02,8.309399453396467533e-05,9.247431333235818507e-02
8.455844974986198581e-01,6.487705735244887750e-02,6.636813020286114889e-03,5.509068415491153196e-05,8.284654144449032920e-02
8.227231336492745184e-01,6.633360295471961432e-02,6.122737772071836643e-03,5.345805168591555941e-05,1.047670675722481293e-01
7.760559697404794122e-01,9.404891672879112097e-02,1.148237181905879464e-02,6.066337188031944468e-05,1.183520783397904313e-01
9.740877565243158953e-01,1.464597903210249942e-02,1.202231008119124082e-03,1.288180686035153303e-05,1.005115162860229297e-02
9.885785995957135919e-01,8.124878089788591801e-03,6.012676375256591644e-04,7.472122968325994489e-06,2.687782554003896682e-03
9.893254999850866760e-01,8.866434781934839221e-03,3.730756824116984401e-04,4.694983997593744068e-06,1.430294566569143520e-03
9.952547726369143088e-01,3.986716903603116334e-03,2.083408208515364290e-04,3.739564906144866052e-06,5.464300737248347067e-04
9.845694012206603896e-01,1.337662513290575027e-02,5.444589751039520618e-04,8.679262640863809347e-06,1.500835408689043604e-03
9.828138506045901446e-01,1.459645524491904114e-02,5.914439877563240893e-04,8.741887884743278813e-06,1.989508274849957972e-03
9.776740554674134831e-01,1.688072826275862498e-02,1.622475233953727660e-03,1.949201192796897061e-05,3.803249023946186046e-03
9.858562622411786158e-01,8.592322867827561009e-03,2.025479030668102341e-03,4.004109818960178589e-05,3.485894762136112698e-03
9.924439261698263515e-01,5.448345579294549233e-03,5.793753991602817880e-04,1.030737044297190923e-05,1.518045481275884147e-03
9.929314499789783088e-01,5.656082211776794662e-03,4.914915444522682504e-04,1.063441454179169322e-05,9.103418502508391942e-04
9.823521076643075833e-01,1.370734801340790440e-02,7.396296654145142905e-04,1.313951000250896326e-05,3.187775146867609117e-03
9.833240597026619012e-01,1.368197626301861404e-02,6.312740309130773558e-04,1.212136830739004514e-05,2.350568635098816781e-03
9.935944507733908138e-01,5.301132589050423956e-03,2.241395190661478281e-04,4.740747294660769576e-06,8.755363711980116738e-04
9.887840282426596517e-01,9.867742766102978458e-03,3.573009865125546542e-04,6.529038222321327487e-06,9.843989665023558395e-04
9.971442891758195426e-01,2.533265311883822844e-03,1.311475767495922002e-04,3.480698803087237173e-06,1.878172367441062062e-04
9.943423151027704909e-01,5.046464000844059702e-03,2.078676864763241163e-04,5.238127193778018128e-06,3.981150827154640820e-04
9.874189127708298264e-01,1.128445609457637278e-02,3.933441659557177080e-04,8.634925264316816861e-06,8.946520433737545786e-04
9.690651070104824294e-01,2.836122017802087183e-02,8.581684225164437890e-04,1.214169906673981461e-05,1.703362689913648495e-03
9.838418233290042725e-01,1.371937847844952388e-02,5.386324373265185747e-04,9.686444028237448919e-06,1.890479311191451762e-03
9.357829649045528164e-01,5.725856495659496781e-02,1.985517526867663658e-03,2.254952288134807987e-05,4.950403089103159668e-03
9.621127971759310116e-01,3.380929445306744136e-02,2.104364067358748414e-03,2.600741047458587395e-05,1.947536893168040975e-03
9.967820210486889598e-01,2.846537461402925094e-03,1.779841370337758286e-04,5.298671261453376523e-06,1.881586816128338121e-04
9.974932858995781970e-01,2.239446356466586689e-03,9.729452060951583169e-05,3.405712251167127152e-06,1.665675110944979203e-04
9.952163702322771588e-01,4.395871989923497321e-03,1.363905909316692256e-04,4.241084733506232980e-06,2.471261021341837789e-04
9.820303447539517894e-01,1.706959075710523521e-02,3.434300453380626601e-04,7.279552573780280348e-06,5.493548910311745696e-04
9.786448693665227294e-01,2.011009507394631926e-02,6.998672407459419122e-04,1.134731914680031608e-05,5.338209996382165586e-04
9.894935369017745508e-01,9.677595000223507618e-03,4.308312123598055307e-04,9.096247892332355318e-06,3.889406377499827604e-04
9.958724814809641890e-01,3.726929689561839405e-03,2.265486654338624991e-04,5.000702097271657570e-06,1.690394619428933938e-04
9.970174889803720131e-01,2.725522291159280033e-03,1.417140263470386514e-04,3.664222539615923948e-06,1.116104795818698056e-04
9.963834337629474680e-01,3.322264275218157845e-03,1.244740859465251395e-04,3.881108385614055921e-06,1.659467675020352467e-04
9.871575826115481789e-01,1.183653654778221882e-02,3.869461043827444099e-04,7.421400809842223149e-06,6.115133354771820021e-04
9.647709550976680815e-01,3.271310967239109829e-02,8.320283688962556209e-04,1.168692973067712653e-05,1.672219931313831138e-03
9.954340250611681817e-01,4.067370744696085887e-03,1.636585337489406997e-04,4.307902623112664449e-06,3.306377577635806692e-04
9.959984846103808742e-01,3.614775270224457587e-03,1.437441811715022368e-04,4.417409236471702791e-06,2.385785289864923644e-04
9.855247893948632099e-01,1.347343156928871091e-02,4.511132378607621220e-04,8.848677564456167066e-06,5.418171204228022569e-04
8.635138001412909770e-01,1.293153563315718735e-01,3.216806987145924036e-03,2.776807014414343260e-05,3.926268469847014712e-03
7.895881267121529490e-01,1.967827573856449352e-01,5.442851490178771123e-03,3.654917180463999144e-05,8.149715240218617651e-03
6.938312725710030771e-01,2.776377042504502013e-01,9.593951696123929201e-03,6.662049076637938095e-05,1.887045099165639631e-02
5.778109083043269090e-01,3.425636484405874538e-01,1.216499577688091166e-02,7.181325994395042342e-05,6.738863421826073175e-02
5.620950106279463121e-01,3.778687056769637898e-01,1.771172360853842664e-02,9.823011206592316424e-05,4.222632997448559633e-02
5.772664940791902843e-01,3.565960788353517708e-01,1.557953685695151816e-02,7.941246340752042363e-05,5.047847776509882534e-02
6.562313526986576218e-01,2.993297035885482682e-01,2.092987066561229417e-02,8.037077605610427151e-05,2.342870227112571133e-02
9.158886016190302959e-01,7.485623165214480568e-02,4.623988718774384513e-03,2.236386423027532841e-05,4.608814145820226693e-03
9.755902371273932339e-01,2.175900615981718467e-02,1.168054476839400831e-03,1.134684853512008378e-05,1.471355387415081931e-03
9.633769780378952374e-01,3.379622619357851299e-02,1.216065393543826331e-03,1.141900395251006058e-05,1.599311371029856106e-03
9.638336026773375309e-01,3.204850554451409150e-02,1.936533588084166698e-03,1.918490193366773050e-05,2.162173288130588272e-03
9.938525655802887826e-01,5.137626170099842370e-03,5.221941890413061768e-04,1.213526324603776281e-05,4.754787973241227854e-04
9.015333342997430277e-01,8.904390149880413163e-02,5.028273562280687926e-03,4.842994555558585587e-05,4.346060693616511997e-03
9.010808528094983449e-01,8.859244391556503340e-02,7.258623443535089370e-03,4.624001121868126870e-05,3.021839820182821088e-03
7.332090746232027278e-01,2.452362143886559764e-01,1.576377109494353848e-02,6.317595909602553069e-05,5.727763934101630545e-03
5.851974743173367077e-01,3.626530807257005717e-01,4.647179786856664441e-02,1.353004701815647525e-04,5.542346618214464941e-03
5.317479355283403208e-01,3.731208490132507105e-01,8.964573145096810247e-02,1.903588773685162272e-04,5.295125130072350812e-03
4.418304449490559893e-01,4.412354076355698429e-01,1.029304174464665683e-01,2.588418044038545045e-04,1.374488816450366961e-02
4.536588577357968943e-01,3.794280035842378940e-01,1.564236617465034063e-01,3.223081362624644107e-04,1.016716879719940271e-02
4.034218868459674145e-01,4.549544589017038287e-01,1.131708768432096446e-01,2.334173422330634536e-04,2.821936006688608237e-02
5.694730149148142795e-01,3.041536114783471301e-01,1.046836418337009217e-01,2.850340448918289513e-04,2.140469772824591180e-02
4.240586064621444384e-01,3.692981545229629958e-01,1.918064175790868409e-01,5.646349266174924275e-04,1.427218650918820990e-02
4.871679365028045439e-01,3.307663895430029144e-01,1.372263134477451352e-01,4.350351584141143031e-04,4.440432534803336051e-02
7.865414339989135195e-01,9.998324395030465384e-02,5.496303561524855386e-02,5.659704978388441004e-04,5.794631593769448974e-02
6.682662880932179750e-01,1.381194828700104127e-01,1.587604463702571855e-01,1.871117071218964152e-03,3.298266559529546005e-02
5.954529276875322186e-01,2.065141235637395489e-01,1.700160281201918422e-01,1.253014454625660246e-03,2.676390617391084456e-02
4.539209040256484418e-01,2.915383657910751714e-01,2.357050398433611360e-01,8.521779051179986407e-04,1.798351243479743428e-02
3.142961562688064148e-01,3.638556272730911756e-01,2.409362325785937009e-01,9.456707500219634988e-04,7.996631312948676573e-02
5.088113631199646658e-01,2.361276610649868657e-01,2.019320446287981574e-01,8.666425707270771850e-04,5.226228861552306704e-02
3.050319330268549955e-01,2.690128850018773665e-01,2.389528738010550657e-01,1.317971711556465905e-03,1.856843364586562017e-01
3.072789505537517618e-01,3.140525666292407481e-01,2.847072886319720331e-01,1.239066106671379451e-03,9.272212807836423265e-02
5.240551644492449368e-01,1.919267945090906424e-01,1.625785015471863382e-01,9.448556297924882129e-04,1.204946838646856755e-01
4.977922595642247927e-01,2.314518032267433023e-01,2.341353481805217851e-01,9.351937894833456302e-04,3.568539523902679311e-02
9.338709566412876084e-01,2.176838775124755043e-02,4.184553681254923191e-02,6.066513151420215716e-04,1.908467479773541704e-03
9.276728379660585944e-01,1.380259940612630146e-02,5.542120120124074262e-02,1.630814754689050147e-03,1.472546671885228585e-03
9.302943384450338415e-01,1.598664803927272657e-02,4.934252115928487031e-02,1.462704720346947240e-03,2.913787636061683940e-03
7.428916171602155671e-01,8.425564160473829334e-02,1.548802178689988318e-01,2.077544882741513745e-03,1.589497848330575364e-02
6.024116526590101994e-01,1.451897774112731465e-01,2.426613073656909703e-01,1.639590350240152433e-03,8.097672213785619619e-03
7.889337507332857546e-01,7.872285034023922268e-02,9.757716181333249417e-02,1.130490302321115244e-03,3.363574681082152212e-02
6.776494038320871605e-01,1.207244739784497783e-01,8.940288752790943871e-02,1.188290908524929817e-03,1.110349437530286365e-01
5.171549326751004871e-01,1.367982797551715035e-01,5.020924227494912712e-02,6.555148227049844862e-04,2.951820304720739196e-01
5.672402691080463688e-01,1.204978722242418532e-01,3.959365871488165767e-02,3.378935062135034867e-04,2.723303064466166545e-01
4.744883628705346967e-01,2.157502811665993336e-01,5.900965685864995730e-02,3.589098992452065392e-04,2.503927892049707116e-01
6.154532297210015823e-01,1.655342063303644751e-01,1.199943398808010625e-01,1.515805179764186670e-03,9.750241888806863988e-02
6.705750293491524738e-01,1.689204418813833042e-01,9.238703152359646620e-02,1.096626900693932699e-03,6.702087034517387187e-02
5.457631772949241844e-01,2.979893426322099415e-01,8.035331572201850903e-02,5.420894946026144461e-04,7.535207485624481616e-02
5.212323766607533937e-01,1.926004405944385378e-01,1.207534165694757744e-01,1.099253850264158465e-03,1.643145123250680240e-01
3.690319525387751320e-01,1.658700169048162032e-01,4.764322885068948688e-02,4.411787196755154400e-04,4.170136229860437194e-01
4.807882514771782412e-01,8.497897447136722182e-02,2.293744474763848018e-02,3.366050676693644358e-04,4.109587242361467663e-01
2.662360507696331924e-01,9.833144711663123483e-02,1.513122076155906486e-02,1.699034023266274469e-04,6.201313779498499601e-01
5.575716822769128944e-01,7.153721280809362260e-02,2.180732328295944406e-02,3.259511629130374950e-04,3.487578304691210662e-01
5.258516109727355836e-01,1.077147859391702212e-01,5.410316176677837374e-02,1.146007279542868339e-03,3.111844340417728727e-01
5.287182134942034484e-01,4.313896449072410211e-02,5.625689725728538065e-02,3.140287432780929002e-03,3.687456373250061481e-01
4.291933798325661131e-01,3.568017235761728606e-02,4.627226756782810979e-02,2.671808506920377111e-03,4.861823717350682306e-01
3.281727870147466697e-01,4.012212532490608968e-02,1.025101031743357732e-01,6.820312334441937935e-03,5.223746721515696301e-01
4.879167097218071736e-01,4.194428162680279709e-02,1.870066771436514341e-01,1.965678984768284149e-02,2.634755416600557121e-01
5.258335868074790476e-01,4.514715235310978736e-02,2.221741509155344407e-01,3.112350797696131210e-02,1.757216019469155510e-01
4.785278197106095366e-01,3.200639952819695627e-02,7.862075956191202919e-02,1.157906526073590806e-02,3.992659559385455803e-01
3.653501722294385523e-01,4.568884626912038394e-02,5.748671810746808913e-02,5.780290261851631951e-03,5.256939731321212950e-01
3.453403374587226682e-01,5.820209772547411953e-02,8.212789748076078367e-02,9.172576539086877562e-03,5.051570907959554990e-01
4.653885664579801018e-01,9.723399029774362767e-02,6.516048840196785041e-02,4.228586757389164730e-03,3.679883680849192484e-01
5.253437977701063133e-01,9.780257788344190462e-02,5.812544632609752127e-02,3.509516102456342306e-03,3.152186619178977689e-01
3.981421283518520315e-01,9.216579993418388961e-02,8.871623853703940188e-02,6.983049994544464865e-03,4.139927831823801974e-01
5.085308702148891857e-01,7.201630869350089670e-02,5.509230994582343943e-02,3.997378336529466836e-03,3.603631328092569697e-01
4.818059744232974229e-01,6.167800029467915279e-02,4.484404050495060384e-02,3.056814354419150424e-03,4.086151704226537174e-01
3.451363172110135102e-01,9.180673859862878428e-02,4.885298997702369750e-02,2.076774838575101700e-03,5.121271793747589340e-01
3.415018581325205971e-01,8.480040453100107234e-02,5.539941286800564163e-02,2.164145599433093571e-03,5.161341788690396726e-01
4.204960095443758261e-01,5.654629093748480412e-02,2.607311707447253560e-02,1.184812959519888171e-03,4.956997694841469571e-01
3.710587955351473677e-01,3.754154655067069857e-02,1.094724573712215800e-02,6.941681698565053786e-04,5.797582440072032162e-01
3.158420091812011998e-01,5.943781670367120212e-02,2.890825265466162586e-02,1.509446603793158058e-03,5.943024748566728688e-01
2.863681005465938956e-01,6.503521953464995453e-02,2.074458877153457712e-02,9.870223222105652464e-04,6.268650688250110292e-01
2.356999577858603645e-01,9.643089946267308088e-02,6.519062943099034058e-02,2.115710164198325756e-03,6.005628031562777469e-01
2.722592290985956232e-01,7.740310341998479782e-02,5.415514089265917319e-02,1.910607214245896995e-03,5.942719193745145123e-01
1.165920494995765500e-01,1.030741893356476035e-01,6.283321840292865890e-02,1.155872000992230666e-03,7.163446707608549513e-01
2.019371306031772784e-01,7.304154426229689245e-02,8.615895074830084988e-02,2.550812410474272152e-03,6.363115619757505614e-01
3.193687480524217692e-01,7.147194018878413879e-02,1.098679931330044657e-01,3.325188441192905749e-03,4.959661301845967873e-01
1.858219460699090109e-01,5.453245164748071749e-02,6.653972036830431425e-02,1.791466989138996860e-03,6.913144149251670978e-01
1.217040410978729587e-01,8.441346243825578743e-02,6.320805647953883777e-02,1.377324530593253878e-03,7.292971154537392087e-01
1.309118524066493761e-01,7.685176692919409858e-02,6.226077005796602781e-02,1.320021897983101721e-03,7.286555887082073468e-01
8.899876657382072009e-02,4.270888430361220039e-02,2.402356434146374689e-02,7.796323946800214587e-04,8.434891523864234131e-01
1.240109402744888623e-01,3.388224649250540232e-02,3.845014415141660008e-02,1.269056480701899903e-03,8.023876126008872012e-01
6.919414964789369349e-02,2.068475914405250304e-02,1.244045166084521356e-02,4.192880084450842869e-04,8.972613515387634076e-01
9.439291066705485234e-02,1.915929723108445934e-02,2.082779749499970301e-02,7.043377545169616887e-04,8.649156568523439503e-01
9.886454795996704736e-02,2.467048449564186730e-02,1.565217083419647229e-02,4.431730275231869024e-04,8.603696236826714472e-01
1.166748741268801015e-01,3.026081758306957414e-02,8.142804183579998439e-03,2.453739125442008047e-04,8.446761301939258448e-01
2.015611490864204769e-01,3.242277486994584595e-02,5.532940247486380428e-03,2.440953191785890492e-04,7.602390404769687748e-01
3.943356328664101018e-01,4.199490728815546275e-02,9.006336069953692347e-03,5.425582322118265412e-04,5.541205655432689392e-01
4.805287777533545079e-01,5.418597131997246463e-02,1.176956744161371769e-02,6.022701127633158479e-04,4.529134133722959588e-01
3.399150244808219479e-01,6.519057250103929557e-02,1.281798681691546406e-02,6.533471789606187623e-04,5.814230690222628173e-01
1.439844493816941629e-01,4.059347167172425858e-02,9.199831874160220233e-03,4.079789851576015223e-04,8.058142680872636410e-01
8.563203797519584881e-02,5.240568598047238430e-02,1.618374353508130262e-02,5.475617881166680752e-04,8.452309707211338452e-01
6.114191794328151935e-02,2.580048340962646375e-02,9.027629793748928252e-03,4.149238891885347990e-04,9.036150449641545679e-01
9.642480260036345729e-02,4.296829804960053401e-02,1.031194723868771555e-02,4.623041883342592366e-04,8.498326479230140507e-01
1.452160036006522326e-01,3.934929450532372031e-02,1.077742327210447042e-02,5.058524926759694600e-04,8.041514261292436183e-01
1.887415772367017353e-01,3.039616208605136136e-02,9.315735908392084111e-03,5.442163539072695198e-04,7.710023084149475459e-01
2.273841923640439744e-01,3.950050282492849341e-02,1.544163737874697413e-02,7.021330305148871338e-04,7.169715344017656422e-01
1.819521716857414873e-01,3.749732540716629869e-02,1.323559579799551966e-02,7.128667081784051743e-04,7.666020404009181721e-01
2.231430624456979539e-01,4.337173797733388098e-02,1.181817709822018114e-02,6.749713519573609464e-04,7.209920511267905452e-01
4.575165354880473823e-01,5.144589972893034296e-02,1.165725093290129015e-02,6.966884959142951922e-04,4.786836253542066655e-01
2.553653031346687641e-01,5.001694174720915098e-02,1.276956226995686408e-02,6.294868343031488752e-04,6.812187060138621408e-01
1.269904460172988081e-01,1.173498860161502344e-01,4.973803991368738742e-02,1.021634826127424713e-03,7.048999932267360213e-01
1.477760332630597695e-01,1.178911167611744054e-01,5.984961817691347025e-02,1.503256362815599302e-03,6.729799754360370478e-01
1.503138072884605825e-01,7.301525568553215995e-02,4.166104355558537808e-02,1.874531561638481626e-03,7.331353619087834783e-01
1.413797855439060946e-01,7.708352111397245854e-02,5.501335036059112893e-02,2.267360694626392812e-03,7.242559822869040209e-01
1.146037973214053540e-01,5.770504292269736102e-02,5.058912282669045246e-02,3.366746129400367479e-03,7.737352907998064078e-01
2.600543754093755378e-01,5.827603960150545132e-02,5.818747669091578478e-02,4.655393122191638609e-03,6.188267151760116214e-01
2.766912865060883187e-01,5.996192355980358574e-02,5.042294190359809108e-02,4.346926352386574870e-03,6.085769216781233837e-01
1.760480328044381204e-01,4.475037406803329676e-02,4.039619127403940024e-02,3.444234098246910184e-03,7.353611677552422954e-01
1.170409779531847716e-01,6.347457256823872684e-02,9.143485994894122448e-02,7.773484866354901657e-03,7.202761046632804032e-01
1.368941402063188761e-01,4.139525285977734004e-02,7.880612402175797560e-02,4.601126052770729280e-03,7.383033568593750928e-01
1.282806657851566778e-01,4.342651792283682560e-02,3.051790361448389680e-02,1.619461470323799862e-03,7.961554512071988832e-01
1.915277690712133551e-01,5.095025560093796591e-02,4.043041499496611429e-02,2.566383191358623164e-03,7.145251771415238595e-01
1.647789329194893904e-01,2.774848715174618383e-02,4.451832952075698846e-02,4.028784238776761048e-03,7.589254661692305115e-01
1.182964400590252874e-01,3.402027314065415170e-02,3.748243023644709515e-02,2.743415455856611489e-03,8.074574411080168712e-01
7.233288280575471407e-02,3.663710925200583390e-02,4.691281396008031152e-02,1.840348396357695477e-03,8.422768455858012926e-01
1.461428937728392052e-01,3.547613895262485828e-02,4.435413389964976832e-02,2.758104229910662061e-03,7.712687291449755733e-01
2.040605012890399084e-01,4.558108995896314325e-02,6.307539982276762214e-02,5.246980879132836888e-03,6.820360280500964434e-01
1.565941096401502752e-01,2.651905075412673563e-02,1.364763224953239040e-01,2.080721003667926339e-02,6.596033070737198356e-01
2.071023002276964342e-01,2.449504768494151913e-02,5.882394423710377712e-02,8.522303023527485685e-03,7.010564048267308168e-01
2.729104007069364513e-01,2.690443321946245359e-02,4.676788797452888224e-02,8.783585460505108009e-03,6.446336926385670685e-01
2.232591806309334459e-01,2.483035596002665726e-02,4.895420549539677285e-02,1.472301413513505373e-02,6.882332437785080304e-01
3.516644548555235561e-01,2.258581707351664872e-02,2.233788924491719036e-02,5.312030648609691701e-03,5.980998081774330233e-01
3.827634089725981403e-01,1.900662380911319338e-02,2.128775741537951294e-02,3.060458516092926483e-03,5.738817512868162884e-01
3.749004828076684670e-01,2.538839556723259533e-02,4.060338025640024273e-02,6.843361935552328378e-03,5.522643794331463241e-01
3.487705735902498771e-01,2.983788111016236200e-02,7.448599744077412377e-02,1.771821272724942789e-02,5.291873351315641294e-01
2.900728825142844802e-01,3.355126111370473202e-02,9.047277547181643842e-02,1.683614819384078934e-02,5.690669327063534455e-01
2.437638866584289354e-01,2.143276824598696825e-02,4.844457950952898995e-02,6.636539417616282160e-03,6.797222261684388034e-01
3.260180420973036730e-01,2.573842598846505167e-02,7.344157194372531727e-02,1.032747119149149406e-02,5.644744887790144050e-01
3.194368683745636983e-01,3.388327831123532502e-02,7.383930309908876000e-02,5.868195535847393896e-03,5.669723546792648783e-01
3.465530069669964797e-01,2.736782174073864454e-02,4.869131518628492389e-02,3.537965924132823771e-03,5.738498901818470666e-01
3.294497268042626548e-01,1.889554627381611826e-02,3.829603540144866508e-02,5.355698194858171148e-03,6.080029933256143604e-01
3.902541277959354349e-01,2.580540038261344010e-02,3.252887942524679971e-02,4.177916371194554529e-03,5.472336760250097187e-01
3.276578497564226478e-01,2.783875019476870355e-02,4.497507427104135980e-02,6.424630681411302134e-03,5.931036950963558541e-01
2.488327944299602024e-01,3.176013859123866939e-02,2.815412841648386871e-02,3.766666168804956236e-03,6.874862723935122322e-01
2.166455343500468533e-01,2.829074594901224982e-02,2.374754042762012088e-02,2.500803435363966893e-03,7.288153758379568581e-01
2.568946266681918500e-01,2.445218799056806877e-02,3.624749326728253507e-02,3.770129469565439585e-03,6.786355626043919509e-01
3.785798207022477158e-01,3.156986577531807614e-02,3.437912479594700671e-02,2.350723659064483852e-03,5.531204650674227397e-01
2.936316953774282812e-01,4.132378960931821360e-02,4.141277947265296910e-02,3.388053196680505894e-03,6.202436823439200220e-01
1.107550569651221395e-01,2.995268731887871030e-02,2.439745311786153947e-02,1.310525710676968981e-03,8.335842768874606179e-01
1.690749906153233284e-01,9.001982924024203025e-02,4.828908923453712615e-02,1.917275637285909560e-03,6.906988152726114549e-01
1.408335429484131873e-01,1.471371188302533772e-01,1.056756297315731841e-01,2.525048967770715351e-03,6.038286595219896080e-01
7.069945850901598883e-02,1.644310919080889111e-01,1.451761766696615108e-01,2.072708017567148186e-03,6.176205648956664129e-01
1.718454171434664890e-01,1.585646982364024571e-01,8.586374559618929758e-02,1.432575969742909839e-03,5.822935630541988816e-01
6.678841622410362777e-02,1.518999921385502383e-01,1.173155600457488762e-01,1.234885242043931575e-03,6.627611463495532984e-01
7.227004330089298323e-02,8.806074947303829670e-02,4.996096018616046075e-02,3.409430566342823519e-04,7.893673039832739269e-01
1.912618679789980167e-02,2.864889600509180553e-02,1.410970660739231490e-02,1.421324903617763582e-04,9.379730780992541206e-01
1.121069691940394970e-02,1.740230884741626738e-02,1.023068986139872780e-02,9.185683868314644621e-05,9.610644475330979430e-01
3.565032976254268061e-03,7.228166800199282115e-03,3.027631597532441307e-03,4.122031326706711448e-05,9.861379483127468148e-01
1.556816908342941938e-02,3.865460799206306419e-02,2.209497775118090049e-02,3.321103607651899555e-04,9.233501348125614516e-01
7.848214875628025874e-03,1.669753355903480854e-02,6.836784368165471464e-03,9.148783497570182064e-05,9.685259793621960878e-01
2.757940378621911125e-03,4.012626173973621140e-03,1.507848706762657731e-03,2.201119132307927998e-05,9.916995735493188135e-01
4.205724534133666211e-03,2.099503625187121303e-02,6.190592186782516507e-03,4.148418309035717714e-05,9.685671628441222536e-01
4.387372110457458778e-03,2.592324667687430709e-02,1.000144476734002134e-02,5.592493893654184727e-05,9.596320115063917688e-01
1.136884112292643398e-02,1.876618672011695632e-02,6.874808481111402067e-03,5.677090252929827913e-05,9.629333927733159104e-01
2.397235159929241716e-02,3.214455092089710947e-02,9.136312001182488735e-03,6.359935579280148309e-05,9.346831861228351856e-01
2.309011903875442598e-02,2.245136282602105612e-02,4.382220300667106702e-03,3.426139750952677621e-05,9.500420364370479875e-01
6.933579096726698310e-02,3.667872315010081707e-02,6.465455647519435800e-03,5.495294939957567795e-05,8.874650772857131109e-01
6.429773282037858084e-02,6.529003602564591169e-02,1.067917555527773260e-02,7.769685353649457128e-05,8.596553587451613021e-01
2.428488867680182739e-02,3.697365948125422297e-02,6.118351075811507417e-03,4.767996120071040390e-05,9.325754208049318317e-01
4.163029877989885691e-02,1.131471347028605856e-01,2.813698365195438367e-02,1.703901093354148267e-04,8.169151927559505921e-01
5.229008017334035863e-02,2.016186028870129432e-01,7.457846783161382886e-02,3.698147569454202370e-04,6.711430343510873531e-01
8.370505736085391557e-02,1.728644771715559803e-01,4.399088493066002914e-02,2.169634683900030828e-04,6.992226170685400533e-01
3.837632466316605317e-02,8.310635419519959988e-02,2.168327634210336086e-02,1.187744006007411220e-04,8.567152703989302509e-01
4.146457035333570018e-02,3.628237600466741042e-02,9.165490979986243292e-03,7.598775421752085129e-05,9.130115749077931664e-01
1.760064561976027939e-02,3.384393111492944167e-02,9.136121282585524944e-03,6.291119466660889041e-05,9.393563907880581043e-01
1.638429551934794323e-02,4.706895061958388249e-02,2.412424487317961497e-02,1.026429546145909321e-04,9.123198660332738630e-01
7.136891258078882291e-03,2.459882916282360443e-02,2.295109180858669398e-02,9.721491339204687415e-05,9.452159728571188912e-01
4.828878885603357131e-03,1.534487037936862856e-02,8.299204047164082665e-03,4.453006075790423709e-05,9.714825166271059409e-01
4.326375990215430845e-03,9.211587301369996914e-03,5.670170319857694569e-03,4.352809960406834781e-05,9.807483382889528034e-01
6.093303101497840081e-03,5.850763170997896542e-03,2.761005570753548560e-03,2.433290098946443969e-05,9.852705952557613278e-01
5.389027670498465136e-03,5.522384413396651086e-03,2.481199894137510464e-03,3.791900555396498308e-05,9.865694690164135139e-01
1.313723815841282352e-02,2.144984047061777171e-02,8.308793683018862036e-03,9.087228419346672658e-05,9.570132554037572570e-01
1.685702748207966103e-02,2.100394553340756768e-02,7.666777790018074884e-03,1.147340052532221631e-04,9.543575151892415009e-01
2.918433143134921068e-02,3.460624562910262492e-02,2.504424762785021491e-02,4.187604232493923571e-04,9.107464148884485411e-01
2.579589937204933986e-02,2.905745370141543660e-02,1.512624066000100784e-02,2.228547035116147179e-04,9.297975515630224619e-01
3.550574107207930125e-02,2.785990160587294151e-02,2.309543409874601286e-02,3.487968972096480063e-04,9.131901263260920887e-01
7.089611029506498463e-02,7.295789041266688424e-02,1.189855574892681456e-01,1.903787058726775930e-03,7.352566547442732636e-01
2.921840053616779620e-02,6.062343270639146409e-02,9.905838581405827792e-02,8.369552312241965945e-04,8.102628257121583522e-01
4.785001203321387168e-03,1.295815520206173091e-02,9.910979065532721927e-03,8.323430667737385393e-05,9.722626302224067762e-01
1.274640078836003325e-02,3.937927418361719667e-02,2.484162462370464314e-02,1.685520319007410362e-04,9.228641483724175920e-01
1.639452102970683292e-02,1.035141223623880502e-01,9.768801556423406529e-02,4.854188130949887384e-04,7.819179222305759902e-01
1.691539155453497534e-02,1.325331595716459088e-01,1.956284151376461167e-01,9.742663824513994337e-04,6.539487673537216494e-01
1.065255369784911046e-02,1.084031394699607603e-01,1.793620676339451048e-01,9.055838062639619051e-04,7.006766553919810958e-01
3.661474070072107817e-02,1.230259113526295661e-01,1.607567247570919067e-01,1.669712825751118804e-03,6.779329103638064291e-01
5.444338514228026782e-02,7.370227269252431490e-02,5.272053123796053425e-02,1.013580537572580237e-03,8.181202303896623063e-01
2.009507614809704079e-01,1.079701134766704179e-01,6.438230448282171448e-02,1.418385824869917685e-03,6.252784347346674876e-01
3.587450287226073842e-01,1.265546240124946764e-01,1.591957635059526588e-01,3.720189542769833466e-03,3.517843942161754667e-01
1.488398514097377945e-01,1.173153746115052493e-01,1.026239550957911001e-01,2.518197936442214367e-03,6.287026209465237381e-01
4.910681968041684664e-01,1.251662468075988854e-01,5.483847892723181516e-02,1.324628771831914574e-03,3.276024486891689902e-01
1.346050340206523255e-01,9.730335806132674181e-02,3.916330525349424885e-02,4.620754712318969788e-04,7.284662271932949018e-01
5.263846265451631312e-02,9.727335332897105169e-02,5.617600196592165834e-02,6.159576029268294325e-04,7.932962244476641223e-01
3.053182438316902614e-01,1.271318216155403469e-01,8.227735534990572586e-02,1.348212571462557722e-03,4.839243666314011483e-01
3.960533026971534420e-01,9.529428551625050703e-02,1.266432358376724798e-01,3.091144345500335035e-03,3.789180316034231333e-01
1.018368556017872906e-01,1.070116419334564278e-01,1.431360210120904142e-01,2.135274352414479916e-03,6.458802071002514023e-01
1.382966180335404305e-01,7.261751179203361495e-02,8.254770382208551083e-02,1.532442557462227167e-03,7.050057237948782474e-01
8.706480559314846990e-02,1.248716015068864760e-01,6.331468656469425860e-02,4.797725541189987869e-04,7.242691337811517638e-01
2.012147887631246801e-01,1.027935914389744715e-01,3.495938563569365998e-02,3.453343073887041011e-04,6.606868998548185434e-01
4.641529850010907010e-01,5.556046696723350442e-02,3.811406393813439319e-02,1.427604956030569016e-03,4.407448791375108144e-01
4.234493389986299094e-01,7.739212150803516377e-02,4.962112051880714081e-02,2.020616291884840335e-03,4.475168026826429890e-01
7.105439001290515533e-01,5.806467276539405836e-02,2.207889189874550837e-02,8.612946772599996796e-04,2.084512405295488868e-01
4.205263627002254201e-01,1.011733376077943586e-01,2.366774256390603501e-02,6.214936973630683136e-04,4.540110634307111259e-01
6.849448945486982798e-02,6.617252055214135897e-02,1.878295548913241908e-02,3.277276025723880790e-04,8.462223069012841936e-01
1.181888760234196464e-02,1.258735255085358454e-02,4.121348703028677313e-03,9.343745556885383382e-05,9.713789736882068038e-01
6.420608553889488312e-02,1.710067314362652066e-02,2.894480856392621804e-03,7.636742021046059392e-05,9.157223930408756596e-01
1.010596805508773427e-01,1.806614923961719424e-02,2.586129803561561420e-03,6.571396177221270555e-05,8.782223264441717525e-01
1.141147347194017003e-01,6.780539619429683251e-02,8.800808245292793264e-03,9.989394015922186385e-05,8.091791669008493448e-01
3.692553361795172795e-02,2.136708345540465348e-02,4.520039454316821144e-03,4.883025724865483756e-05,9.371385132150782393e-01
4.159329205808225960e-01,3.793846288551305096e-02,8.342043903143156122e-03,1.768492880783076554e-04,5.376097233424429467e-01
1.399945496177518178e-01,6.174752258819094647e-02,2.969255979517389579e-02,3.935835045905529102e-04,7.681717844942929085e-01
1.974242985232326775e-01,1.074339644916374459e-01,3.506634311330700943e-02,4.394918258091391403e-04,6.596359020460136335e-01
8.858037112124134138e-02,5.470318402643577910e-02,1.711830597454442465e-02,2.371463129974129094e-04,8.393609925647809167e-01
9.392184884118708055e-02,6.146966445327654155e-02,2.797381347810654062e-02,5.963617078939024638e-04,8.160383115195359860e-01
3.769363422155596610e-01,5.473168603097324642e-02,2.196251660448944598e-02,3.599728374827054875e-04,5.460094823114948204e-01
2.542742691249338383e-01,7.507687432486209733e-02,2.585595115477079195e-02,4.144362735367668193e-04,6.443784691218964467e-01
1.388805121250082097e-01,1.074050869119776291e-01,3.497080629189793649e-02,5.351494810987547559e-04,7.182084451900172528e-01
5.697149568576393569e-02,1.125029130247022086e-01,3.017567660052352177e-02,3.195364612085152111e-04,8.000303782278018749e-01
9.195750785398329463e-02,1.391858404104278357e-01,2.610592116001910976e-02,1.844497425102027048e-04,7.425662808330595333e-01
5.390388057684902118e-02,1.228849092152168726e-01,3.947519913156249255e-02,2.254624002046578559e-04,7.835105486761670956e-01
7.569569023200559132e-02,4.350039655993150761e-02,2.279429841905619702e-02,3.314787663928998396e-04,8.576781360226136686e-01
4.055417876760358808e-02,4.272211492218496581e-02,1.949171439432659247e-02,2.270495792700368324e-04,8.970049423366147634e-01
9.261803415979447118e-02,1.069099300696143562e-01,9.411298538405422909e-02,8.539362949180708852e-04,7.055051140916188679e-01
4.455999608989461708e-02,8.428497953366176354e-02,6.185959431489212318e-02,4.996877092849928963e-04,8.087957423522664779e-01
2.229890264058792884e-02,2.657443158940636305e-02,1.373629474705391831e-02,1.035575440211007896e-04,9.372868134789307248e-01
8.801217920321497898e-03,1.438728553036341257e-02,6.898967130310479194e-03,5.089060091515114402e-05,9.698616388180893999e-01
4.420129483086284589e-03,8.265353993663231147e-03,6.376941715889965050e-03,5.829236627681644355e-05,9.808792824410837996e-01
5.510034025664902607e-02,1.682931285604652438e-02,3.711902346824632378e-03,4.424386606278127434e-05,9.243142006744170525e-01
1.217994484482979624e-02,1.137750659828393185e-02,8.010580664449014690e-03,6.046805065604291598e-05,9.683714998417810582e-01
5.755970571892055077e-02,1.634132728336302326e-02,5.932644269407434667e-03,5.185048768856319177e-05,9.201144722406205956e-01
4.999362311272469855e-02,6.173444319240563999e-02,2.421714717263807187e-02,1.135247598975290626e-04,8.639412617623341006e-01
2.675361559198500758e-02,2.892734463533384870e-02,9.659774197698750911e-03,4.842585668221077076e-05,9.346108397183002792e-01
4.609611289307202764e-02,3.320983804151952240e-02,1.015953336982695215e-02,6.660055150418095254e-05,9.104679151440772111e-01
4.260329516087637408e-02,3.069096936961215535e-02,7.538736320736798974e-03,5.775719522424814035e-05,9.191092419535504821e-01
7.610555336239399615e-02,4.220757735858491483e-02,1.450949932300681609e-02,1.766377141123479729e-04,8.670007322419019946e-01
4.775082041578793124e-02,9.091800762889050425e-02,2.283090756100895902e-02,1.199380574359472634e-04,8.383803263368766467e-01
3.135596017274233649e-02,7.583088254026995600e-02,1.917821032484091914e-02,1.142049246160916102e-04,8.735207420375307175e-01
1.620404672197377563e-02,1.645587178048521504e-02,3.126511763908141391e-03,3.464699302121924224e-05,9.641789227406114549e-01
5.178730576920978490e-02,2.115286286447561753e-02,4.247707503623742407e-03,5.704769558838611640e-05,9.227550761671023949e-01
1.295119840106240261e-01,6.547354611218539344e-02,1.120859066702703521e-02,1.235309085013126232e-04,7.936823483016622882e-01
2.102144714692631700e-01,2.195856078124906394e-02,5.612948942117466922e-03,9.442624179089971416e-05,7.621195925655794845e-01
3.635258253694457348e-02,2.736166108428540744e-02,5.314965656804539196e-03,4.251185517127855826e-05,9.309282788667941899e-01
3.145252415652679667e-03,5.826852037992712695e-03,2.376176053177129609e-03,1.670984198035291703e-05,9.886350096511972163e-01
5.011568365389376840e-03,1.431777394370045350e-02,3.933241876448513238e-03,2.406112859128653003e-05,9.767133546858705051e-01
1.321628252332596697e-03,7.715310016139714094e-03,2.416509117424281948e-03,1.067368048751818259e-05,9.885358789336159413e-01
3.858351591328611392e-03,1.976345555897829689e-02,5.468166386272765508e-03,2.502151941939762637e-05,9.708850049440008734e-01
6.919341570355985391e-03,4.626436704654704468e-02,1.503105640969460560e-02,4.863406095560063601e-05,9.317366009124468107e-01
1.248410209034850338e-02,1.141618338093520896e-01,4.763098671516348415e-02,1.265433963478283211e-04,8.255965339887880727e-01
2.218717708317387641e-02,6.645157445765657866e-02,2.352907715264539526e-02,1.363540111396966846e-04,8.876958172953843818e-01
1.140160104900404120e-02,2.861212729768557519e-02,9.230837721950472044e-03,4.890944931264728460e-05,9.507065244820473993e-01
5.674244055000857850e-02,5.420074003199258639e-02,1.137980583432054472e-02,6.549478429971150009e-05,8.776115187993785982e-01
2.018296279174559837e-02,4.093412655955184359e-02,2.059525778639374749e-02,1.015721085627609090e-04,9.181860807537460811e-01
4.338958100757659558e-03,6.416264281568094877e-03,4.248570436532935791e-03,2.771206393711575226e-05,9.849684951172040792e-01
7.048474387762213023e-02,1.271365744748889463e-02,4.886682667732726582e-03,4.452331388226679040e-05,9.118703926932739678e-01
1.941109202297648939e-01,2.230363737706349964e-02,4.342394389583865456e-03,4.296115608690703481e-05,7.792000868475009723e-01
1.179020335219631566e-01,4.870290555755374395e-02,8.751370949049980599e-03,6.044215640082892152e-05,8.245832478150322276e-01
1.758988563255515364e-02,2.824687243335624945e-02,4.988464982346649083e-03,2.896377429839293703e-05,9.491458131774436202e-01
1.415023083879345459e-02,2.688718721442124801e-02,4.512921720172495890e-03,2.542161103820016348e-05,9.544242386155747937e-01
1.440942751293356264e-02,1.471443764580146127e-02,5.139648802712126069e-03,3.419713839772860523e-05,9.657022889001550814e-01
2.604742371454700847e-02,3.798644484378233682e-02,9.639573273299980108e-03,4.961829526345353029e-05,9.262769398731072190e-01
9.725934336798379432e-03,1.451186354616203558e-02,4.479422218088866675e-03,2.736502300117243182e-05,9.712554148759496853e-01
8.090036694813344115e-03,1.783648038587393181e-02,9.253726638469362761e-03,6.528153311179676020e-05,9.647544747477315719e-01
5.800306169457947539e-03,1.802440262656146777e-02,2.001917813794868578e-02,1.065148713324187506e-04,9.560495981946997013e-01
2.465493790263662346e-02,4.732443333907115218e-02,2.970528591865289475e-02,2.264189649265857768e-04,8.980889238747127301e-01
1.140796513654339650e-01,8.934747543963225680e-02,2.629161030938686333e-02,2.661028902868990470e-04,7.700151599952599346e-01
7.589150788985032925e-02,1.657452058883268631e-01,8.412222813321482140e-02,5.281621801371217881e-04,6.737128959084708324e-01
3.930011312768603299e-02,1.117829811728743017e-01,5.346289733612329120e-02,2.914850888257685367e-04,7.951625232744905514e-01
9.533048198664278994e-02,1.275675745590132970e-01,5.142891798985295415e-02,4.033047841152888661e-04,7.252697206803756513e-01
5.883634080569365848e-02,1.252801985747642177e-01,6.094092981579324331e-02,4.440856363945077170e-04,7.544984451673543147e-01
4.772109198045367817e-01,6.645220915956587260e-02,2.278144025694063546e-02,3.682066241204530639e-04,4.331872241548362923e-01
6.829571895961765449e-02,6.239140112079173683e-02,1.910729824299703047e-02,2.575250362789658189e-04,8.499480566403146975e-01
5.146763513275356625e-03,2.638202948870973195e-03,1.210662225011486159e-03,1.982633468211859016e-05,9.909845449781597981e-01
2.565713838302694904e-03,2.075528602694921409e-03,9.152914704959767486e-04,1.965027791588009790e-05,9.944238158105904724e-01
1.860156625064346425e-02,1.091718300579169743e-02,3.124912697126907939e-03,3.605225608750992826e-05,9.673202857903504537e-01
6.895035034040862543e-02,4.291256669370713955e-02,1.185109876508667545e-02,1.191916460503634795e-04,8.761667925547471647e-01
1.656388443169651836e-01,5.497100568572194090e-02,2.285827808064648525e-02,1.946955102260760349e-04,7.563371764064401592e-01
1.614455705307597522e-01,4.141324400130880212e-02,1.258360941185917084e-02,1.598651850245935756e-04,7.843977108710477042e-01
3.829637942441781462e-01,6.281410168812402717e-02,2.948883697847493740e-02,3.565703629266972767e-04,5.243766967262961654e-01
3.819652600120709840e-01,1.335277367542866134e-01,1.196472984217941404e-01,1.353610074273219402e-03,3.635060947375751139e-01
7.572251448769145021e-01,4.786239862944033363e-02,1.337708576882242623e-02,1.966627562135734046e-04,1.813387079686092640e-01
3.516586196140711329e-01,1.148172310140087582e-01,3.347024082168667536e-02,4.286791027534811319e-04,4.996252294474799460e-01
5.340414490278595772e-02,8.289498107351721268e-02,2.408338931337007313e-02,1.346822961810031265e-04,8.394828024141456346e-01
2.351480947731023410e-02,2.380680230377793874e-02,1.368797926882042888e-02,1.021386730286956310e-04,9.388882702770626754e-01
4.340722357853231406e-02,2.003420907168806248e-02,2.639269721955697645e-02,3.848036188988124837e-04,9.097810665113238437e-01
8.909308282250004429e-02,1.953587779886278158e-02,1.427931394520615821e-02,4.037078604921674860e-04,8.766880175729386826e-01
1.853713898387900350e-01,3.840048663777276966e-02,2.454729012031682880e-02,7.516513126059479535e-04,7.509291820905142911e-01
2.511123819941564750e-01,3.538704783251354208e-02,1.763903145194187921e-02,6.888504794595692350e-04,6.951726882419284603e-01
2.478585401342606187e-01,6.269883458360307749e-02,4.700828812047405658e-02,2.266871505886627024e-03,6.401674656557756471e-01
1.952233524710283163e-01,1.584035543597596407e-01,1.073913087827444712e-01,3.278343175428960823e-03,5.357034412110385224e-01
2.096025744689003212e-01,3.066812716808259842e-01,2.770820635200935134e-01,2.892416662847733817e-03,2.037416736673325346e-01
1.759245403135512864e-01,2.139243609556530090e-01,4.690300350845953425e-01,4.621536240073902471e-03,1.364995274061264474e-01
1.164064524730290817e-01,1.570079984478600088e-01,5.676130881624807945e-01,7.923375684769589852e-03,1.510490852318606414e-01
2.239278541310182058e-01,1.262674040100736361e-01,2.325502950961116921e-01,6.875467534614413193e-03,4.103789792281821169e-01
1.516282390391528734e-01,9.517506729100878859e-02,7.750249891934925250e-02,1.583593235933337647e-03,6.741106015145558183e-01
5.822724822656283328e-02,6.067336307172341986e-02,5.436086837298670371e-02,1.219599526758321454e-03,8.255189208019687586e-01
8.401803762008998311e-02,5.335684260342445778e-02,3.316932403935792667e-02,4.899813383766536386e-04,8.289658143987509442e-01
1.490424783818327936e-01,5.005608727819318288e-02,3.004808186837210765e-02,4.107030300746133738e-04,7.704426494415274052e-01
6.336910039789483973e-02,7.681386943845010251e-02,4.592581268437920250e-02,4.499157885499149856e-04,8.134413016907260374e-01
2.479432870399443309e-02,9.844684345410979753e-02,8.147598553965137991e-02,6.182341499378135249e-04,7.946646081523065508e-01
1.741829440027081038e-02,5.701977567514771722e-02,5.241641957065247548e-02,7.272065527638214670e-04,8.724183038011652513e-01
5.688465263467178817e-02,7.939502469376431837e-02,7.139681359577933206e-02,1.287993883111905515e-03,7.910355151926725670e-01
5.391057699857470381e-02,8.764891030584560927e-02,1.443214875030418287e-01,3.184219451851485333e-03,7.109348057406863486e-01
1.696546114475281641e-01,1.362398242691965355e-01,1.279347690567799734e-01,2.476477638199684871e-03,5.636943175882956902e-01
8.376162588244645546e-02,1.417565002169294541e-01,1.087230904131358256e-01,1.782461899104326305e-03,6.639763215883839331e-01
1.852774012386826374e-01,7.144279938198450086e-02,7.903485305884333512e-02,2.442640661470163628e-03,6.618023056590193187e-01
3.895055712503318057e-01,2.352245805980908433e-02,2.504350025524578263e-02,7.412243025432450850e-04,5.611872461320702721e-01
4.242878697603740812e-01,4.988281041482876821e-02,4.931397398186053438e-02,1.837006202035436310e-03,4.746783396409011702e-01
3.344973895797773156e-01,5.385944474687375666e-02,6.000156280978804352e-02,3.223599551687919475e-03,5.484180033118729591e-01
6.183055638550392086e-01,3.232179707079629871e-02,2.839577376973700940e-02,1.709958494777755146e-03,3.192669068096495311e-01
3.592969416961573348e-01,7.837176758177624714e-02,5.958300995765696689e-02,3.036037458163443926e-03,4.997122433062459734e-01
3.362189780196730426e-01,6.930153701076990913e-02,3.101081613084449504e-02,1.643263628778094320e-03,5.618254052099345142e-01
3.545996255704573219e-01,7.358924570315822367e-02,3.812460316324785270e-02,1.499087418254862244e-03,5.321874381448816749e-01
9.871727856643691679e-02,7.594052540761893344e-02,5.420231659888944536e-02,1.296652883152888628e-03,7.698432265439015820e-01
1.831757499754374241e-01,5.242787469934413747e-02,2.941126395601758453e-02,8.604794638997313857e-04,7.341246319053009728e-01
4.976005296401272426e-01,8.267001254449166114e-02,4.041608291282226123e-02,8.405722507334898938e-04,3.784728026518253685e-01
4.486605913410516289e-01,7.885080365000413094e-02,2.729347584794035442e-02,5.691183541839233686e-04,4.446260108068199601e-01
7.675373229953017518e-01,6.343930756300300566e-02,1.646747657004074897e-02,2.201327248195144659e-04,1.523357601468349476e-01
4.977130759802715354e-01,1.293631302038749098e-01,1.688001224821508717e-02,2.125885497505518762e-04,3.558311930178879035e-01
1.783531960407675754e-01,1.539880315437732738e-01,2.969830060827841067e-02,3.357057695581390543e-04,6.376247660376226367e-01
1.892366948069897636e-01,2.056302278998096977e-01,4.083521878079659356e-02,3.890497839129954788e-04,5.639088087284909179e-01
9.896766712183910353e-02,2.903804940142629687e-01,8.401607288869242240e-02,6.830849913323397112e-04,5.259526809838732664e-01
4.573515643006885456e-02,3.267740167194652656e-01,9.967030419149844334e-02,3.971410696716748401e-04,5.274233815892956923e-01
5.261762185065973346e-02,2.462814712276306384e-01,9.432083116005890444e-02,6.046234695866332378e-04,6.061754522920641541e-01
3.711922220442727405e-02,2.217216910571044863e-01,1.248840727113170873e-01,8.003457136686225118e-04,6.154746683134826313e-01
3.572848793834488834e-01,1.363088701900554700e-01,4.930295057960734639e-02,5.987908442893794892e-04,4.565045090025988683e-01
7.675038561415058469e-01,7.573342271690598759e-02,2.061721361923714302e-02,3.447455299956992715e-04,1.358007619923554121e-01
6.313239026097852147e-01,5.831068905784726752e-02,1.810739452823693571e-02,4.095316937077361449e-04,2.918484821104228022e-01
4.529295346508874776e-01,7.377552854748153921e-02,1.227649822999722987e-02,3.407763558131190313e-04,4.606776622158205714e-01
4.686973102593424700e-01,5.066720227810697641e-02,5.735493696221762895e-03,2.003496482156945022e-04,4.746996441181130511e-01
3.685999618534001598e-01,8.374276974064603918e-02,1.400937074462061185e-02,6.271490058080230303e-04,5.330207486555250673e-01
3.702175066610302601e-01,5.816835966747348208e-02,1.012231974152916734e-02,4.581502962085003778e-04,5.610336636337586169e-01
3.039022645760916519e-01,7.899634935316013351e-02,1.812942378653970704e-02,1.005350360073180814e-03,5.979666119241352495e-01
2.183520433608053535e-01,5.505143589255494935e-02,1.116577950988562919e-02,4.975436219349586419e-04,7.149331976148191048e-01
2.099570761815743036e-01,4.338454884783995297e-02,6.983361954512158111e-03,2.310987431789965352e-04,7.394439142728945757e-01
1.209309937324377637e-01,8.587118018596662239e-02,2.727768809654007587e-02,5.448991576550425058e-04,7.653752388274005503e-01
1.215082414178814130e-02,1.298557469532472634e-02,5.375166046557099987e-03,9.731432279983166138e-05,9.693911207935304031e-01
7.668284621405911140e-03,1.563992496262160345e-02,4.395661643240067473e-03,5.797189414092109841e-05,9.722381568785913863e-01
1.099350745234691784e-01,7.634244431515496698e-02,1.227901852002196391e-02,1.538546951713173016e-04,8.012896079461824250e-01
2.329627257900325488e-02,2.951601899507772311e-02,7.585750626271191635e-03,9.785422468383798381e-05,9.395041035749640557e-01
2.106221590066015281e-02,6.280217701516782602e-02,9.819138743240573078e-03,6.001508542946268527e-05,9.062564532555020813e-01
1.661865096034197478e-02,1.459087028479628123e-01,4.429134103516663146e-02,1.531270424590072026e-04,7.930281781140695596e-01
1.012727449678960633e-02,1.299879231748755359e-01,6.844465352796103019e-02,1.871281397645829922e-04,7.912530206606093186e-01
1.582543322790962506e-02,1.347871490296281005e-01,7.776769927913902702e-02,2.450244329879894202e-04,7.713746940303353172e-01
2.729405615457830211e-02,7.436059227793193060e-02,3.419943135092703285e-02,1.630464572586717061e-04,8.639828737593041597e-01
3.416890795793302987e-02,1.251844704966704469e-01,4.922395152929971707e-02,2.051812432920911168e-04,7.912174887728046224e-01
4.919778679701881235e-02,1.138029723256163972e-01,3.723512159550991518e-02,1.922506040461561497e-04,7.995718686778087170e-01
1.472854942744047067e-02,4.441294514607546651e-02,1.876892300831870669e-02,1.030793091361605789e-04,9.219865031090291874e-01
6.965901795768908444e-02,2.992238852049079051e-02,1.899938602615844352e-02,2.929132307803045403e-04,8.811262942648814267e-01
8.790417471833038288e-02,2.711978999927650014e-02,1.119288384636287284e-02,2.555342370537867260e-04,8.735276171989764249e-01
9.298008868223787970e-02,2.195716446752378481e-02,5.700647304508886515e-03,1.315581457393062194e-04,8.792305413999901287e-01
1.006429135390372702e-02,5.170888597969535219e-03,1.192048115445753457e-03,2.230924344935415396e-05,9.835504626892317415e-01
2.936014613920688576e-02,1.080801257869214507e-02,2.756054862699989540e-03,5.818631331132069625e-05,9.570176001060896054e-01
5.223452061518318867e-02,2.118381524799558407e-02,3.134859338335102812e-03,3.684114953748369558e-05,9.234099636489486729e-01
7.854690408805667379e-02,4.883921493618268578e-02,7.756437918962719863e-03,7.989252699011197630e-05,8.647775505298078702e-01
4.515084575714135157e-02,3.032261060322893192e-02,6.128759603818253326e-03,5.794320042713080164e-05,9.183398408353842246e-01
4.631562426071200722e-02,5.354127217656982907e-02,8.822241350141807673e-03,6.877964016612736985e-05,8.912520825724101758e-01
2.822880799181070460e-02,6.468276830526294152e-02,1.390662014608660783e-02,6.904090860399967244e-05,8.931127626482359139e-01
1.389109099865149660e-02,3.972453096265349259e-02,1.055929738964219052e-02,6.983891205750912502e-05,9.357552417369953135e-01
9.365957697586101138e-03,3.249543864100125357e-02,8.482237448010954833e-03,4.480552601758515038e-05,9.496115606873840598e-01
1.103258303461240007e-02,4.235721606272893625e-02,9.381242184769867515e-03,4.171452173379486684e-05,9.371872441961548450e-01
1.217388591113829563e-02,5.838881069513939676e-02,1.650468159970329071e-02,8.945176089693657119e-05,9.128431700331218757e-01
1.714918377740502764e-02,1.448339232408903665e-01,5.840644165817365785e-02,2.313470518587078045e-04,7.793791042716722295e-01
8.570183031891770789e-03,1.032535408895659257e-01,7.606055573547994275e-02,2.899877962892271699e-04,8.118257325467731489e-01
6.760959718033985981e-03,5.789674570368404105e-02,2.838450974276143096e-02,9.896530513090663768e-05,9.068588195303896038e-01
6.020248048309717603e-02,3.851422287280322626e-02,1.534620775878698870e-02,1.738662081741060511e-04,8.857632226771388062e-01
1.249994560800335962e-02,8.829410744703586333e-03,4.177689014605181703e-03,8.520132692253643220e-05,9.744077533057652341e-01
5.783802503626304936e-03,3.656780235438088830e-03,2.714296640603994053e-03,5.327815924844433364e-05,9.877918424610829806e-01
9.516780682901662680e-02,2.621669175723268658e-02,1.350635371000206454e-02,2.713158022671940841e-04,8.648378319014815574e-01
3.348194448424519076e-01,6.581996230556007299e-02,3.087218424928679303e-02,7.435661880614223129e-04,5.677448424146397388e-01
4.814002722087857289e-01,6.805641628409479782e-02,2.173084780398023066e-02,5.155470980863046922e-04,4.282969166050528687e-01
4.785027861215771505e-01,5.145148091827719816e-02,1.579419767326414523e-02,7.960755485643174895e-04,4.534554597383171903e-01
2.964156260159961365e-01,4.528634416535920471e-02,3.595952810911502706e-02,1.772857092084036005e-03,6.205656446174454555e-01
1.965817906279699046e-01,6.955186799615409310e-02,3.482746778969803003e-02,1.587628197218341267e-03,6.974512453889597507e-01
1.065438356103484141e-01,2.306356598323987955e-02,6.671353534170044661e-03,3.373807776448957147e-04,8.633838640945966647e-01
1.329682804683453845e-01,1.342881166048358332e-02,3.077961295850435014e-03,2.317284004632900530e-04,8.502932181748574791e-01
3.162398441866149934e-01,1.434944721004020179e-02,2.636155036598076401e-03,2.672532429075348635e-04,6.665073003238392024e-01
1.302558058294573384e-01,3.097837774642468733e-02,5.455778056004507992e-03,2.999401583937236519e-04,8.330100982097197182e-01
1.784365668453135878e-01,2.476076790053214835e-02,6.428388898095461872e-03,3.282167018738765536e-04,7.900460596541850622e-01
1.290948681835677736e-01,2.501935695463808687e-02,1.197282682870305821e-02,6.234838724176538323e-04,8.332894641606732877e-01
2.271765793766440944e-01,4.892707403873073485e-02,2.094800315796897100e-02,6.429397052975050018e-04,7.023054037213587453e-01
1.785892964338948175e-01,6.368350313413947972e-02,3.075009042429375714e-02,7.272853707605823241e-04,7.262498246369112342e-01
1.085212460900479708e-01,2.186453944266012958e-02,1.027783853071993596e-02,3.133785061254999705e-04,8.590229974304466332e-01
4.137362438477881071e-02,2.086081312084417730e-02,1.245520464261030275e-02,6.720379480631070816e-04,9.246383199037038203e-01
6.885665720683323276e-02,1.950397904290693610e-02,5.515575149678771105e-03,3.701081090585193914e-04,9.057536804915226059e-01
8.259416785941400829e-02,3.299795741207337679e-02,9.961847370161494575e-03,5.353826592174364346e-04,8.739106446991338206e-01
4.285864765379496927e-02,1.640271839115415090e-02,5.007790581063690030e-03,2.384031314364998277e-04,9.354924402425507379e-01
2.489310597440511780e-02,1.386108017716821544e-02,3.934195851953742502e-03,1.494174948528750901e-04,9.571622005016200418e-01
1.362306738818594432e-01,4.374760768975548969e-02,1.857577431690998412e-02,6.957058000185479575e-04,8.007502383114566413e-01
1.229028812818126065e-01,3.073735758970327220e-02,1.871805644259854490e-02,9.200504503264097904e-04,8.267216542355592113e-01
2.050708290447849635e-01,5.953551662753008011e-02,7.460895481720092315e-02,3.199467527543120842e-03,6.575852319829408321e-01
1.879287831647148965e-01,4.986114183484015999e-02,3.224925794315582767e-02,1.307377689974246766e-03,7.286534393673148591e-01
1.072858788872172592e-01,2.889019512130542103e-02,1.052911077252652837e-02,3.590982261814307588e-04,8.529357169927693771e-01
4.831848054899004485e-02,1.919944975274669521e-02,1.148091576071411969e-02,5.335405159343052520e-04,9.204676134216148720e-01
3.532413074028011024e-02,1.389743547557773136e-02,5.111283390951765204e-03,1.775254456845568247e-04,9.454896249475057690e-01
1.027879047372388076e-02,6.437475801310524673e-03,2.486682999437550990e-03,7.319508582170742672e-05,9.807238556397063212e-01
6.586678033791892872e-02,1.272343171585055624e-02,4.881474643991717821e-03,1.636353007813536281e-04,9.163646780014574889e-01
6.322112389602232430e-01,2.982475473687756090e-02,5.065052886292494699e-03,1.311338938286870834e-04,3.327678195227779523e-01
9.437778255728741517e-01,1.010944481930409374e-02,1.193518762515717851e-03,3.772887888285186017e-05,4.488148196642320620e-02
9.429137575928367987e-01,1.573785486012094920e-02,1.943123696434451500e-03,5.501563000596016188e-05,3.935024822060179811e-02
9.468862923764511663e-01,1.288573501980941165e-02,2.672788330023088878e-03,9.664332272502675894e-05,3.745854095099111769e-02
9.741239426998534734e-01,8.669332772694738135e-03,1.583656720901492707e-03,5.884357810721022730e-05,1.556422422844300213e-02
9.599797302941244226e-01,9.975678898733341196e-03,1.558922385371346291e-03,5.420088451190101518e-05,2.843146753725903780e-02
9.231472916431983089e-01,2.174203390272628003e-02,2.472848868911574349e-03,6.494668005225700451e-05,5.257287890511167655e-02
9.397393508042161114e-01,1.297868360557920785e-02,2.718764488655601910e-03,6.580173610051848643e-05,4.449739936544846314e-02
