4.948908137236305849e-01,5.246325607697125554e-02,2.129935319434883012e-01,1.038944399779773431e-01,1.357579582779325222e-01
5.342478003338670955e-01,2.074401473630920201e-01,1.599480442367400834e-01,6.939338060259943493e-03,9.142467000604095895e-02
8.460488733263420436e-01,1.179878602906699464e-01,2.246828621008121682e-02,3.271400539671419144e-04,1.316784011893970714e-02
5.797913235945666433e-01,2.042943262401138160e-01,2.001800035645924236e-01,3.036822298220922135e-03,1.269752430250627347e-02
3.638234926719051132e-01,1.120722011914524890e-01,4.852596071347766160e-01,1.823165908838091098e-02,2.061303991348490544e-02
2.855112154641807343e-01,2.319852722525817812e-01,3.894701705928734770e-01,3.703720102287600888e-03,8.932962158807651598e-02
1.876486218517537941e-01,3.687107992456881700e-01,2.840281095567806502e-01,1.827490925449068481e-03,1.577849784203284034e-01
2.239506934161526741e-01,3.467037179959500115e-01,2.466232210673247049e-01,1.283665985544941686e-03,1.814387015350277244e-01
1.673585472956028997e-01,4.279068732658150576e-01,1.671480632024354429e-01,7.030827896849524677e-04,2.368834334464616498e-01
7.243913538571471467e-01,1.420277902036155004e-01,5.866732204084978280e-02,3.811236363651992272e-04,7.453241026202242492e-02
8.856791258217552310e-01,6.449211423491924000e-02,1.583546660268829800e-02,1.399037830888001633e-04,3.385338955754844253e-02
8.525272418672080743e-01,7.827902519461063524e-02,1.861906363433312242e-02,1.847132203054767472e-04,5.038995608354267242e-02
9.816846456675202282e-01,1.269608372491168487e-02,1.923630982886645512e-03,2.644879800114121541e-05,3.669190826680281212e-03
9.506383717423978474e-01,3.526047919280700382e-02,8.575121046452287982e-03,1.620828346312058071e-04,5.363945183711732630e-03
7.820679716371773393e-01,1.265201523076765755e-01,6.302973980851007962e-02,1.016228207767817370e-03,2.736590803886812875e-02
4.049517186981481109e-01,1.514264878963687277e-01,4.173705228883340945e-01,9.920690282649250596e-03,1.633058023449987170e-02
3.569375316046197177e-01,2.161441060242076939e-01,3.787490520868067589e-01,4.103481351471605261e-03,4.406582893289424235e-02
3.415170453205813028e-01,1.830213376731820163e-01,3.967437604066994528e-01,3.983017681620868410e-03,7.473483891791631029e-02
3.808265976718185897e-01,1.195390634143470854e-01,3.631978680978265039e-01,8.345795993961933196e-03,1.280906748220459190e-01
3.202989885940321080e-01,1.790069158043902375e-01,3.046140826483194619e-01,4.139532237915146372e-03,1.919404807153430592e-01
1.881805524998126644e-01,1.551861995864612931e-01,1.721866426990130150e-01,3.179080736297024579e-03,4.812675244784159756e-01
1.530225213640678816e-01,1.436732247876557622e-01,1.389627877265070532e-01,2.825233304606796728e-03,5.615162328171625639e-01
1.665099732400325827e-01,4.066384014483849507e-02,9.555900206199979818e-02,2.897110958288847196e-03,6.943700735948403757e-01
1.690046745127767314e-01,1.775383829878191683e-02,2.101122524640861716e-02,9.627786218637964227e-04,7.912674833201689406e-01
2.184160579398568836e-01,1.225285172192851733e-02,8.798185975070852219e-03,4.062987769695667879e-04,7.601266055861741755e-01
3.601490631806996134e-01,1.948323707092647350e-02,4.777334063009466142e-02,1.663501693222946666e-03,5.709308574250563373e-01
2.991336176563463845e-01,1.274753929265488167e-02,2.682281691613142699e-02,1.102922594151086941e-03,6.601931035407163639e-01
2.274235733188297581e-01,9.600825228182863560e-03,6.600015825773784296e-03,3.253074267500184551e-04,7.560502782004635547e-01
1.897984057956092763e-01,1.093566837789599309e-02,9.500838770217397838e-03,3.719831159958928964e-04,7.893931039402815042e-01
1.216756671648669685e-01,1.185662171646525292e-02,1.193356693230332791e-02,3.984176370558756394e-04,8.541357265493085826e-01
1.257036437618313796e-01,6.168021076728829113e-03,6.452132646180540679e-03,3.752704275366856640e-04,8.613009320877226260e-01
1.845731808374450889e-01,1.091380733222126198e-02,1.202357567692398030e-02,6.182499886739029147e-04,7.918711861647358408e-01
1.865108217545087821e-01,2.854187190090985010e-02,3.384307600661425053e-02,1.675721897294922633e-03,7.494285084406719921e-01
2.495286166144018436e-01,3.596345138286901472e-02,5.120464456366874417e-02,2.880949804545284397e-03,6.604223376345150776e-01
3.163458251980512115e-01,6.724673716752307961e-02,9.234478827145779778e-02,7.220579868414564624e-03,5.168420694945533578e-01
5.196013279004110252e-01,8.051986647741987690e-02,1.735005450339392463e-01,1.939312360477101274e-02,2.069851369834589117e-01
6.347529488876433312e-01,1.108785835146137017e-01,1.228335468908890865e-01,1.134976059731541628e-02,1.201851601095385025e-01
4.246745350518346118e-01,2.032961782901376857e-01,1.982137649288268633e-01,8.197953308867009237e-03,1.656175684203338161e-01
3.511226510843140636e-01,1.872778465376915558e-01,3.030852048775716234e-01,9.435775622122190981e-03,1.490785218783006183e-01
3.111687556357972673e-01,6.885458372354968937e-02,1.366698779401394059e-01,5.998642189690394678e-03,4.773081405108233199e-01
3.740864023941271044e-01,6.201238113265879898e-02,7.837183639786544920e-02,3.007471131869004707e-03,4.825219089434795716e-01
5.064024077149064107e-01,6.785720484966868693e-02,8.620838696576753335e-02,6.419141990611594226e-03,3.331128584790457592e-01
3.716030199016395197e-01,9.667277351443702427e-02,7.907628328149557406e-02,4.209628588593567096e-03,4.484382947138342290e-01
1.694656022635175341e-01,1.042162481457906131e-01,6.927070158928423649e-02,2.167273003849984510e-03,6.548801749975576847e-01
8.441115192386376698e-02,4.234777058168183450e-02,2.407757496594758323e-02,9.381309185723156691e-04,8.482253716099347196e-01
6.402810103818096232e-02,3.650601089072448568e-02,3.434827752420680641e-02,8.794861461075554861e-04,8.642381244007801833e-01
3.436104815804941898e-02,1.761094618971461093e-02,2.510821935690767809e-02,9.667201624869750610e-04,9.219530661328414478e-01
9.179742937851981255e-02,1.467559894335581164e-02,2.616446040788448363e-02,2.121255914432907275e-03,8.652412553558072039e-01
2.960568136604531733e-02,1.160485641120236229e-02,9.435246960084025733e-03,4.696010841377034153e-04,9.488846141785305388e-01
3.791104928996709422e-02,3.645798038011835874e-03,8.764691809812489437e-03,4.648721677614333974e-04,9.492135886944472745e-01
1.210353660572223017e-01,1.927521180624809649e-02,1.941442452865813420e-02,1.008110910697146813e-03,8.392668866971741970e-01
1.095093980982700804e-01,2.992144661137543377e-02,5.012176582834534933e-02,3.055879458775483809e-03,8.073915100032336145e-01
7.390529666436049250e-02,1.464870382205249282e-02,1.627061758370709765e-02,1.275255882203949311e-03,8.939001260476759914e-01
1.393141903675259308e-01,1.080012008992798159e-02,5.690680174769219106e-03,5.476471998071322754e-04,8.436473621679695389e-01
1.393725672143225902e-01,2.799566335723508576e-02,2.464571529454152518e-02,1.173729426104056861e-03,8.068123247077967353e-01
1.545856602626853316e-01,5.341400003409825514e-02,9.848855318599721020e-02,3.488375021874560913e-03,6.900234114953445186e-01
1.071749584042590298e-01,4.201246381528760815e-02,4.836228846703428952e-02,1.453604076885570444e-03,8.009966852365333345e-01
2.997076393952559092e-01,4.252147968428861280e-02,8.269426989552773610e-02,3.401440889962657321e-03,5.716751701349650494e-01
4.273746097014978762e-01,3.274351752944028998e-02,7.504914995660018351e-02,4.193197320771001844e-03,4.606395254916907378e-01
2.486887391572099593e-01,4.229121905186707109e-02,2.958707626492283055e-02,1.517337047473617598e-03,6.779156284785267106e-01
1.177070323735681934e-01,2.548476186343699712e-02,1.079046049430982396e-02,4.092117869172340479e-04,8.456085334817677879e-01
6.161249137999677550e-02,1.822423785661931445e-02,5.685667435211821594e-03,1.855696797363667330e-04,9.142920336484358090e-01
5.065147606480117221e-02,3.233531094587116517e-02,1.939190094605723960e-02,5.010415686135840903e-04,8.971202704746570333e-01
4.362695170409727763e-02,1.531696948314501677e-02,8.094486508962217552e-03,2.917518276843283345e-04,9.326698404761111227e-01
3.723864198157468552e-02,1.480956199642817148e-02,6.015549162442425206e-03,1.881466152884462347e-04,9.417481002442661397e-01
1.023619205548277761e-01,2.763094365155293469e-02,1.012606640626843857e-02,3.656901440722583590e-04,8.595153792432786988e-01
1.531690140369364739e-01,4.025792215701162746e-02,3.082793274279217732e-02,1.038505384359250487e-03,7.747066256789003624e-01
1.060171524809426502e-01,4.532582758204259377e-02,3.046297352026181363e-02,9.899266283397089531e-04,8.172041197884132302e-01
1.287946215226460356e-01,6.699132534342998324e-02,5.431794724091335708e-02,1.903316291391983191e-03,7.479927896016187461e-01
8.552336697406968946e-02,9.755931949791074587e-02,4.365071894545202724e-02,7.926224527617245844e-04,7.724739721298058415e-01
1.734521598409239918e-01,1.049577494034047431e-01,1.021507940002440440e-01,5.206637124380645611e-03,6.142326596310464515e-01
1.977044109141269934e-01,1.257311945418296828e-01,1.692455997953561109e-01,1.014267297002634412e-02,4.971761217786608289e-01
9.160064315259046352e-02,1.232104047674485725e-01,1.188696311654705712e-01,4.147962340918768739e-03,6.621713585735716778e-01
7.940596260764345993e-02,1.641871722761281127e-01,1.052196553394691841e-01,2.295723442385724788e-03,6.488914863343735462e-01
4.641381672801810770e-02,1.015886221140894219e-01,4.006144041976891224e-01,1.219329815981191369e-02,4.391898588003914639e-01
6.552201484503845930e-02,5.532214540911887385e-02,2.754461404191043683e-01,1.265806217686982899e-02,5.910516371498686361e-01
1.713076182827094618e-01,2.982691801341460017e-02,2.051698315347710300e-01,2.635537149799803761e-02,5.673402606711067664e-01
1.622094648654552884e-01,3.465233521787832588e-02,1.172960014747318203e-01,9.649295492685033837e-03,6.761929029492494969e-01
9.796259245489191692e-02,6.909808580799742250e-02,1.632992421733085731e-01,6.718950239271145874e-03,6.629211293245308445e-01
1.424325323725505466e-01,8.809255687402792190e-02,1.376203602703478801e-01,4.459157247032498675e-03,6.273953932360410990e-01
1.210403993420843261e-01,1.047897528869542599e-01,1.143749730730481140e-01,2.815027788146308961e-03,6.569798469097670734e-01
8.589900198423897071e-02,1.252922015543923573e-01,8.865615545586719159e-02,1.348081535603905950e-03,6.988045594698976126e-01
4.395924541081716597e-02,1.484694300370034414e-01,7.114392741659360253e-02,8.040419191788327879e-04,7.356233552164069822e-01
7.187555062645790971e-02,7.740531401318616334e-02,6.902349261205370512e-02,1.497387534291196552e-03,7.801982552140110938e-01
1.073824585587205699e-01,5.458649809728443464e-02,3.418397952139238388e-02,8.402672537368935943e-04,8.030067965688656439e-01
1.985762733354321519e-01,1.168022322116426676e-01,1.790614252177770149e-01,5.272496456373268817e-03,5.002875727787750026e-01
2.109214817783552076e-01,8.204109590091092363e-02,2.714737825955209627e-01,1.030371406573683812e-02,4.252599256594759569e-01
1.458414597711651939e-01,7.283842352773235718e-02,9.959980332318146834e-02,3.529718291416761213e-03,6.781905950865042554e-01
2.028560618502068813e-01,9.578802087219526196e-02,6.709969287595431153e-02,2.212123743123714775e-03,6.320441006585199029e-01
1.448507824505542718e-01,4.105846448494968742e-02,1.578833060737392380e-01,1.295003996108593652e-02,6.432574070296707136e-01
1.187935569852915374e-01,7.509036620231093750e-02,8.741886671110206397e-02,3.836797085275923773e-03,7.148604130160195469e-01
1.439337063659116844e-01,1.069435310754149326e-01,6.498540597850063771e-02,1.477433450246681736e-03,6.826599231299261827e-01
1.598637481847460240e-01,6.402867819585202069e-02,7.973340176617976782e-02,1.676792682957837285e-03,6.946973791702645284e-01
5.259510213241352927e-01,5.025199567406279932e-02,2.628470288403569194e-02,9.666971303557965554e-04,3.965455829874103832e-01
3.783928285241132117e-01,1.307509496971598906e-01,1.074571856769869632e-01,3.236139284436799057e-03,3.801628968173031420e-01
4.146955318570411109e-01,1.472422936385085757e-01,2.132858919991561519e-01,6.573316295982404439e-03,2.182029662093117328e-01
3.633512551177756622e-01,1.736548495440668194e-01,1.079517721675861408e-01,2.551913012748768892e-03,3.524902101578225588e-01
3.253056563324035477e-01,2.208725087267671139e-01,1.210325594499743751e-01,1.677708843588797318e-03,3.311115666472660979e-01
1.637486964028197489e-01,1.496777892706608881e-01,5.361840324234456306e-02,5.766130191124331159e-04,6.323784980650624110e-01
1.030701508320937404e-01,2.613936273428057455e-01,7.368317413852237818e-02,4.565729325575831627e-04,5.613964747540205469e-01
1.262477066402735160e-01,2.683313556439925751e-01,8.440943683385349061e-02,4.880993723082506118e-04,5.205234015095723255e-01
1.805255889224770538e-01,2.102521027853595237e-01,1.032021963786114993e-01,5.571712797229522347e-04,5.054629406338290165e-01
1.810487997477365218e-01,8.248082931474344515e-02,5.597245298438054822e-02,5.221054989283679428e-04,6.799758124542110149e-01
1.986400415299682531e-01,8.028237751695860291e-02,5.613444592786874521e-02,6.318437236157894554e-04,6.643112913015886134e-01
1.718883369579772280e-01,5.834429115624726464e-02,3.077177974879979905e-02,4.490180157686195130e-04,7.385465741212070556e-01
1.037973195693232403e-01,9.235818861121843776e-03,4.705244301498384338e-03,1.246965467130046340e-04,8.821369207213434205e-01
1.080597751234651793e-01,3.235041967546677111e-02,9.630376172369330134e-03,1.615052504501595461e-04,8.497979237782482542e-01
1.150535891947384315e-01,5.298023998584455718e-02,3.294798312513259192e-02,4.943734167597460625e-04,7.985238142775246128e-01
1.005048276405823560e-01,2.822578134546908923e-02,1.104650940595580666e-02,2.403382434336011732e-04,8.599825433645591488e-01
1.289211521045610098e-01,4.702212500219764280e-02,2.709723621778172692e-02,5.595365034456020650e-04,7.963999501720140373e-01
1.593111001200093191e-01,2.228267482099149932e-02,7.610008959262790432e-03,2.215234967570013376e-04,8.105746926029794297e-01
2.987335949383372879e-01,2.429172185352566210e-02,1.013218497131490245e-02,3.774030405045440055e-04,6.664650951963175807e-01
3.439681077688608868e-01,3.358279239232370844e-02,2.180566021952684910e-02,9.602321481451394844e-04,5.996832074711434535e-01
1.410123333034443427e-01,7.584845175463388045e-02,4.584106586959907359e-02,1.069703447082819090e-03,7.362284456252397025e-01
2.280300721359868610e-01,5.179600840244256293e-02,3.073162426442940104e-02,9.151134016305718499e-04,6.885271817955105345e-01
1.479876788175682190e-01,4.037969133029958857e-02,1.402555193415235685e-02,3.150914499756004368e-04,7.972919864680041435e-01
1.686932863946182248e-01,6.299051699179218644e-02,5.352061414127717853e-02,1.073009951381536037e-03,7.137225725209307425e-01
1.101574124014850220e-01,3.064650794655577465e-02,3.201310186827811127e-02,9.029948831827678667e-04,8.262799829004984220e-01
1.258008102326266808e-01,3.326493746370112747e-02,2.053989849558567060e-02,6.179311950006664963e-04,8.197764226130859200e-01
1.354115047043937259e-01,4.634353039414110254e-02,3.916781449340363264e-02,1.112570873705738842e-03,7.779645795343557158e-01
9.903418333600366719e-02,1.580907852653443829e-02,8.063917400220608697e-03,2.291841576002812478e-04,8.768636365796411702e-01
7.960514568173414351e-02,1.887035133186105301e-02,5.795116534409004358e-03,1.463797503682053448e-04,8.955830067016277152e-01
3.150470494411521383e-01,2.797300083288578945e-02,6.179750910724110188e-03,1.554486134227085769e-04,6.506447502018153362e-01
1.681696593245713134e-01,5.655750147725609883e-02,6.229158051701684518e-02,9.088269954765983453e-04,7.120724316856791303e-01
1.146346085523073655e-01,3.096541831609685505e-02,2.057002838955220361e-02,2.400335137672750447e-04,8.335899112282763035e-01
6.745704182469440535e-02,6.483299150407662026e-02,3.004147092236635064e-02,2.505389629450984618e-04,8.374179567859175721e-01
6.540531203633033475e-02,5.580712483207517227e-02,3.539931102047158551e-02,4.369324117994761482e-04,8.429513196993233537e-01
8.139806315061759445e-02,1.172928324718618825e-02,9.777123489617501467e-03,2.128655213281690725e-04,8.968826645912506557e-01
1.523416772826790555e-01,2.565643895798675259e-02,7.007674644228981120e-02,2.839619651480238070e-03,7.490855176655643044e-01
6.439138407474499504e-01,2.787496602954476349e-02,6.913272433880258971e-02,3.460349569963547863e-03,2.556181193142392227e-01
8.601684675976460914e-01,3.062042108191185413e-02,4.910899927183028091e-02,1.801043522934932120e-03,5.830106852567690928e-02
6.195209169109869851e-01,7.194035523826022849e-02,4.521259624498316643e-02,7.926528259877799361e-04,2.625334787797817815e-01
7.933414682583467270e-01,2.544489414594601137e-02,4.104901114080608537e-02,1.386001939168973046e-03,1.387786245157321408e-01
8.455426178481042498e-01,2.272271865122675247e-02,5.966827722617712437e-02,3.937418062893083791e-03,6.812896821159881988e-02
9.129273188293031138e-01,5.896705076532614796e-03,1.003332166037815103e-02,1.158075460647510751e-03,6.998457897313858922e-02
8.155943201041170321e-01,1.492522979329766186e-02,1.770481169586455433e-02,2.056792400878873061e-03,1.497188460058419546e-01
9.455419093131508523e-01,1.695837860938024730e-02,9.027749902796229978e-03,5.379882438060370857e-04,2.793397393086658256e-02
9.903837922346919731e-01,4.100548517067487651e-03,9.943949604971980601e-04,5.964964085256192603e-05,4.461614646890706831e-03
9.912640236437059160e-01,3.716677223747775344e-03,6.566176832778264274e-04,3.469595368324761330e-05,4.327985495585206024e-03
9.894093369514151970e-01,3.961574246328695981e-03,5.058613777221300772e-04,2.824232914598630967e-05,6.094985095387956027e-03
9.813760963475357535e-01,8.778942538653827787e-03,1.055760687351730643e-03,5.038318151059939938e-05,8.738817244948135846e-03
9.461400952297815969e-01,1.330580493273395871e-02,2.179404959551466733e-03,1.446781389673432476e-04,3.823001673896572056e-02
8.047553775922429153e-01,7.216413901902958561e-02,1.166225854109308874e-02,4.146861572933215902e-04,1.110035386903411858e-01
8.871795050947488548e-01,4.627880007751361546e-02,5.700834961969113851e-03,1.351085827204580357e-04,6.070575128304782353e-02
9.409524222455988296e-01,2.406767653445901836e-02,1.484878751246503439e-02,1.334082416498782835e-03,1.879703129097834088e-02
9.453424866878611388e-01,2.645728023125558034e-02,1.741704113010195815e-02,1.505537328392629213e-03,9.277654622388685490e-03
7.729338815033746091e-01,8.517341083979788896e-02,1.254224244634505880e-01,7.013484357266312405e-03,9.456798836110627549e-03
8.495602530130971219e-01,4.105350969295980257e-02,9.796358678597441583e-02,7.236361895720028713e-03,4.186288612248695133e-03
6.804023997891790465e-01,6.720982388328786139e-02,2.130765105978059681e-01,1.499980455720871519e-02,2.431146117251842612e-02
5.445786592708772300e-01,6.814952959231380947e-02,3.293314140792142353e-01,3.101777219325474108e-02,2.692262486434007784e-02
6.306071591501567486e-01,1.553345344630757130e-01,1.806915413484238286e-01,5.608494642462942548e-03,2.775827039588077069e-02
8.743062649445897394e-01,2.402369072333107938e-02,1.712164661342772606e-02,1.113638084534153243e-03,8.343475963411736696e-02
7.654207306233110630e-01,9.640344915817386506e-02,2.648612870648665851e-02,5.981166826519728093e-04,1.110915748293763439e-01
8.722197187787866790e-01,3.704257920471194787e-02,4.302646998842944367e-03,1.071028072946047469e-04,8.632795221036369815e-02
9.573190009256575816e-01,1.010668211846134541e-02,9.102112186181721392e-04,3.034688176311458826e-05,3.163375885549964128e-02
8.736865450071567007e-01,2.945091608763197866e-02,2.246603087185799607e-03,4.960544553576383734e-05,9.456633037248989015e-02
8.541659839143999067e-01,2.147929883972579321e-02,1.734358395759739947e-03,4.956850636552255490e-05,1.225707903437491392e-01
9.098539265488401195e-01,1.823850131839833272e-02,8.535055783954483520e-04,2.542912129138132706e-05,7.102863743307458178e-02
9.623824922453735331e-01,5.590454567359880340e-03,4.158495702558590089e-04,1.702597443110565658e-05,3.159417764257958089e-02
9.878825348650963623e-01,1.857780913556315080e-03,1.433428573706443943e-04,7.916135244552307678e-06,1.010842522873207396e-02
9.989921998919928381e-01,4.664055221463334717e-04,3.216539759014436863e-05,2.145034655594647023e-06,5.070841536150206457e-04
9.979830835205698580e-01,9.795003981277669840e-04,4.520185442118537035e-05,3.794438079767285432e-06,9.884197888012740112e-04
9.987876186163497927e-01,7.117267646127454963e-04,2.455882534279438736e-05,2.061120599596360665e-06,4.740346730950483075e-04
9.975938293097950105e-01,1.563688644973495112e-03,4.447225768885829941e-05,3.442768442296109983e-06,7.945670191002379224e-04
9.695980030329007793e-01,1.287221661138881514e-02,2.829162319747761120e-04,1.487163997069692176e-05,1.723199248376490467e-02
9.666976167839781420e-01,7.387405781952567467e-03,2.554619164547429445e-04,1.598711392599070944e-05,2.564352840368857092e-02
9.498605887129575320e-01,1.520363145947342502e-02,3.544815004857105700e-04,1.620608615888671021e-05,3.456509224092420979e-02
9.878311905568941675e-01,4.107435498880576165e-03,1.268271087170324846e-04,8.428552112985798970e-06,7.926118283395169536e-03
9.847690259921964007e-01,5.394521314878851503e-03,1.679259696774090360e-04,1.117419964778490708e-05,9.657352523599341959e-03
9.568222614704905427e-01,6.240011923186014782e-03,2.158034413354820288e-04,1.662328519814442127e-05,3.670529987978990438e-02
9.189875709839780971e-01,8.631656466887733040e-03,3.046332970336583122e-04,2.507113974668555496e-05,7.205106811235389985e-02
9.759551898657271574e-01,4.274881925668716498e-03,1.522804691438211480e-04,1.120840954120650484e-05,1.960643932991914043e-02
9.402277128703147024e-01,9.114680528915649130e-03,2.733486867621394249e-04,1.674820608393760718e-05,5.036750970792348847e-02
8.935752678450965547e-01,1.355569403160964900e-02,3.731041440384640692e-04,2.028077415635164290e-05,9.247565320509887332e-02
9.067984690004927684e-01,1.187478758526099541e-02,4.039151525404708937e-04,1.961427750922818138e-05,8.090321398419648979e-02
9.707735847264098439e-01,6.283228649594780821e-03,2.402247375560243210e-04,1.185386431554203625e-05,2.269110802212382164e-02
9.591758277071561478e-01,3.660369867010132214e-03,1.346181664892260558e-04,8.522065370683354482e-06,3.702066219397390223e-02
8.317084843690942808e-01,1.038383873019701337e-02,4.790390370406916458e-04,2.030020261513687619e-05,1.574083376610528329e-01
8.830413105308365651e-01,2.246895790953549327e-02,8.064889292000206999e-04,2.144699388389630969e-05,9.366179563654422613e-02
8.004062416830006743e-01,1.630850601356017421e-02,8.542479060608967022e-04,2.756346195874018556e-05,1.824034409354194086e-01
4.564102916166272728e-01,2.987168789430220267e-02,1.452879445906183524e-03,4.145690209959995297e-05,5.122236841410646724e-01
3.207453218502630543e-01,1.611120315242593401e-02,1.052468765292754495e-03,3.807613747196263903e-05,6.620529300945463547e-01
5.036581178414540894e-01,4.603919103720243919e-03,3.194345734717196064e-04,2.200412518421204436e-05,4.913965243561697616e-01
3.407721526425681602e-01,3.271928594384910984e-03,2.878288897210645736e-04,2.357100502761104349e-05,6.556445188682982206e-01
1.683714438972468697e-01,4.589411253122211397e-03,4.537779154479709438e-04,2.266663491215976266e-05,8.265627002992707029e-01
1.319486035608685437e-01,2.863661280414508004e-03,3.118965358929115181e-04,1.642379992444431571e-05,8.648594148228995193e-01
1.597917470934794859e-01,5.312119907644970163e-03,4.188473229701292883e-04,1.920929178441490288e-05,8.344580763841208393e-01
1.562358922294871388e-01,8.079568124030005530e-03,4.261995215180574615e-04,1.440233986407751783e-05,8.352439377851007540e-01
2.116073646186674984e-01,1.075290514633225891e-02,5.430068409156982518e-04,1.709230847479817000e-05,7.770796310856096234e-01
5.248434709892487726e-01,1.338584656303378959e-02,4.897230741689255181e-04,1.619031136670725447e-05,4.612647690621818342e-01
4.203909821501654598e-01,1.832298478106624690e-02,6.544230960612916308e-04,2.391135319910375184e-05,5.606076986195079881e-01
2.538125468173555999e-01,3.070921755381562576e-02,1.090737983003078285e-03,2.190326442817779997e-05,7.143655943813974618e-01
4.757108802991626417e-01,1.977862100654184316e-02,7.752733231351006428e-04,2.009916904899441259e-05,5.037151262021115627e-01
8.078452539355372997e-01,1.494295544717040049e-02,5.965287392552590367e-04,2.196510454215770032e-05,1.765932967734949455e-01
7.233323127464615920e-01,4.032693588563717596e-02,1.367093095680962066e-03,3.390969881945869713e-05,2.349397485734007196e-01
3.970049960732121019e-01,1.052792139997404119e-01,3.168273476005731455e-03,5.294648012527575004e-05,4.944945699709165643e-01
1.539365012157500878e-01,4.903224693952051849e-02,1.925944294730690771e-03,3.278826075971536636e-05,7.950725192892389437e-01
7.195459986530239327e-01,5.892084011963619194e-02,2.853799041292184261e-03,5.704126253963340303e-05,2.186223209235081399e-01
6.126551943747193807e-01,9.269910319893431838e-02,9.173546665873916206e-03,1.254814435477526581e-04,2.853466743169247311e-01
3.646047608888203229e-01,7.460906164341216118e-02,6.025705030461431244e-03,8.265119679427433610e-05,5.546778212405119035e-01
1.890149986825823691e-01,8.355219511606018501e-02,5.094206317905609384e-03,4.735150552590830579e-05,7.222912483779260207e-01
7.095327942988222114e-02,1.452337928638009618e-02,8.813827786361862334e-04,1.055255118845928493e-05,9.136314059539131227e-01
5.972933890001773383e-02,2.051721576696326557e-02,2.181950982558489641e-03,1.872540152080191903e-05,9.175527689489398897e-01
3.766018263616393441e-02,2.991095862261292093e-02,2.708606814520281205e-03,1.840747670601433893e-05,9.297018444499968171e-01
6.157673495458063778e-02,6.996627510959654850e-02,5.256377221273735023e-03,2.757535795247601580e-05,8.631730373565965619e-01
9.042513196424856181e-02,4.781396000737332674e-02,4.117691160177452611e-03,2.714910019052787504e-05,8.576160677680099154e-01
2.272740700436962080e-02,1.506365717664515450e-02,1.510731612511088907e-03,1.217652055878122573e-05,9.606860276859153780e-01
2.586250955474538385e-02,1.716137450237822243e-02,1.517471602988866575e-03,1.098359159319628174e-05,9.554476607482943473e-01
1.542132864408931880e-01,3.287810580081832607e-02,3.345150029224669419e-03,2.813954462979118945e-05,8.095353181844340273e-01
8.531193117374537005e-01,1.815760482067622569e-02,9.657984503592130553e-04,1.621638246558451424e-05,1.277410686090451886e-01
9.211044206715636173e-01,2.976321896651658652e-02,1.262444011869119772e-03,1.603039414470506748e-05,4.785388595590599203e-02
9.872834656005331500e-01,6.980094000111204504e-03,3.057483689073539927e-04,4.780891561909752801e-06,5.425911138886256938e-03
9.919935593647520866e-01,3.534710991611584013e-03,1.102924416416208373e-04,3.319594976294461197e-06,4.358117607018523881e-03
9.873145444238258239e-01,5.745840572639991303e-03,2.121705608138996831e-04,5.182545229597632983e-06,6.722261897490713900e-03
9.409493209794164148e-01,1.237155246239739215e-02,7.493225023602883162e-04,2.132183240739206367e-05,4.590848222341852025e-02
9.587761847290583450e-01,1.579808236105139860e-02,6.232233885789314077e-04,1.484405135282471154e-05,2.478766546995853082e-02
9.811931467947221375e-01,7.329935565923610154e-03,2.170189838606495817e-04,6.720524460046044362e-06,1.125317813103347483e-02
8.563031626142885155e-01,2.786611113554664926e-02,6.792520443032992912e-04,1.756258183494953935e-05,1.151339116240264471e-01
8.496282684552093345e-01,4.887144859094030847e-02,2.223690836761545858e-03,4.061008109421077950e-05,9.923598203599469370e-02
8.121718905416546175e-01,2.114863329865167979e-02,8.649492394705868628e-04,2.355958349186510446e-05,1.657909673367312375e-01
9.117582065499765243e-01,2.191069714135927132e-02,5.824942661045685258e-04,1.316314847884098863e-05,6.573543889408078877e-02
9.445949151205063066e-01,1.390918302448190466e-02,2.796565277586564725e-04,8.662402974053791938e-06,4.120758292427918051e-02
9.835142663886689007e-01,5.444311262248644964e-03,1.374808888159837221e-04,4.937069676641176233e-06,1.089900439058992185e-02
9.862763219236779788e-01,5.471666944784577859e-03,1.074101395222863735e-04,4.534173923135189098e-06,8.140066818091911544e-03
9.833514582504369050e-01,7.928139171740278962e-03,1.569983237088401864e-04,5.128518019691282582e-06,8.558275736094227842e-03
9.926842559538489041e-01,2.648301947027856349e-03,8.003842533289540456e-05,3.876624473975161524e-06,4.583527049316405561e-03
9.862647902669060551e-01,2.475194682793758170e-03,8.271076527071107118e-05,5.096138238281257514e-06,1.117220814679126435e-02
9.593115080511122050e-01,1.021757929443848148e-02,2.288894208804353992e-04,1.097722386489712465e-05,3.023104600970388800e-02
9.345180978105780412e-01,6.429606503371499034e-03,1.531134509274886227e-04,1.075175360003802029e-05,5.888843048152293813e-02
9.870903743869450242e-01,1.751769591529854205e-03,4.923954912334939230e-05,3.993943608488234662e-06,1.110462252879326935e-02
9.945033000212374352e-01,1.479755955275582728e-03,3.629420936389124967e-05,3.221005174634278684e-06,3.977428808948421136e-03
9.282329209319850616e-01,1.333054995104019508e-02,2.212880323060931978e-04,1.243512610851165450e-05,5.820280595856010264e-02
9.866726773757965585e-01,4.066214139721262624e-03,7.909497494823013815e-05,4.993825717528035633e-06,9.177019683816432100e-03
8.405425380338630292e-01,1.119793681714846209e-02,2.714977861188367400e-04,2.195251324048743872e-05,1.479660748496291200e-01
8.517178665215675570e-01,5.531955132152692294e-03,1.674935524622072518e-04,1.584091885521258719e-05,1.425668438749622402e-01
8.161129074653056259e-01,8.944596154453688525e-03,2.461055903970176678e-04,1.651460023531445964e-05,1.746798761896082575e-01
7.106984899135833089e-01,1.568973355524498972e-02,4.187458980275938461e-04,1.888238073631701250e-05,2.731741482524077114e-01
7.596259897644028758e-01,9.709088434949789126e-03,2.992683974950789477e-04,1.943955413737440227e-05,2.303462138490148803e-01
9.140816624079779462e-01,3.990129280572939259e-03,2.296087786452937374e-04,2.321717985043855278e-05,8.167538235295346283e-02
9.864841258346009889e-01,2.490156902719259466e-03,1.212461703520618136e-04,1.065305220331856492e-05,1.089381804012442244e-02
9.729099363790897348e-01,3.795608039732579434e-03,1.041879964905903039e-04,1.090988808417188068e-05,2.317935769660293618e-02
9.732984069692005580e-01,4.420698759366696075e-03,9.828680422190600309e-05,8.107260078441918790e-06,2.217450020713244291e-02
9.744260832019774332e-01,8.798102976819356658e-03,3.019660560864167900e-04,1.898915015406631892e-05,1.645485861496263913e-02
9.818952950303304616e-01,7.270598182439568305e-03,2.020263122645256587e-04,1.235175199462263124e-05,1.061972872297072164e-02
9.844754702092090026e-01,8.566438842078858903e-03,1.723634912148353036e-04,9.727892280352999727e-06,6.775999565217032464e-03
9.930042933840014241e-01,3.757882233470475307e-03,1.195948911605056669e-04,7.775067056197238643e-06,3.110454424311447433e-03
9.357529948548558574e-01,2.025167905122859588e-02,5.682035405696513053e-04,2.278513665792399357e-05,4.340433741668788675e-02
9.256915070953275482e-01,1.139990153578351005e-02,3.566161904867615933e-04,1.742452249203302206e-05,6.253455065591004280e-02
9.260065541367973330e-01,4.028796455758992812e-02,2.777029903489663595e-03,6.424777159399121132e-05,3.086420363052905930e-02
9.750453590276695337e-01,1.782193825220481503e-02,1.608831180145580547e-03,5.416276613122908271e-05,5.469708773848874078e-03
9.888538148608989609e-01,7.755379289238876518e-03,1.271738721476606878e-03,7.902857803825433626e-05,2.040038550347390151e-03
9.740750705754329664e-01,1.747066655136036289e-02,4.896837832135819690e-03,3.681850878997222631e-04,3.189239953171035553e-03
9.736726087087257397e-01,1.299658433922000131e-02,4.316209329493383637e-03,3.978477203153270260e-04,8.616749902245538634e-03
9.624039323608095664e-01,2.131688028396344289e-02,7.511815738488330195e-03,4.668614153412631198e-04,8.300510201397298671e-03
9.789442881618503067e-01,1.110922024054963354e-02,4.106272739027938025e-03,2.789474864407724664e-04,5.561271372131328800e-03
9.867894882196853734e-01,7.794032584691318148e-03,3.607389098754874845e-03,1.940030465358265083e-04,1.615087050332640693e-03
9.758889459920010445e-01,1.552066834633386919e-02,7.377486554236423189e-03,2.545642132979936720e-04,9.583348941307780200e-04
9.790540178825779538e-01,1.591803686624193581e-02,4.302797830681495510e-03,1.214931058132636386e-04,6.036543146854729015e-04
9.633019950401713327e-01,2.440362047203981088e-02,1.094653182770440221e-02,3.656086892838340168e-04,9.822439708007421437e-04
9.798496443128863476e-01,1.296421564135648991e-02,5.228689185194448225e-03,2.327514755366026167e-04,1.724699385026125025e-03
9.935595700769750405e-01,4.402463862035420165e-03,1.072703196539011132e-03,5.917142812303675053e-05,9.060914363274359153e-04
9.978094387130340692e-01,1.570009452857344320e-03,2.691216547600183261e-04,2.494181282392178724e-05,3.264883665246912352e-04
9.956262784577395442e-01,2.449018308615577826e-03,4.359992127375441717e-04,4.709852192282767855e-05,1.441605498984605471e-03
9.967663029640803085e-01,2.250551873580088416e-03,4.114518795688511992e-04,4.851027284470066451e-05,5.231830099259829770e-04
9.971566486571596943e-01,2.151068913747582710e-03,3.992044120778870668e-04,4.394060178073969016e-05,2.491374152340347886e-04
9.881261260620194387e-01,8.898835732326847506e-03,1.594696282585705751e-03,1.393405270440047701e-04,1.241001396024100922e-03
9.654289835837301936e-01,2.689047915128449720e-02,2.781205595838272954e-03,1.361736715065957023e-04,4.763157997640476808e-03
9.910266192121877094e-01,7.215244082267255506e-03,7.749816666819906450e-04,3.200676681864732845e-05,9.511482720442808415e-04
9.871240005989615485e-01,9.858773377532858637e-03,9.897708985466991283e-04,4.998921116868596345e-05,1.977465913790169699e-03
8.418270940970443705e-01,9.035174915436149090e-02,8.075045360052171550e-03,2.354932797715146879e-04,5.951061810877054242e-02
6.787836396748534451e-01,8.549879035257652860e-02,1.414309424950417442e-02,4.749846878642004049e-04,2.210994910352016007e-01
6.303522963933687606e-01,7.984179572527520807e-02,3.715246145023436836e-02,1.187957514256081631e-03,2.514654889168656537e-01
6.242385629750955012e-01,3.431907373141831336e-02,2.492997498276067550e-02,1.363430890300042350e-03,3.151489574204254795e-01
4.257172577083406240e-01,2.436013567240002606e-02,4.823626072332029557e-02,3.256450847559413855e-03,4.984298950483795898e-01
4.318448796857297656e-01,1.281544233276847751e-02,1.434658316344744264e-02,1.231886587122487742e-03,5.397612082309317660e-01
3.414687280923313084e-01,9.515747404164668494e-03,1.214725543253526024e-02,8.196178832241903141e-04,6.360486511877445626e-01
2.759044339178117755e-01,8.968622284836424291e-03,9.413381188783039727e-03,5.924479098025056461e-04,7.051211146987661493e-01
2.417174684573335508e-01,9.541064662688163167e-03,1.055363260465788655e-02,5.062414714273366688e-04,7.376815928038931158e-01
1.934402686679115302e-01,1.108374409833640627e-02,1.044612731332459840e-02,4.800246391621381032e-04,7.845498352812653176e-01
1.469774970512702228e-01,1.033935327532918037e-02,1.840711488005109323e-02,6.011881816936388715e-04,8.236748466116559086e-01
2.144242176319631488e-01,8.065409623124039293e-03,1.401594156684035121e-02,7.264148610106807092e-04,7.627680163170618144e-01
5.999845944961232913e-01,1.818018948768044749e-02,2.608599518403028131e-02,1.770304356638014364e-03,3.539789164755279272e-01
4.893043456154912429e-01,2.165315684037355873e-02,3.580450479643940837e-02,3.275523975051786510e-03,4.499624687726440642e-01
4.923601667591510633e-01,3.931633297659632709e-02,3.215600193792970268e-02,2.010243997712357709e-03,4.341572543286105201e-01
3.379554172324023553e-01,7.073854945069107947e-02,8.318280872449340668e-02,2.898318788942942648e-03,5.052249058034702367e-01
1.229773692964732240e-01,9.168181579652825985e-02,4.950846943618288087e-02,1.073462787977419496e-03,7.347588826828381769e-01
1.077819632770053021e-01,4.158071724178457468e-02,1.162064707194417346e-01,3.180241305536081996e-03,7.312506074562322711e-01
6.827653659347618365e-02,4.070546066647562355e-02,9.889384188540178977e-02,2.946311449358570821e-03,7.891778494052879012e-01
8.752223500423531033e-02,2.452248900278977684e-02,9.095843254347962814e-02,3.921914315052038580e-03,7.930749291344432184e-01
1.296097486448430369e-01,2.073197163621431222e-02,4.379814187156064187e-02,2.586511193250061024e-03,8.032736266541319337e-01
1.655958127966409565e-01,1.298881616109473676e-02,2.792667029115783808e-02,1.569290481443794648e-03,7.919194102696627269e-01
1.917148761838083637e-01,2.805915353270194146e-02,4.639011563065714022e-02,2.122001805982530812e-03,7.317138528468499770e-01
1.484728933514163352e-01,5.227041410232022289e-02,8.512702857474679918e-02,3.346720761662053817e-03,7.107829432098546896e-01
1.521719881055239032e-01,4.728977976836713087e-02,5.427619844189039700e-02,1.854783507530519820e-03,7.444072501766878514e-01
1.793790290068318083e-01,5.925643673045742632e-02,7.664991291322248435e-02,4.508649575438859747e-03,6.802059717740494005e-01
1.059443546888597099e-01,1.358287340207117444e-01,1.736807969146422770e-01,4.344761683847197554e-03,5.802013526919390651e-01
1.232153541463067159e-01,9.591432299081734114e-02,1.311604642371746454e-01,4.348986771155577760e-03,6.453608718545458256e-01
9.346123899069921914e-02,5.799510531584300965e-02,3.062736650191185683e-01,2.216269397385485507e-02,5.201072967004845005e-01
7.897489418144343354e-02,6.972702564484530019e-02,4.080983135430262254e-01,2.185037728727116241e-02,4.213493893434137605e-01
1.538148957774500003e-01,5.394299701398114211e-02,3.946397697816146355e-01,1.678193684097577937e-02,3.808204005859784913e-01
1.277394897371414706e-01,6.713392427689104935e-02,4.431805842123296424e-01,1.349180483351257454e-02,3.484541969401253603e-01
1.609277911902720071e-01,7.996535871080910629e-02,2.717562287571241852e-01,9.598706902947699501e-03,4.777519144388469030e-01
2.195694190392792344e-01,5.323335746680727537e-02,2.482825985805824642e-01,1.149293349297165340e-02,4.674216914203594420e-01
1.425639952227365503e-01,6.532886916960121970e-02,2.840787314578948619e-01,9.049026868365641491e-03,4.989793772814017925e-01
1.494967414573459552e-01,5.490633261297415968e-02,3.300996886938591390e-01,1.497683804243289674e-02,4.505203991933878771e-01
1.562035013305057563e-01,7.643204074223704236e-02,2.774279469672267795e-01,9.471492503495805571e-03,4.804650184565346094e-01
1.369609587515294158e-01,5.581633699565466400e-02,1.275677371895180823e-01,3.547933184861593557e-03,6.761070338784362921e-01
8.806860604148981919e-02,5.328880526498527836e-02,9.536851627959404276e-02,1.916016991967091788e-03,7.613580554219636642e-01
4.712875560210267462e-02,3.665617207875940253e-02,4.722420697026369352e-02,7.399524093869892533e-04,8.682509129394873071e-01
2.848611908644392565e-02,4.023456273055542320e-02,6.019580824072831571e-02,8.410799855490707407e-04,8.702424299567234067e-01
3.020222162149771572e-02,4.162135335716000972e-02,2.452135222892084521e-01,3.903387497864042009e-03,6.790595152342698837e-01
3.379595677655779923e-02,2.065737283932273655e-02,3.796745986921388760e-01,8.388042924298013195e-03,5.574840287676825490e-01
5.632966318582268567e-02,3.167907298741215461e-02,3.345977314569414385e-01,1.099047402955816675e-02,5.664030583402656083e-01
6.556008985950399770e-02,2.801703031729060184e-02,4.135763128729207372e-01,3.181822483158715242e-02,4.610283421186974206e-01
9.033683509263724931e-02,6.702976873417608450e-02,3.762327847277338044e-01,1.629645561781857890e-02,4.501041558276343557e-01
1.318685978577106288e-01,5.406343017566859338e-02,2.408002731697914123e-01,1.352847375431330372e-02,5.597392250425160531e-01
8.159810008611671772e-02,6.513130829680097156e-02,4.413185482596754805e-01,1.685853875248933403e-02,3.950935046049176558e-01
3.453474649153034232e-02,4.549861356144668800e-02,3.432381776416431052e-01,1.626676579700800027e-02,5.604616965083719649e-01
4.433842902979611561e-02,2.278443413395863162e-02,2.829856034968158962e-01,3.473199002563502613e-02,6.151595433137941882e-01
4.364590147279860666e-02,3.232034046052618265e-02,2.053339934498066843e-01,1.304500583895258810e-02,7.056547587779159469e-01
2.384159637563387779e-02,1.791392871511600024e-02,8.862952453136008213e-02,3.179113366515009219e-03,8.664358370113749430e-01
7.941785163299994871e-03,1.385222737119190528e-02,2.921982864521071449e-02,7.086723046972761252e-04,9.482774865156000654e-01
3.395078583060957833e-02,1.672698813590178107e-02,4.728352389005107542e-02,1.663575000531003229e-03,9.003751271429066838e-01
2.348695647406112696e-02,2.198728502173184426e-02,3.144875744011331464e-02,7.257293823360631358e-04,9.223512716817576784e-01
5.587374274523368434e-02,3.506589504150885162e-02,7.957331813999082848e-02,2.284270195986393050e-03,8.272027738772802508e-01
2.966641975328252606e-02,4.674055263748767841e-02,8.922749751978106825e-02,1.625321347512481782e-03,8.327402087419359944e-01
8.340386775159060184e-02,5.853969457005345212e-02,1.024212400471780360e-01,1.575498364664845025e-03,7.540596992665129505e-01
2.379871397399302979e-01,8.242291789862415952e-02,1.658525432415397238e-01,2.802549387976322609e-03,5.109348497319292637e-01
1.899402827056622389e-01,2.692646137586544863e-02,1.019796362195726641e-01,3.149237509190478887e-03,6.780043821897090428e-01
1.459227061641908130e-01,4.969952180732888081e-02,1.297571629166250906e-01,2.608447647076727119e-03,6.720121614647784902e-01
1.950185982597495427e-01,5.203752180370156688e-02,1.305086250174277429e-01,3.694311887948136496e-03,6.187409430311731073e-01
2.821932524800456199e-01,9.232737026810587666e-02,2.090774649852760458e-01,6.163827849218702498e-03,4.102380844173537655e-01
2.203637614399471534e-01,8.995950916241172990e-02,2.144708931945134844e-01,7.060195606611000159e-03,4.681456405965166434e-01
2.408398565491809973e-01,1.204961420887030871e-01,1.616334317373973595e-01,3.991111322886912831e-03,4.730394583018316945e-01
1.458995887299753547e-01,1.255501622403706052e-01,3.664073421233735028e-01,6.463617351550592083e-03,3.556792895547299382e-01
1.390340412697355921e-01,1.492156789404561201e-01,2.370382806069743498e-01,3.746958179128305391e-03,4.709650410037056201e-01
2.078619922449505275e-01,9.871938300563590230e-02,2.850493496829823448e-01,4.993475234144666153e-03,4.033757998322866078e-01
1.470105798532345132e-01,1.034835602324022108e-01,2.781501314454066787e-01,3.842708652409512933e-03,4.675130198165470818e-01
1.583938054742456136e-01,1.089489259661257925e-01,1.985234860371669907e-01,2.410178903673921517e-03,5.317236036187875658e-01
1.561866308273257009e-01,1.051887670452447687e-01,4.183809847837292595e-01,6.475171342399065749e-03,3.137684460013011600e-01
1.391299650448423464e-01,1.550917094685039244e-01,2.593013604462310329e-01,2.741787057728444724e-03,4.437351779826941844e-01
2.323873959476391582e-01,1.304559774774595449e-01,1.952690858043807931e-01,2.552728769329944570e-03,4.393348120011905111e-01
2.648240653123760668e-01,1.413747061070624589e-01,1.259441120611049514e-01,1.822110903750928960e-03,4.660350056157055443e-01
4.694629668697528624e-01,5.583478070710366781e-02,6.250306934061347630e-02,1.711253517826728798e-03,4.104879295647032023e-01
1.872495358520133435e-01,1.457790363114031817e-01,1.656391028893463291e-01,2.491545702393366951e-03,4.988407792448436573e-01
1.618996244865612000e-01,1.218595894382471650e-01,2.492624493116656625e-01,2.877240355805657599e-03,4.641010964077204037e-01
1.688577231718945137e-01,1.453217760053950591e-01,1.630495409957538056e-01,1.655706657261653151e-03,5.211152531696949808e-01
1.814551107852814260e-01,1.243890363490203210e-01,1.944992433099769213e-01,2.299550332661811324e-03,4.973570592230594500e-01
1.493137099452803152e-01,8.473800907639837676e-02,1.040622939284222004e-01,1.232987864285102313e-03,6.606529991856139317e-01
1.951282220552848501e-01,8.945166200242106458e-02,1.101223520537309430e-01,1.849431984806809790e-03,6.034483319037564630e-01
1.781344544878319947e-01,8.616759511603451493e-02,7.202425178499345659e-02,1.225855596814106468e-03,6.624478430143259100e-01
1.201116658878891436e-01,8.111217611338639166e-02,6.280145911845405604e-02,8.576226364150181742e-04,7.351170762438554718e-01
1.355656650702689314e-01,5.487410868519790319e-02,6.033766146749884596e-02,1.020201832666844857e-03,7.482023629443675938e-01
4.611062242678757306e-01,6.976379018379043340e-02,3.936063151523734593e-02,9.505742621618376315e-04,4.288187797709345772e-01
3.514781419777066596e-01,1.128855723360236152e-01,1.080786091404039445e-01,1.943097452946810884e-03,4.256145790929188322e-01
1.699487243735543496e-01,1.078121178199815539e-01,2.799331758187796337e-01,2.989131696534389100e-03,4.393168502911500295e-01
1.943703457679177016e-01,2.558739706762361635e-02,7.389499672223526217e-02,2.071072705763099195e-03,7.040761877364603016e-01
2.452587447938591181e-01,9.749250681649121800e-03,1.254590151120380491e-02,6.245538704985094522e-04,7.318215491427892960e-01
2.850865986140315167e-01,1.564384589336022258e-02,3.021046793474802331e-02,1.678566943489319266e-03,6.673805206143710311e-01
2.543673941663902038e-01,3.333890632684425454e-02,3.002337915426414247e-02,1.118200592867878672e-03,6.811521197596334121e-01
2.881560624997482889e-01,7.507167958196306334e-02,6.364409904974087373e-02,2.551858755877454976e-03,5.705763001126703537e-01
2.404657737802898265e-01,2.853414438772291714e-02,2.389635742900626802e-02,1.149642077047722784e-03,7.059540823259331521e-01
1.310418869616468696e-01,2.115221518823513780e-02,1.963592819441078302e-02,6.220733462242626979e-04,8.275478963094828888e-01
1.807361438625614269e-01,1.059168844404214868e-02,6.930713371230842745e-03,5.019168929844977992e-04,8.012395374291811923e-01
3.078100121183890425e-01,1.596038779791048023e-02,4.489702616509704328e-03,2.472935945527830292e-04,6.714926038726380941e-01
3.840637535395738378e-01,1.888278750892913305e-02,1.290889457632382262e-02,6.823275017664562261e-04,5.834622368734067033e-01
3.506982297900622658e-01,1.593876199886830325e-02,1.127424055583723522e-02,4.230277829098193589e-04,6.216657398723223205e-01
2.199943741068763337e-01,1.271836022357220042e-02,1.330063114581876357e-02,4.449250890925283714e-04,7.535417094346403832e-01
2.344113902736871258e-01,3.434080785736860070e-02,5.648655785664960516e-02,2.143938045296348450e-03,6.726173059669983134e-01
3.475495683522673573e-01,3.963265575594056289e-02,5.623393944637920805e-02,3.143073856295244481e-03,5.534407625891176741e-01
3.852827191334158852e-01,5.170039093808378311e-02,4.713163211432949001e-02,2.588814195973075920e-03,5.132964436181975953e-01
5.435711849357288683e-01,4.744296896443857270e-02,6.635729541429366551e-02,4.460289815293876775e-03,3.381682608702449855e-01
4.323244286111488921e-01,9.297431337574785237e-02,7.970849392926984689e-02,3.433146973942475047e-03,3.915596171098909561e-01
3.018837018199130307e-01,6.974513088537429017e-02,7.294331493647376874e-02,2.762977620886217667e-03,5.526648747373527071e-01
4.334286771287670370e-01,2.467294119126003243e-02,3.984683472064013549e-02,3.343960060243287777e-03,4.987075868990893945e-01
4.949605239756015296e-01,1.254115841964611316e-02,2.235854107245371578e-02,3.954782926003944099e-03,4.661849936062947286e-01
4.651400888551507906e-01,1.679523941102572734e-02,2.263105121267542513e-02,3.216450196161958677e-03,4.922171703249860197e-01
4.262126446367491273e-01,5.371816275433736326e-02,5.651973675683073794e-02,4.600044207661399542e-03,4.589494116444213234e-01
2.573835792371819142e-01,6.802099317826384994e-02,3.643727037120645523e-02,2.243730965455801446e-03,6.359144262478919618e-01
3.184428659089620361e-01,2.849647834381347292e-02,5.082702976640969539e-02,5.857906034164373117e-03,5.963757199466505066e-01
3.852971945767756368e-01,5.700505260556759657e-02,7.180330395339765137e-02,6.745899821942444308e-03,4.791485490423166294e-01
4.685584547715854753e-01,4.019966127231276720e-02,1.003672285059997310e-01,1.835244342464775746e-02,3.725222120254543245e-01
7.769363009644245643e-01,2.735838909764427146e-02,7.570498173816662957e-02,2.245444374116083858e-02,9.754588445860369605e-02
8.946639210834989031e-01,2.075208658507294093e-02,3.335293755137130889e-02,1.094657798560847231e-02,4.028447679444845109e-02
9.724049769542292276e-01,9.482014156199009003e-03,6.746117819511036548e-03,2.047693774258736721e-03,9.319197295802062950e-03
9.817467372176826856e-01,8.112628376047830228e-03,3.439126773684259702e-03,8.268803660811645121e-04,5.874627266504220922e-03
9.613545899066746614e-01,1.132510306272605481e-02,7.111306379244553694e-03,1.469559356172716810e-03,1.873944129518188145e-02
9.308079508142069747e-01,2.182174860480168288e-02,2.975599881211743805e-02,6.790265775474502510e-03,1.082403599339946260e-02
7.852032671932527297e-01,7.217564584059933674e-02,1.121371863813129116e-01,1.570994738874399027e-02,1.477395319609113924e-02
7.267534739629205598e-01,4.845147033970870903e-02,1.892486323136948201e-01,3.106471779979135678e-02,4.481705583884620231e-03
5.360188971474864061e-01,5.664873763903493370e-02,3.501100019973346633e-01,5.277593813679532647e-02,4.446425079348806549e-03
4.403389548678145471e-01,4.543239708232630486e-02,4.056496286568441190e-01,1.021682536149070286e-01,6.410765778107923273e-03
2.010890150489506867e-01,7.816777656702733612e-02,5.729394242266846460e-01,7.425655656479264455e-02,7.354722759254465891e-02
2.113083257408931714e-01,4.272238226078672874e-02,5.151563828579920346e-01,6.462889935333719638e-02,1.661840097869908828e-01
4.693502852343773291e-01,5.215211023841416493e-02,3.112595758427360582e-01,5.103695236352095987e-02,1.162010763209515019e-01
4.205716689413462883e-01,7.613319763558482056e-02,2.483230106838870133e-01,2.988337107503687834e-02,2.250887516641449926e-01
5.773709585484958495e-01,8.603914327298063658e-02,1.428543975089264229e-01,1.616506345534496347e-02,1.775704372142521692e-01
5.543587395238858129e-01,1.235443403819242586e-01,1.438285184057461752e-01,1.481606355939378734e-02,1.634523381290500510e-01
4.974877477051207753e-01,1.660327551308287963e-01,1.511752198205328357e-01,1.034603368812768084e-02,1.749582436553899500e-01
3.505210290576958876e-01,4.422935740250613645e-02,4.455072569528206738e-02,5.409293656735036926e-03,5.552895941877808994e-01
3.923951077021578526e-01,1.799252395382333614e-02,3.585203901972554980e-02,6.348777127606910174e-03,5.474115521966862463e-01
4.134130800480481094e-01,9.200977906350174540e-03,1.427902063841274272e-02,2.340223384105087796e-03,5.607666980230838760e-01
5.974320046546199858e-01,1.017881326580677252e-02,1.239280333261772067e-02,2.177787695278482830e-03,3.778185910516770329e-01
4.532930623244841306e-01,9.700921042256033244e-03,6.698790799295527808e-03,1.039271680869424674e-03,5.292679541530947995e-01
7.039886065203833088e-01,8.401688602000429579e-03,6.871639555368614510e-03,1.229202626375255252e-03,2.795088626958722733e-01
7.665532054443850996e-01,2.399105704428567895e-02,3.988786649255163241e-02,4.158093763411687890e-03,1.654097772553658752e-01
7.306932085082743500e-01,2.736093277021992010e-02,7.441049062152756133e-02,9.441374133607590910e-03,1.580939939663707217e-01
6.766370606994436265e-01,2.125526877987384683e-02,6.926493217400414570e-02,1.080020167295643249e-02,2.220425366737220074e-01
5.417213636772360008e-01,4.888348146362070379e-02,1.089199224508697328e-01,8.989590038694057067e-03,2.914856423695796339e-01
1.995493458379906382e-01,9.426645791309569422e-02,1.498840828632796163e-01,6.497610192458620239e-03,5.498025031931752515e-01
3.100543592977516583e-01,6.350170200616103711e-02,1.841446934493435328e-01,9.172287848198356491e-03,4.331269573985453980e-01
1.829828243251723219e-01,4.637692596712054971e-02,3.663840056407449142e-01,2.740886206218306337e-02,3.768473820047791856e-01
2.345545509109215887e-01,5.262589766649054812e-02,4.186804902085172753e-01,2.076959276938922933e-02,2.733694684446814072e-01
5.980141615817115008e-01,7.029827164568901166e-02,1.742031897248220718e-01,7.204105870779491626e-03,1.502802711769979094e-01
5.373298956171647101e-01,4.220786495474123518e-02,1.272334802313867530e-01,8.221754388533800140e-03,2.850070048081734253e-01
6.991771221130745895e-01,1.984061128392411444e-02,5.016111545335610877e-02,6.240995186724695651e-03,2.245801559629206356e-01
3.678955760103460038e-01,8.120966976162538598e-02,2.530226860301358349e-01,1.958901352521416964e-02,2.782830546726786647e-01
2.065641417587453232e-01,4.221713107797980813e-02,9.778930778268556112e-02,7.748675796455927259e-03,6.456807435841334097e-01
2.432238908775343766e-01,5.659863898077859695e-02,1.029048152449051901e-01,3.907303892532668424e-03,5.933653510042490309e-01
1.583944001390406031e-01,4.540762498422885873e-02,1.414842544060615492e-01,5.328021737675178379e-03,6.493856987329935659e-01
1.103065668486659656e-01,9.974646311614968064e-02,1.172529100604534358e-01,3.545185474043287873e-03,6.691488745006876071e-01
2.103214267397278958e-01,9.559796809288778618e-02,1.627691655494319378e-01,7.594897497581149654e-03,5.237165421203713311e-01
2.713176965103817340e-01,4.274776899177962913e-02,1.183913828165148036e-01,8.891961698829050492e-03,5.586511899824947447e-01
3.674674164574771584e-01,4.628453822553700581e-02,1.651456645587804917e-01,1.437099626959135665e-02,4.067313844886140672e-01
6.226096862177858959e-01,2.832634020706988748e-02,1.552446099468312024e-01,2.087258517235888663e-02,1.729467784559541588e-01
9.221438340677357015e-01,8.206141227117731002e-03,1.931242403533607599e-02,2.532707386206304711e-03,4.780489328360423840e-02
8.026291591924737956e-01,3.285498583339543227e-02,7.916514969036951566e-02,6.432868201536569991e-03,7.891783708222468996e-02
5.702003324487902036e-01,3.459242925579156941e-02,2.532533246195000642e-01,4.814007516212426979e-02,9.381383851379380967e-02
6.262709731744975361e-01,3.666433319471722879e-02,2.389481269435611288e-01,4.178592243226701697e-02,5.633064425495704769e-02
4.220172525471036495e-01,2.205029682988370390e-02,3.331601140242432257e-01,1.303644957760841383e-01,9.240784082268525823e-02
2.750804902820681019e-01,2.147346560087177655e-02,3.859461585836997388e-01,2.433728635712402166e-01,7.412702196212009320e-02
4.509297217888322828e-01,2.811379569691732985e-02,2.933235809207513922e-01,1.675736338658781743e-01,6.005926772762077565e-02
5.340756126230216116e-01,1.878081905790171535e-02,2.619252036427473507e-01,1.439036479600366014e-01,4.131471671629270009e-02
6.950160220994592297e-01,1.699906841690292797e-02,1.778856077417171055e-01,7.544246510053428945e-02,3.465683664138645426e-02
5.743142844684662185e-01,2.752640674804934795e-02,2.298750898823272160e-01,1.142310376147516460e-01,5.405318128640543979e-02
6.256550363358746036e-01,1.498177488125754589e-02,2.025334888648576692e-01,1.342707635901428664e-01,2.255893632786716216e-02
6.168728465263567662e-01,3.201731878779817686e-02,2.584500532951043428e-01,7.067314187144267679e-02,2.198663951929808597e-02
5.235536967615685988e-01,3.060315384449768111e-02,3.073177491453971122e-01,9.966466525163039658e-02,3.886073499690623212e-02
6.573672667342309595e-01,4.503380289265282443e-02,2.014229941198125984e-01,5.238407265602545992e-02,4.379186359727798433e-02
6.632006245182333615e-01,7.076673501204527872e-02,1.820766227135040827e-01,3.221979500983260247e-02,5.173622274638470242e-02
5.250522482248510814e-01,1.022886732458092723e-01,2.444577020127668976e-01,3.923189528629043160e-02,8.896948123028240729e-02
7.992262925539530549e-01,3.950119622820608828e-02,1.028515407314693070e-01,2.551014709904245864e-02,3.291082338732913282e-02
8.026550292334015957e-01,3.950964013989069490e-02,1.235802090697864092e-01,1.825652509380174329e-02,1.599859646311948408e-02
6.123168417955784371e-01,3.925699064150790091e-02,2.677257617881679819e-01,6.215484468455627354e-02,1.854556109018937540e-02
5.799719630133086667e-01,6.877052410321174425e-02,3.002162231639000645e-01,3.911214209549871562e-02,1.192914762408079678e-02
5.028645662046631326e-01,7.559445172684201020e-02,3.621626932282430711e-01,3.987537628370484144e-02,1.950291255654686140e-02
4.015723238386602612e-01,5.989199735031756899e-02,4.599768668349944467e-01,4.496400249731561521e-02,3.359480947871208711e-02
4.854793654706208716e-01,6.887884129300132774e-02,3.623832200412726579e-01,5.075523640214863602e-02,3.250333679295659001e-02
3.766675231646671174e-01,8.032138023092408319e-02,4.448220194023405072e-01,6.832625716900399271e-02,2.986282003306436894e-02
5.757304871662426438e-01,1.236128976823819836e-01,2.648877759663880171e-01,1.389809672084986111e-02,2.187074246413757417e-02
2.673924205441672308e-01,1.064394590387433559e-01,5.759685425916752921e-01,3.856816557741612334e-02,1.163141224799795967e-02
2.177304121408340509e-01,9.508989403419050579e-02,5.435972579808610039e-01,4.709707925324917166e-02,9.648535659086533711e-02
1.743149534396950529e-01,5.579834660977400079e-02,5.657609998940738016e-01,1.089614044846096558e-01,9.516429557184760690e-02
3.905472023976535034e-01,6.665715272863451113e-02,3.847924963843128432e-01,5.443949431792347721e-02,1.035636541714756442e-01
3.431041867635791776e-01,3.511199505008161248e-02,2.561900519993275394e-01,4.792956709554560546e-02,3.176641990914660929e-01
3.788034161536628641e-01,3.346263907875573346e-02,1.441879744407513764e-01,2.490503049652171424e-02,4.186409398303082563e-01
4.946969271442367422e-01,3.426490775460698524e-02,1.253998662956166688e-01,1.946877366441139914e-02,3.261695251411282914e-01
3.127288079737411963e-01,6.630782950472821624e-02,1.990865073616585601e-01,3.075845267693610996e-02,3.911184024829357786e-01
4.455592362521128558e-01,5.087976994958754579e-02,2.229816714592688653e-01,5.025702877461626916e-02,2.303222935644144154e-01
4.442356314294441111e-01,7.518616708414950500e-02,2.585587955680013206e-01,5.015691558734656358e-02,1.718624903310585483e-01
2.346021814775051950e-01,6.540667778062324300e-02,3.980121300237978721e-01,9.816789948527207543e-02,2.038111112328016283e-01
1.257663064709011458e-01,7.980495884373585425e-02,4.493649052835482216e-01,9.904793704797035248e-02,2.460158923538444120e-01
1.416874628754601351e-01,4.630089232858727866e-02,6.256212124640060379e-01,1.052260619994627167e-01,8.116437033248384558e-02
2.223310639823800061e-01,5.955415200816883275e-02,4.557933808138491250e-01,9.425742700725296686e-02,1.680639761883489514e-01
1.958598727527930961e-01,5.310277755582501480e-02,3.745813354730244682e-01,1.049164902321265275e-01,2.715395239862307686e-01
3.435537881464358900e-01,4.655500154324132556e-02,4.069099890853468682e-01,7.699856772407795424e-02,1.259826535008980175e-01
3.109799723333656063e-01,2.524672390000462507e-02,3.892824018977004696e-01,1.928381422713353610e-01,8.165275959759386859e-02
3.408411591659520345e-01,1.442316499108082552e-02,2.767719801482043662e-01,3.209114855972824421e-01,4.705221009748036115e-02
2.172319190194614280e-01,1.285298470285318843e-02,3.082357295746011028e-01,3.980114286160163495e-01,6.366793808706797120e-02
4.010813175701409827e-01,1.539412080048316658e-02,2.252052204806352098e-01,2.571040062084652966e-01,1.012153349402753061e-01
3.884397693657917205e-01,3.622093722652621611e-02,3.154748426238948023e-01,1.542589414140777548e-01,1.056055093697095548e-01
3.165145271294246831e-01,3.883113264160865941e-02,4.945319568107771624e-01,9.532463123510510894e-02,5.479775218308433060e-02
1.733703582303907920e-01,3.914853787252423056e-02,5.989070020064124478e-01,9.836784202990858650e-02,9.020625986076398484e-02
1.779872842756084761e-01,3.856985380264044833e-02,6.060103227594305642e-01,9.784590201855671021e-02,7.958663714376380816e-02
1.500223040572906397e-01,4.927455727597107593e-02,6.669720525963751534e-01,6.308376298086450229e-02,7.064732308949873973e-02
1.042354437953872115e-01,8.419520161092229615e-02,6.567275612131396878e-01,4.849232653954695105e-02,1.063494668410037425e-01
5.604947880417266576e-02,6.077366814451739402e-02,7.291694486771952421e-01,7.919148847937970692e-02,7.481591589473519932e-02
5.986787125629408624e-02,7.075167257700835932e-02,6.974524769088804588e-01,8.750510394938683378e-02,8.442287530843015086e-02
5.005145648869911701e-02,5.390398572323841508e-02,7.082312985309380249e-01,1.071098852719730848e-01,8.070337398515124716e-02
5.863567081972673872e-02,3.394634546572055517e-02,6.940252247592213486e-01,1.318426883689672868e-01,8.155007058636415396e-02
3.989156093481752846e-02,3.072576421626059887e-02,7.591449807559039753e-01,1.028702736787815292e-01,6.736742041423628147e-02
1.608427058287764666e-02,4.975278840292442217e-02,7.671074919364957445e-01,3.770162999951370830e-02,1.293538190781883812e-01
2.703302408717343092e-02,4.435223053228065648e-02,6.071786184806686748e-01,3.321446705489512069e-02,2.882216598449821032e-01
1.354042931083088500e-02,2.864830703859693947e-02,7.227323314870053306e-01,3.304826506412397724e-02,2.020306670994427845e-01
1.588902045159862886e-01,6.183231785448765200e-02,6.031831550352282356e-01,3.041447838712681151e-02,1.456798442071710054e-01
1.781124594240456049e-01,9.367097463465418050e-02,3.738465234141062910e-01,1.427743794616926840e-02,3.400926045810246379e-01
1.584613928144812944e-01,9.890670381429826630e-02,3.750792897845967588e-01,1.640492471124095630e-02,3.511476888753826131e-01
8.461650219044981880e-02,4.312056768065908319e-02,6.172496022981737163e-01,8.609449071837572964e-02,1.689188371123415966e-01
4.385096768769599085e-01,1.012292358644339418e-01,3.254171973109852845e-01,3.627397302674107565e-02,9.856991692087990753e-02
2.801941322430531733e-01,1.341187622725884265e-01,5.023995460130151747e-01,3.230872664053098531e-02,5.097883283081224709e-02
9.805228228450965644e-02,4.243809810681951900e-02,7.067076324908245777e-01,1.184123819962534518e-01,3.438960512159280891e-02
7.194800657393633780e-02,3.340669379800369904e-02,7.506687533557622194e-01,9.134726546002475134e-02,5.262928081227299243e-02
2.215457543646878746e-01,8.126288346063136048e-02,5.371576185827221517e-01,4.868714417973643571e-02,1.113465994122221081e-01
1.336312851364664100e-01,6.800064614982906375e-02,6.444627409887725422e-01,4.535142105701590182e-02,1.085539066679160614e-01
3.774940599449219669e-01,9.523584773253129798e-02,4.278527255370140892e-01,3.446092806539749476e-02,6.495643872013520670e-02
2.874513741495342556e-01,1.081444805120114760e-01,5.054623324755317393e-01,2.250080466377838567e-02,7.644100819914412259e-02
1.436130060371370309e-01,1.455901229941153896e-01,3.721733227973496594e-01,7.073290184149877077e-03,3.315502579872479649e-01
3.985927488103257477e-01,1.062300804053696174e-01,2.831204949790998571e-01,1.405028034455556470e-02,1.980063954606491594e-01
3.564539007015972150e-01,4.145873101625056900e-02,4.024590978145095588e-01,4.874046445289151319e-02,1.508878060147511302e-01
2.114354637251911750e-01,3.159559929375604231e-02,5.075177388757413643e-01,1.460096986402441566e-01,1.034414994650674768e-01
1.207702273521863851e-01,1.904482646138597884e-02,5.553969786772047224e-01,2.227284124096300666e-01,8.205955509959279859e-02
1.534876672270492348e-01,1.759078777251648143e-02,4.341931564925036735e-01,2.993612349259077710e-01,9.536715358202282888e-02
2.577663699046238710e-01,2.716923315566704272e-02,4.786021008814453359e-01,1.813702439716123882e-01,5.509205208665139686e-02
4.326733935427478084e-01,5.791987515101629930e-02,4.079947526166453620e-01,6.357845345361266831e-02,3.783352523597791756e-02
2.225473856169221387e-01,8.752660382398143313e-02,5.944108481222336593e-01,3.992650720583543200e-02,5.558865523102729522e-02
5.397598367717180157e-01,4.091507058357433946e-02,3.225371454586853925e-01,3.122979343593236534e-02,6.555815375008991475e-02
6.284255817178193704e-01,5.721471421165814919e-02,2.538680000296671402e-01,1.851244767638739186e-02,4.197925636446771247e-02
5.006306119658520126e-01,4.037873782708289311e-02,3.782138965992392632e-01,6.600183373637720508e-02,1.477491987144870060e-02
5.254176687734350981e-01,5.404582703503662405e-02,3.567993837178171646e-01,4.901100742219320627e-02,1.472611305151803017e-02
4.685296178110234244e-01,6.990840556404658013e-02,4.195036646287498838e-01,2.551112134868036355e-02,1.654719064749970991e-02
2.489564827419157023e-01,4.769530759555782456e-02,6.262436983067629637e-01,5.623869871043989110e-02,2.086581264532368779e-02
2.467602740917704263e-01,1.363282040382653992e-01,5.299776054980435136e-01,1.313247573221725147e-02,7.380144063970331403e-02
1.990800614391458889e-01,2.301382632409538775e-01,3.257287459119789785e-01,4.126691887493487594e-03,2.409262375204277995e-01
3.165522012057273571e-01,9.617724145056005813e-02,4.760332836785973742e-01,1.495843941471537882e-02,9.627883425039987508e-02
4.145699439876572856e-01,4.697486416811738619e-02,4.562825945399575645e-01,3.971827663404062930e-02,4.245432067022708589e-02
6.128224588810450291e-01,6.632579024262003076e-02,2.897677584306768139e-01,1.762685533003472207e-02,1.345713711562330009e-02
6.274838945328653494e-01,6.028884261945788303e-02,2.547285888231313744e-01,3.747130250350435426e-02,2.002737152104105273e-02
3.036990664165448162e-01,7.108554749841675124e-02,4.759497480148363047e-01,1.133307953089691678e-01,3.593484276123298099e-02
7.518388916552198875e-01,3.584392530378771591e-02,1.746660451013425930e-01,3.379095761955631938e-02,3.860180320093488989e-03
3.565221143365628342e-01,9.190796725513124266e-02,4.861629671683417309e-01,5.908926675681573648e-02,6.317684483148526889e-03
2.613212598149514676e-01,1.673803245403042705e-01,5.331753965207938206e-01,2.808358195695079620e-02,1.003943716699958952e-02
2.338245059891122246e-01,1.525650349880683099e-01,4.891452266034271301e-01,2.183793571687727558e-02,1.026272967025150390e-01
4.314648763376211504e-01,1.308823905303055646e-01,2.265335174130693463e-01,1.349293156168775848e-02,1.976262841573162843e-01
4.407777595983108920e-01,6.683282965296362399e-02,6.608663087902778843e-02,5.850566032392821685e-03,4.204522138373049112e-01
3.816876027573775643e-01,5.811585502847245455e-02,1.156431865008988313e-01,1.444508760994266811e-02,4.301082681033085997e-01
4.675425158579551432e-01,7.068045324640108429e-02,1.371134509387146871e-01,1.583611124269975606e-02,3.088274687142293917e-01
7.807911724397832431e-01,5.113784435555309565e-02,6.223400837643061623e-02,4.204944561245226899e-03,1.016320302669878328e-01
6.821432212263398576e-01,7.480967064932680932e-02,5.785599599576546348e-02,4.630011423834644313e-03,1.805611007047331351e-01
7.230515309113907385e-01,3.272728714044027820e-02,6.096393688069269567e-02,9.869041808108601141e-03,1.733882032593676292e-01
6.606548748127822890e-01,2.312953554689244767e-02,1.559115374835309820e-01,1.993800153175069936e-02,1.403660506250437034e-01
5.605778454838943325e-01,3.164776305276773699e-02,2.996021459443149459e-01,5.757563461852083925e-02,5.059661090050217302e-02
3.488990525647829855e-01,5.444820686454344277e-02,4.307352994447465333e-01,8.748673389840180836e-02,7.843070722752507051e-02
3.287582895364181135e-01,2.130728632531080427e-02,2.838586987226513481e-01,6.027581595221338101e-02,3.057999094634064052e-01
1.896738213647394256e-01,4.364511941923594068e-02,2.698984483184386218e-01,3.807139542820719286e-02,4.587112154693788746e-01
1.160160650484469841e-01,5.138586546440467723e-02,3.649708556849192709e-01,3.250108900181034738e-02,4.351261248004187343e-01
1.025908721873448198e-01,4.170126160907772217e-02,4.939944594953765700e-01,1.050470552190575502e-01,2.566663514891432407e-01
1.937992085320427715e-01,3.248090144837902787e-02,4.584594638722029325e-01,2.079112082071896128e-01,1.073492179401855928e-01
1.973146502271299896e-01,2.321064875921679746e-02,4.426723771490520543e-01,2.915794148699621946e-01,4.522290899463892594e-02
1.419302965968438635e-01,2.822694357720430605e-02,4.800624487204637192e-01,2.635944234922854568e-01,8.618588761320268576e-02
1.193524130129933747e-01,2.443122533441806701e-02,5.802557680594797596e-01,2.323835610054555412e-01,4.357703258765326104e-02
5.710611455896578981e-02,3.208657738601407294e-02,6.189652698173084833e-01,2.412215566742794692e-01,5.062048156343208066e-02
5.950829487159947639e-01,8.103203705652713140e-02,2.784838093492916222e-01,2.778214661075536357e-02,1.761905826743117090e-02
4.985191868156331751e-01,9.857145176267723130e-02,3.038036914483532303e-01,3.334203217638825184e-02,6.576363779694814615e-02
7.010624776661974478e-01,1.202449909706035103e-01,1.416448338150703978e-01,1.069095521375048458e-02,2.635674233437827751e-02
9.207531560116344327e-01,4.003820732779130032e-02,3.154258755706675077e-02,1.865686244564466415e-03,5.800362858942922743e-03
8.100112636516527687e-01,9.894630129113683725e-02,6.480162421917330662e-02,2.527438189493406984e-03,2.371337264854359028e-02
5.697167714522242132e-01,1.162419632787392437e-01,1.766901273040609732e-01,7.487624211689499279e-03,1.298635137532860861e-01
3.970727237868943993e-01,1.282742931812311526e-01,1.837885541435669567e-01,5.289372495246792011e-03,2.855750563930606889e-01
2.502646681331247014e-01,2.345299363531639092e-01,1.803125772413254335e-01,2.822335323378300734e-03,3.320704829490075394e-01
1.474821932236101973e-01,2.853119213859741654e-01,1.763899682567331151e-01,1.055454990198318246e-03,3.897604621434841432e-01
4.063134400164885585e-01,1.686071509307101868e-01,1.819197944993296012e-01,3.209871275330665377e-03,2.399497432781411144e-01
7.266402560021280044e-01,5.292326319862736272e-02,1.167314456046127935e-01,7.888503571136804352e-03,9.581653162349501596e-02
7.921281048141162184e-01,3.233148186465247681e-02,1.170889158100731076e-01,2.401457895603551981e-02,3.443691855512268779e-02
8.450903009647873221e-01,5.715973502069260359e-02,8.452183528911449972e-02,4.439293420432982237e-03,8.788835304972720738e-03
9.231484496425401698e-01,2.796728587683368350e-02,3.528832718461472756e-02,2.845154703278961021e-03,1.075078259273251104e-02
9.786960482560427277e-01,1.195829469377394927e-02,5.567324752084099222e-03,3.094206212601467634e-04,3.468911676839220824e-03
9.766626174082591039e-01,1.354833076671583397e-02,5.764404900683102635e-03,3.037663491211888456e-04,3.720880575220941386e-03
9.840926350399632483e-01,7.686156663957092842e-03,5.748662011959561682e-03,4.485540365474422527e-04,2.023992247572698085e-03
9.933805533868428350e-01,3.582740794431512818e-03,1.313813868607143073e-03,1.338421407580244686e-04,1.589049809360544010e-03
9.916640281324068384e-01,4.225562371973086429e-03,1.923684682588859291e-03,1.629337363341874236e-04,2.023791076697023777e-03
9.891989130050137247e-01,5.543507507881424885e-03,3.845348263884533317e-03,4.142236837394904490e-04,9.980075394808813824e-04
9.943934754194805326e-01,3.048221209022311442e-03,1.885334080639624547e-03,1.951376233955990974e-04,4.778316674616219016e-04
9.964834147319128199e-01,2.380351723257770682e-03,8.137527331215227422e-04,7.362056825831429514e-05,2.488602434496459126e-04
9.976762000753029991e-01,1.747292044386695824e-03,4.181988694494633767e-04,3.314181911522303737e-05,1.251671917454286198e-04
9.987455785638466033e-01,9.963198137558184394e-04,1.764845841322660756e-04,1.612877212766592106e-05,6.548826613748228505e-05
9.975781291580003707e-01,1.798226201881582406e-03,5.079814012685402195e-04,4.794311973351292463e-05,6.772011911599395994e-05
9.990525771246774323e-01,7.398795913041309119e-04,1.637071673980268060e-04,1.620866710593276531e-05,2.762744951460406218e-05
9.978886490092946371e-01,1.749483132231243344e-03,2.775984259879553536e-04,2.322687801491650700e-05,6.104255447121946997e-05
9.983756040036755319e-01,1.376213582518636888e-03,1.738862710195149849e-04,1.685024641208112824e-05,5.744589637415623245e-05
9.988604988493712256e-01,9.352303611020885542e-04,1.395491281680559634e-04,1.513948807361168643e-05,4.958217328496373067e-05
9.980665523022425045e-01,1.631633876161015656e-03,2.069900330337094436e-04,1.877931822220741905e-05,7.604447034058035870e-05
9.977162351796656781e-01,1.969811075435721603e-03,2.170252476602514680e-04,1.727654935236219635e-05,7.965194788616041866e-05
9.970297247596290324e-01,2.580545525399723789e-03,2.832944976517338563e-04,1.660241164203978529e-05,8.983280567734285103e-05
9.966970938583868955e-01,2.914971331417436171e-03,2.779822872746844239e-04,1.295835495348087909e-05,9.699416796747346685e-05
9.959260689634863439e-01,3.641900154581781835e-03,3.155405326380646808e-04,1.592580407654021476e-05,1.005645452173423377e-04
9.953624830260372480e-01,4.125459988594764801e-03,3.994683283282762331e-04,1.629563774080877627e-05,9.629301929881885788e-05
9.960164200892195341e-01,3.479530651703458769e-03,4.068715076776826633e-04,1.818543391275962822e-05,7.899231748663130995e-05
9.935531155463983577e-01,5.634917304558357404e-03,7.032035713031518226e-04,3.286506368116397085e-05,7.589851405895075903e-05
9.975600704376241801e-01,2.121924686387481433e-03,2.570975959605858617e-04,1.396723587253583513e-05,4.694004415522062552e-05
9.983340175332917621e-01,1.390791996001354905e-03,2.218846273697896282e-04,1.405618432781706047e-05,3.924965900937271685e-05
9.952118042858085767e-01,4.096522386985545182e-03,5.726626518097788264e-04,2.498119409688692266e-05,9.402948129923182350e-05
9.940794361858216188e-01,5.177736654867991922e-03,5.939289358872985088e-04,2.699618469556585193e-05,1.219020387275378996e-04
9.829365432988694806e-01,1.329185178965593822e-02,3.509030756414691088e-03,9.956625045344917363e-05,1.630079046063695274e-04
9.804817144062223377e-01,1.498892016781361823e-02,4.269062062022979318e-03,1.249656271840673700e-04,1.353377367569546749e-04
9.699530366047005581e-01,2.603614973323991472e-02,3.661332118777280761e-03,8.652597537833516320e-05,2.629555679039173523e-04
9.582499688840379060e-01,3.629916480627225911e-02,4.957806395314054426e-03,1.018626064843179479e-04,3.911973078915458924e-04
9.834630455726284248e-01,1.361395946537451856e-02,2.524007043278671866e-03,8.737000364435242375e-05,3.116179150740889668e-04
9.620024618582371234e-01,3.178599017245115066e-02,5.463282398791855302e-03,1.631747740630920052e-04,5.850907964566174789e-04
9.907957272979880381e-01,7.352196480384061601e-03,1.593374871721595131e-03,9.452640584747586127e-05,1.641749440588131969e-04
9.968002792887155072e-01,2.678526173166110875e-03,4.178872304490244792e-04,2.961207558694875901e-05,7.369523208232788870e-05
9.949828552768997803e-01,4.269172826812550614e-03,6.061847981614070392e-04,4.004848228012797696e-05,1.017386158461144278e-04
9.973918608322381862e-01,2.125852850942440333e-03,3.871862735461693069e-04,2.874042937147514829e-05,6.635961390163230779e-05
9.922144575072224804e-01,5.837642880618170056e-03,1.751257144672998612e-03,1.128816028412882603e-04,8.376086464492179346e-05
9.927724109277697995e-01,5.941030888174836551e-03,1.100803011279375895e-03,6.062776821063344646e-05,1.251274045653164382e-04
9.835464818275306831e-01,9.325152036518753046e-03,6.344285462353738483e-03,6.507459350541933531e-04,1.333347385426645595e-04
9.806670675556196093e-01,1.142622667594379686e-02,7.143515359797305252e-03,5.763266071521266952e-04,1.868638014870873678e-04
9.635354512134242100e-01,2.053130287000065612e-02,1.497756522527207874e-02,6.664235876354593618e-04,2.892571036676786747e-04
9.890500740156562554e-01,6.350720727142331393e-03,4.005031717522754796e-03,2.408276399442241754e-04,3.533458997346216853e-04
9.744844849898598449e-01,1.103053763569226964e-02,1.154385327102226341e-02,1.334014209296618351e-03,1.607109894129056180e-03
9.883659717237333053e-01,7.013454606703653157e-03,3.528381043676578118e-03,3.298535308295117091e-04,7.623390950568828366e-04
9.939620148916236131e-01,4.674061714514482491e-03,1.087318687470319048e-03,4.091131934572542965e-05,2.356933870457370483e-04
9.982128892726940261e-01,1.486421314426708334e-03,2.123771163716150654e-04,7.127815359090539447e-06,8.118448114857355295e-05
9.991097089969309675e-01,7.518577171992104832e-04,9.251242627558432753e-05,2.662271715565577772e-06,4.325858787880378830e-05
9.986326589981109336e-01,1.190619622804901800e-03,9.140762056739620410e-05,2.605498596075525130e-06,8.270825992062883815e-05
9.988610924398909630e-01,9.976635229368461481e-04,8.185296681423705548e-05,2.549755776697980784e-06,5.684131458118602470e-05
9.982575171288974314e-01,1.525584841302177197e-03,1.419347213349145427e-04,3.329499251546261274e-06,7.163380921396765425e-05
9.981796237936932936e-01,1.591495560421048389e-03,1.769606168255541075e-04,3.416532184296330337e-06,4.850349687590591155e-05
9.971135916473978789e-01,2.509722254608460004e-03,3.112372986947863681e-04,5.016936584046360575e-06,6.043186271477726617e-05
9.972174630934785844e-01,2.314627610977669156e-03,4.203347056718048083e-04,5.873544142711566969e-06,4.170104572920065825e-05
9.990538955838240698e-01,7.026740139647546200e-04,2.236396785142442793e-04,4.739273545679118566e-06,1.505145015119178936e-05
9.986821522794808725e-01,1.093034941017649760e-03,1.961685345593710346e-04,4.139581551691419259e-06,2.450466339029560916e-05
9.989127633147942831e-01,9.244100951779960938e-04,1.338411381877168793e-04,2.911920318359898615e-06,2.607353152173129415e-05
9.991463132898183996e-01,7.302755678354623092e-04,9.098449235852719397e-05,2.227513613301039317e-06,3.019913637423527893e-05
