9.723621216903760578e-01,9.642415550540073266e-03,6.237940271018190506e-03,1.847773786377172834e-03,9.909748701688524467e-03
9.776599196058657348e-01,2.370848367875663144e-03,1.044332476619419742e-03,3.513374175763660776e-04,1.857356213206291101e-02
9.975152168621257420e-01,1.052231319056449489e-03,4.896904531313460126e-04,2.724342265607770843e-04,6.704271391255596209e-04
9.980477274078249916e-01,6.607899521258821024e-04,4.148548428485101516e-04,6.211486121938639311e-04,2.554791850066779170e-04
9.974667563864745290e-01,5.722281159689487830e-04,4.187032274832693424e-04,1.338703814183703211e-03,2.036084558895525417e-04
9.956709233176198603e-01,6.319927388926804964e-04,5.357633481355159391e-04,2.958571317618963799e-03,2.027492777329920200e-04
9.940215317494759395e-01,6.676314359091864784e-04,6.183047413809696037e-04,4.460240637655181993e-03,2.322914355787285517e-04
9.934177192788056221e-01,6.557247623718314615e-04,6.853468262456863247e-04,5.026050327036363924e-03,2.151588055405884593e-04
9.964144322407408882e-01,4.272261367194358540e-04,4.204565915113158813e-04,2.561319766797303006e-03,1.765652642310156764e-04
9.938461747688160930e-01,5.030441375671178706e-04,5.703432713106190016e-04,4.875840201833198800e-03,2.045976204728354030e-04
9.937217327610142759e-01,5.120014697698501826e-04,5.719134942673188707e-04,4.992575191396003177e-03,2.017770835526048470e-04
9.955576906948240268e-01,4.145089503381534503e-04,4.470868321176841870e-04,3.429093712235604507e-03,1.516198104846322610e-04
9.940291889389853974e-01,6.095495271147307985e-04,6.968424369410155216e-04,4.471386106865446984e-03,1.930329900934607133e-04
9.908047314235636227e-01,6.542987537852319214e-04,8.789466053621813055e-04,7.452848886329552051e-03,2.091743309594661993e-04
9.928139280942213096e-01,6.907105895589747517e-04,8.196803345546688387e-04,5.505188814986072821e-03,1.704921666789839085e-04
9.947290031441696767e-01,5.374252848977903755e-04,6.091572115005283901e-04,3.995399745998983246e-03,1.290146134329187954e-04
9.917286461168650646e-01,6.832672309863660910e-04,8.054490657944260792e-04,6.587563093194800240e-03,1.950744931594133944e-04
9.950247062082616667e-01,4.412922318470119420e-04,5.353293300286707029e-04,3.853129458304486651e-03,1.455427715583883295e-04
9.903193189726299250e-01,5.466362468747024052e-04,8.019945701825163201e-04,8.157369845943415396e-03,1.746803643695542241e-04
9.952281328228764767e-01,1.721714687321486024e-03,8.911158224359542416e-04,1.892567446493600503e-03,2.664692208724697546e-04
9.965292842448989497e-01,2.306985051762368809e-03,5.204076945890177787e-04,5.162111945147415887e-04,1.271118142349110861e-04
7.732209449509527266e-01,5.771870638313727521e-03,5.212042552628554787e-02,1.682535524852647735e-01,6.332063991830907523e-04
8.131225074886324622e-01,3.445164426170375938e-02,6.760351879314213663e-02,5.979844920047304446e-02,2.502388025604855223e-02
6.706635589054322777e-01,7.480172015712460709e-02,1.013654093619097418e-01,3.111756962284300751e-02,1.220517419526904040e-01
5.607097005842514026e-01,9.746722734185934989e-02,1.172282721502132530e-01,1.475417406996152626e-02,2.098406258537144908e-01
4.906399494706296105e-01,1.044703846042953632e-01,1.251992916884862028e-01,8.778412592091109842e-03,2.709119616444976564e-01
4.443550909511815861e-01,1.049360721390533990e-01,1.297677925940066423e-01,6.247095149937838439e-03,3.146939491658205523e-01
4.115585693563801883e-01,1.034136928511049797e-01,1.327470663183111244e-01,4.896672258041575437e-03,3.473839992161621426e-01
3.867368021928581090e-01,1.015297857520269104e-01,1.354879996583747415e-01,4.082612052647423100e-03,3.721628003440927701e-01
3.668896291464672776e-01,9.935375147099133331e-02,1.378828873444861713e-01,3.559466235791471696e-03,3.923142658022637508e-01
3.505209544354994655e-01,9.680484415961716771e-02,1.399215908518265661e-01,3.220350475231256986e-03,4.095322600778256161e-01
3.368205981069242183e-01,9.400393646241655965e-02,1.418062746499000881e-01,2.996393986689384250e-03,4.243727967940696955e-01
3.252231382887246780e-01,9.106847599307252294e-02,1.434849508583935229e-01,2.837161195930103241e-03,4.373862736638791660e-01
3.155895964091223749e-01,8.824789449488711079e-02,1.451358577386821780e-01,2.732424647426111210e-03,4.482942267098823930e-01
3.076811973298252956e-01,8.580359212186404461e-02,1.468826965945940755e-01,2.685236054895742165e-03,4.569472778988208361e-01
3.011216839404278756e-01,8.374264266365658016e-02,1.486673160020599016e-01,2.685443727205655100e-03,4.637829136666499763e-01
2.955520590709497797e-01,8.196341642883482603e-02,1.504381254171242577e-01,2.715326278993219697e-03,4.693310728040981372e-01
2.906925544475377765e-01,8.037087581608913511e-02,1.521975281286870041e-01,2.760050562747794548e-03,4.739789910449381249e-01
2.856975967788067949e-01,7.923770992366695187e-02,1.522044503488792222e-01,2.737102946517664098e-03,4.801231400021293561e-01
2.826074233473269692e-01,2.872961382324374854e-02,3.438579263713354428e-01,1.367300990566486241e-01,2.080749374014451702e-01
8.475746105230125282e-01,1.851268773481488591e-02,8.579463281142939157e-02,2.524612878089926502e-02,2.287194014984402640e-02
9.841899940784448741e-01,6.718421530593118515e-03,5.383983666116478987e-03,3.925838715464926958e-04,3.315016853299062108e-03
9.979148064746684588e-01,1.142800907863352877e-03,6.065030980908573668e-04,9.349925351120730017e-05,2.423902658661770439e-04
9.987809588442495556e-01,6.784497416056295763e-04,3.757589568910775133e-04,6.946633044293628082e-05,9.536612681073494886e-05
9.990598380714983406e-01,5.514646810348802818e-04,2.424787907343489484e-04,5.945100685035600683e-05,8.676744988205160620e-05
9.993712566284886911e-01,2.931993971242370417e-04,1.501964584047402835e-04,8.395789578534777720e-05,1.013896201970792817e-04
9.993788291678815661e-01,3.469770086850858487e-04,1.218599670863567287e-04,5.536668467733653961e-05,9.696717166981762498e-05
9.991855726067898624e-01,3.519908707239207497e-04,7.658438329086185599e-05,2.635982594088951683e-05,3.594923132540761004e-04
9.991523173958701820e-01,6.084976507064372448e-04,7.119038705919166496e-05,1.088798482072315795e-05,1.571065815434509916e-04
9.976585376297062435e-01,1.305186381755948097e-03,6.243867381991872112e-04,1.300701131547737249e-04,2.818191371838208283e-04
9.954580617621029415e-01,1.568192669782009305e-03,4.517806400243719756e-04,9.540103104051171731e-05,2.426563897050179868e-03
9.955031757016832294e-01,9.561812803107188220e-04,4.312966634032722700e-04,1.037739186709714996e-04,3.005572435931817745e-03
9.876023342256818882e-01,4.001640095147376841e-03,1.243873852066597124e-03,1.573026213126498267e-04,6.994849205791382231e-03
9.805281239219376666e-01,3.501226243964033948e-03,1.242996054883062623e-03,9.105686268880463293e-05,1.463659691652653173e-02
9.863092057399084345e-01,5.786574652616928438e-03,1.009039351763977525e-03,4.610494258977502233e-05,6.849075313120752025e-03
9.926997548762291901e-01,3.896250679025260906e-03,1.758867150267350975e-03,4.472275666568912699e-05,1.600404537812545732e-03
9.961846161432830193e-01,2.040462870199911960e-03,9.016475045503748913e-04,2.678550230969651460e-05,8.464879796568770386e-04
9.931287191286659599e-01,2.584857089371848764e-03,1.245259790887869597e-03,5.532406607429410150e-05,2.985839924999941775e-03
9.959336544438085470e-01,2.879908456620753829e-03,4.448584867481771531e-04,1.560574254773137548e-05,7.259728702747128299e-04
9.947545899311274198e-01,4.404619056349019443e-03,4.444170810569274027e-04,1.231722783334810010e-05,3.840567036333511529e-04
9.958557590902874512e-01,3.668854682388938363e-03,2.796921266006772663e-04,6.966112854902435185e-06,1.887279878680742594e-04
9.963298237563490423e-01,3.259518473847252979e-03,2.523729135699369331e-04,7.021375302349411893e-06,1.512634809314819268e-04
9.989177153061905567e-01,8.930088237822199956e-04,1.026863238851502525e-04,4.741789674140691842e-06,8.184775646786557942e-05
9.988137601069786431e-01,5.843727724521561619e-04,7.136683258386009856e-05,5.988068505169166768e-06,5.245122194803484824e-04
9.989697962697989819e-01,5.061310410260226903e-04,5.244807498363828651e-05,4.671344347610906948e-06,4.669532698437835888e-04
9.992718911687824557e-01,2.804623594483723653e-04,3.411811401061273276e-05,4.207297259646840784e-06,4.093210604989261066e-04
9.988185069572239616e-01,5.704463506445693220e-04,1.014179685499729525e-04,1.339682199703249670e-05,4.962319015844385891e-04
9.985318247505888811e-01,6.953333027861541326e-04,1.547126401002627981e-04,2.126143071810902510e-05,5.968678758064732996e-04
9.984547525409970259e-01,6.311187520947007107e-04,1.202598793282480755e-04,1.578232122233769232e-05,7.780865063577348121e-04
9.987036635388686356e-01,4.125789359974874494e-04,5.663897552896912375e-05,8.725767442671632555e-06,8.183927821622651120e-04
9.987088193593454122e-01,4.899245885503117652e-04,6.593773560466070999e-05,8.202521930802012681e-06,7.271157945688991407e-04
9.981277506108714448e-01,7.648982256641590925e-04,1.182711392026512842e-04,1.457793014564529954e-05,9.745020941162836972e-04
9.933970183499589712e-01,3.204056418892051086e-03,3.026246754426887946e-04,2.267503975413182602e-05,3.073625515952221020e-03
9.989659707672098321e-01,5.687081878943849641e-04,6.128987295770857695e-05,5.357027014464460850e-06,3.986741449236686180e-04
9.986725377013017102e-01,9.223434912776084941e-04,7.438326278325366268e-05,5.974404171244995722e-06,3.247611404662645047e-04
9.982903497638566659e-01,1.390652175840795734e-03,1.040424425634249849e-04,5.227334647609454518e-06,2.097282830913876342e-04
9.923055568647828339e-01,6.646572981907078112e-03,7.347072177922454178e-04,1.549730079271935645e-05,2.976656347251474045e-04
9.921584348810057463e-01,6.569656607866518512e-03,1.014042302545772661e-03,1.897450667974339038e-05,2.388917019022178802e-04
9.955516545480955770e-01,3.593611931960222564e-03,7.294351353814274887e-04,1.503820598169972191e-05,1.102601785811182546e-04
9.938267525037992600e-01,5.577220940290185044e-03,4.814951572233068262e-04,9.991152596712279046e-06,1.045402460906496065e-04
9.910582583906553111e-01,7.933566136168567276e-03,8.474632013951104549e-04,1.653130901448519180e-05,1.441809627664322161e-04
9.952337985486461314e-01,4.014204470044260842e-03,6.289082366531456103e-04,1.403121638023986886e-05,1.090575282763051295e-04
9.939836721453324531e-01,4.978440955019603105e-03,8.626507034016891789e-04,1.682694561166658376e-05,1.584092506346693305e-04
9.883939091625493223e-01,9.964174103684716316e-03,1.222656247018766903e-03,1.783424403764180855e-05,4.014262427097359644e-04
9.935968085539194083e-01,5.093432807559114366e-03,1.078970687954748349e-03,1.348555574491897704e-05,2.173023948217662105e-04
9.940127202238023818e-01,4.764822153379635536e-03,8.476581312520587493e-04,1.310017398570145967e-05,3.616993175802768489e-04
9.904926466731529544e-01,7.320097955902020101e-03,1.515239652201889756e-03,2.681050597525065946e-05,6.452052127679251724e-04
9.891259287343274753e-01,8.168807606921362277e-03,1.216165120370244542e-03,2.844144179624489980e-05,1.460657096584609205e-03
9.904845180634829216e-01,7.098882591052516761e-03,1.072251469625320162e-03,3.339753039379259205e-05,1.310950345445560140e-03
9.926955055845906317e-01,5.469041359341690958e-03,9.341681637106928745e-04,3.195975974940004665e-05,8.693251326076817821e-04
9.923563892193240088e-01,5.607279909348926623e-03,1.174763683179835079e-03,6.494254618459348652e-05,7.966246419625135381e-04
9.886421318191670471e-01,8.048254314777127452e-03,2.470819909497780006e-03,1.327861146201821595e-04,7.060078419378983377e-04
9.911147091750543980e-01,6.420883408922771138e-03,1.857103942766817227e-03,1.192487447369198052e-04,4.880547285191892291e-04
9.815001248202639417e-01,1.368704236759885062e-02,3.746103002753480363e-03,1.835461228760268794e-04,8.831836865079001732e-04
9.842196370117282100e-01,1.131386427764208454e-02,3.619019845477869802e-03,2.111386619540203896e-04,6.363402031977256771e-04
9.732492655920123026e-01,1.725240595530200607e-02,8.157323548468964000e-03,6.064761539890205352e-04,7.345287502275452607e-04
9.731195920579630565e-01,1.629900780481631159e-02,9.190440219491018484e-03,7.455021114124984680e-04,6.454578063170195515e-04
9.382624285786954621e-01,2.038276254377754948e-02,3.652037301332138747e-02,3.744834590872223382e-03,1.089601273333271536e-03
9.839310975324270236e-01,6.054537848750798402e-03,8.066549545077321068e-03,1.003137137939835201e-03,9.446779358050353455e-04
9.814360871132700170e-01,6.475348270051800061e-03,9.399085529913786194e-03,1.167396213421245102e-03,1.522082873343013048e-03
9.860878078285050252e-01,4.586504926061238906e-03,6.644936627792140046e-03,9.131742632046010132e-04,1.767576354437232905e-03
9.835075075265892197e-01,5.775488116673116110e-03,7.557258635843246836e-03,8.779745311811046424e-04,2.281771189713175003e-03
9.820195730071066276e-01,5.881292754349683183e-03,7.204646967214752180e-03,1.212503268261851076e-03,3.681984003066873269e-03
9.739214028740652562e-01,5.861707472947669598e-03,1.388081199758598241e-02,3.475412719314180474e-03,2.860664936087026645e-03
9.829985168997001921e-01,4.772677867556257211e-03,7.992443759878573376e-03,1.866664060301530129e-03,2.369697412563464764e-03
9.922964849259816589e-01,2.138535338938910794e-03,2.548445986795159785e-03,7.153212453838793308e-04,2.301212502900328114e-03
9.913071888250996055e-01,2.907724052922146252e-03,2.796986909534921340e-03,6.769172132037691711e-04,2.311182999239589243e-03
9.836304499512970034e-01,3.825062690089716440e-03,8.602367587562272794e-03,2.398945599751936466e-03,1.543174171299008419e-03
9.847797410660263928e-01,5.216259192052949065e-03,6.946706235930793540e-03,1.657163045067685820e-03,1.400130460922042368e-03
9.862501700751761247e-01,2.850790998903998761e-03,7.720904689335703758e-03,2.550049303051650593e-03,6.280849335324504516e-04
9.894757208949329641e-01,3.355515821266288803e-03,4.837993921174304872e-03,1.473818588451517551e-03,8.569507741748328420e-04
9.883618233899739147e-01,4.467639271869645531e-03,5.050501801724757538e-03,1.060965041814838352e-03,1.059070494616884623e-03
9.876202325035121632e-01,2.619121440312417032e-03,5.633208384812502835e-03,2.507720753206945340e-03,1.619716918156036871e-03
9.917407076905887520e-01,3.255336546320920961e-03,3.539739688836804517e-03,8.558331287910752065e-04,6.083829454624464826e-04
9.749696286679334634e-01,8.089098631100287776e-03,1.322650969521036932e-02,2.961359366293078547e-03,7.534036394628341755e-04
9.833939482709912472e-01,5.376425634809043654e-03,7.921601085512196619e-03,2.539909937521260194e-03,7.681150711663918855e-04
9.852478118390701756e-01,4.567888361516839885e-03,7.424474099025990016e-03,2.028566603768077511e-03,7.312590966186691740e-04
9.374361944403820646e-01,1.185012131859899953e-02,3.622222414902197263e-02,1.277359968885324187e-02,1.717860403143769542e-03
9.581031288066842455e-01,9.531470823688452734e-03,2.322422920409305050e-02,6.051351701705174821e-03,3.089819463828991000e-03
9.411856357945753704e-01,9.726377399566540904e-03,3.303989606681356772e-02,1.105574992627143122e-02,4.992340812773169573e-03
9.372391913368590677e-01,1.206124339530015646e-02,3.667457104969638199e-02,9.491563681367092692e-03,4.533430536777361894e-03
9.757534280476934940e-01,9.510343107661136178e-03,1.155446702328413559e-02,1.993079445902938736e-03,1.188682375458203957e-03
9.927614260926446166e-01,2.909462494425034580e-03,2.735022624303529160e-03,8.194898791713740079e-04,7.745989094554599826e-04
9.924815556497561531e-01,3.122735801939111218e-03,2.578243903309082076e-03,7.931387664720763271e-04,1.024325878523623615e-03
9.960197418814975556e-01,2.114731094147204258e-03,1.218778686026037198e-03,2.797318517282174912e-04,3.670164866009637439e-04
9.953710033342618724e-01,2.622808066299889100e-03,1.432358296003738776e-03,2.776621927715569897e-04,2.961681106630544859e-04
9.974164912234786406e-01,1.634569137430260744e-03,5.765163579163700520e-04,1.304555945638625775e-04,2.419676866107727908e-04
9.973005196585382759e-01,1.762010272446006345e-03,5.873124713985766309e-04,1.272031955406674475e-04,2.229544020764974834e-04
9.983637975987249558e-01,1.138407852654585526e-03,3.247048463253754901e-04,6.079882471865192802e-05,1.122908775765552454e-04
9.988984199106551998e-01,7.006671749042395073e-04,2.027523785961621240e-04,3.779538648484803112e-05,1.603651493593976393e-04
9.962808269349658907e-01,2.217479422800623570e-03,9.872048174016990509e-04,2.061569987503000291e-04,3.083318260815223191e-04
9.941707405300858058e-01,2.636979914984594400e-03,2.383965826364635616e-03,5.503420731526578649e-04,2.579716554122132854e-04
9.867014959339598379e-01,4.320926546037853061e-03,6.929329758019855783e-03,1.775046000285833165e-03,2.732017616968651836e-04
9.734976829971797585e-01,9.211664137935390156e-03,1.351869723778618276e-02,3.407675302212346928e-03,3.642803248863971111e-04
9.747922614795256901e-01,1.149151850599031480e-02,1.075646294263201547e-02,2.314058200404965973e-03,6.456988714468870879e-04
9.655999385977140914e-01,1.021774503220187515e-02,1.569744966278545373e-02,7.855107959443108356e-03,6.297587478554782930e-04
9.118913723124864035e-01,1.044168266132403100e-02,5.084590066664478047e-02,2.635077846636228044e-02,4.702658931824697558e-04
9.412120104511675356e-01,1.097593565147678661e-02,3.476769728928263276e-02,1.256216264510504228e-02,4.821939629679189562e-04
9.398360424996521356e-01,8.799156965736394317e-03,3.640061314640288120e-02,1.435476082710921905e-02,6.094265610993376088e-04
9.022240357565400881e-01,1.126417509891751781e-02,5.546419231279153123e-02,3.063278530972080721e-02,4.148115220301070859e-04
8.613782619012809727e-01,1.582931686527237758e-02,7.517368449514334749e-02,4.672082406275336608e-02,8.979126755499285562e-04
7.616660461588572462e-01,3.203753440593239132e-02,1.519902123873442257e-01,5.108222171642722020e-02,3.223985331438807781e-03
7.261014427946703709e-01,2.628180463122503641e-02,1.731270591416591564e-01,7.216806053582634772e-02,2.321632896619216062e-03
7.909649454620623077e-01,1.392590028910053145e-02,1.063277932656978564e-01,8.783769516697956248e-02,9.436658161596689267e-04
7.236552185136221338e-01,2.267167278855291082e-02,1.620596628080198387e-01,8.900564181462802815e-02,2.607804075177101114e-03
8.799291257468337957e-01,1.360946064777030472e-02,7.088065650327352030e-02,3.414265070915462746e-02,1.438106392967695686e-03
9.380051078616923332e-01,9.510782672873051291e-03,3.559173453854530544e-02,1.609642919346314718e-02,7.959457334261100430e-04
8.709678211029926453e-01,1.369216163743715471e-02,6.767973830543508318e-02,4.673258032259552941e-02,9.276986315397370850e-04
9.299392963977386461e-01,1.382445858657570768e-02,3.943773102857221075e-02,1.620834529992429968e-02,5.901686871891107010e-04
9.124436019517571106e-01,1.642086838832866949e-02,5.132333913090145194e-02,1.922813526940971712e-02,5.840552596032198797e-04
9.429433486545286680e-01,1.097314088586410358e-02,3.413749422454021021e-02,1.155483199155755633e-02,3.911842435095082803e-04
9.407006871467759046e-01,1.128678121919299976e-02,3.382331492525577493e-02,1.378338095636679958e-02,4.058357524084146590e-04
9.667210799628630502e-01,9.635156353192392623e-03,1.720100018658135554e-02,6.139854336886386987e-03,3.029091604767786446e-04
9.920086604603998159e-01,3.462005533127672854e-03,3.169689022226673033e-03,1.061578366711046382e-03,2.980666175347004474e-04
9.991268304679528089e-01,4.158734967075237250e-04,1.969815392019291897e-04,6.181605805751093949e-05,1.984984380803625904e-04
9.994157868572387526e-01,3.413262510658914700e-04,9.153294394270713812e-05,1.695507588512267850e-05,1.343988718675240149e-04
9.984221962577461973e-01,7.630942218480291734e-04,1.354827107325740055e-04,2.503015987242114456e-05,6.541966498008126678e-04
9.976710067170950769e-01,6.905763983290066433e-04,1.112528988142465799e-04,1.933810029292881840e-05,1.507825885468648671e-03
9.965088542693023577e-01,1.118619798059384152e-03,2.134855444812375962e-04,3.216322904863636414e-05,2.126877159108292187e-03
9.970581803688913780e-01,1.341693626379033199e-03,4.325035697918337674e-04,6.430405337670562938e-05,1.103318381561164442e-03
9.985577422535869552e-01,6.469659129004344967e-04,1.755311971312626318e-04,2.937486176975781526e-05,5.903857746116604249e-04
9.986766417084369518e-01,5.192691090282396072e-04,1.054644027199046164e-04,1.874594795606836600e-05,6.798788318588099965e-04
9.970443982889267698e-01,1.025610359788520958e-03,4.032395751125871170e-04,6.982433264378237964e-05,1.456927443528291356e-03
9.972382915878701404e-01,9.311704121513622373e-04,7.974454764794701705e-04,6.921049796466233976e-05,9.638820255343212920e-04
9.963812452500719896e-01,8.377361173771448455e-04,7.460582937550161529e-04,5.935433887505722121e-05,1.975605999920658929e-03
9.990509121332379339e-01,4.307430966643824776e-04,2.075172558494782667e-04,2.014564886405551802e-05,2.906818653844066487e-04
9.993062391050273607e-01,3.765259449322496386e-04,1.106414092520676459e-04,1.416580633633418338e-05,1.924277344520507779e-04
9.995291225224297582e-01,2.719927892287574687e-04,8.513504979120667057e-05,1.146101344432815084e-05,1.022886251058643768e-04
9.994500223716777931e-01,3.230275416954363188e-04,7.081275085649557644e-05,1.110255989891424778e-05,1.450347758712755325e-04
9.987641682881008842e-01,8.005288549878407291e-04,1.430578710753122322e-04,1.803902082776557279e-05,2.742059650081507755e-04
9.987527811887768614e-01,9.497235477041864483e-04,1.314291247948797437e-04,1.243578055303303310e-05,1.536303581709131533e-04
9.981945133919223334e-01,1.473957962261927606e-03,2.028749657096848497e-04,1.387101849377816907e-05,1.147826616122332472e-04
9.988007017894984241e-01,1.025788130160633924e-03,1.167215591690385826e-04,6.913920356602818666e-06,4.987460081539127105e-05
9.967141256651399495e-01,2.864104402989274024e-03,3.323620690837271832e-04,1.495720073870447863e-05,7.445066204838870659e-05
9.988435385499556673e-01,9.451016339225296525e-04,1.385339153397990570e-04,9.949092678830409158e-06,6.287680810325549418e-05
9.953004808505979684e-01,2.286683923832964413e-03,2.463272306041005546e-04,2.047049156437089903e-05,2.146037503400593290e-03
9.981094164539530134e-01,1.394245054034565136e-03,1.308010584566215388e-04,7.887588597401105374e-06,3.576498449583241515e-04
9.986439222290439677e-01,1.116992349973237484e-03,7.562304485753691935e-05,4.228694014708101278e-06,1.592336821105344764e-04
9.975681447220698939e-01,2.165711334755774601e-03,1.121156514047763175e-04,4.407249158853009338e-06,1.496210426108922549e-04
9.894624807167634595e-01,9.659908117883720183e-03,5.235381797052964751e-04,1.151183477275462925e-05,3.425611508748727238e-04
9.896162175086613555e-01,9.540708134438691257e-03,5.681976569320194110e-04,1.099057878025216082e-05,2.638861211876071099e-04
9.891602587199327390e-01,9.526418585358614050e-03,1.083872224356038135e-03,2.993820887537306639e-05,1.995122614772091847e-04
9.928831022728332734e-01,6.377925039833951676e-03,5.889915369456210758e-04,1.689376099618576058e-05,1.330873893909929960e-04
9.940259095756307506e-01,5.152783763914448381e-03,7.014464532241706423e-04,2.490751258578154310e-05,9.495269464499592465e-05
9.964229171639564786e-01,3.153354263987199861e-03,3.314540711663811800e-04,1.242065613261027797e-05,7.985384475727356861e-05
9.835158749562170621e-01,1.497345031607556602e-02,1.311405748143821279e-03,2.557491788655455713e-05,1.736940616771750394e-04
9.867616784346586734e-01,1.193785597312850208e-02,1.172324250509036237e-03,2.060589399816023320e-05,1.075354477056379905e-04
9.912057999371568506e-01,7.815119288280238802e-03,8.750557888896371176e-04,1.955310047876447971e-05,8.447188519443740143e-05
9.833537289412275229e-01,1.467018756955923951e-02,1.783832152431386259e-03,3.412475570285553148e-05,1.581265810791776917e-04
9.845250112389821728e-01,1.340964575202072996e-02,1.883523090376416215e-03,3.383619322581900464e-05,1.479837253949693753e-04
9.843895910152389295e-01,1.371109494867158232e-02,1.683949170269502613e-03,2.829028521327058514e-05,1.870745806066893726e-04
9.916026349585517208e-01,7.383541519249243838e-03,8.202971616390892628e-04,1.760498898078876920e-05,1.759213715793446302e-04
9.944526549084267142e-01,4.735989003619343884e-03,7.051295841463615759e-04,1.761128926323614767e-05,8.861521454448198390e-05
9.956581421203005711e-01,3.508574179519246238e-03,7.079636291350171248e-04,2.920821076427041507e-05,9.611186028096215103e-05
9.939907155293467023e-01,5.037204030897290789e-03,8.083086917114316091e-04,2.252737588259604444e-05,1.412443721618842143e-04
9.671475207323108059e-01,2.719500595394848397e-02,5.073203754747550136e-03,8.861707911446946046e-05,4.956524798787002167e-04
9.801492108513369939e-01,1.478886350732144632e-02,4.599388285294518305e-03,1.121467621338928132e-04,3.503905939131077784e-04
9.902474573657024104e-01,7.952209990465877731e-03,1.585584278390383137e-03,3.883217510661414880e-05,1.759161903345726210e-04
9.958127592446830434e-01,3.534916885324384476e-03,5.275230642753875408e-04,1.740203913915209090e-05,1.073987665780441427e-04
9.953910353766227681e-01,3.994695057567252544e-03,4.808982395533061222e-04,1.678154157501552348e-05,1.165897846814753730e-04
9.943510307901793910e-01,4.874268698533661646e-03,6.472267788821083187e-04,2.156099593640085790e-05,1.059127364684010053e-04
9.962225575396546073e-01,3.264152655219690769e-03,4.166382195350170009e-04,2.195166406645962816e-05,7.469992152415185188e-05
9.908744891213230321e-01,8.080148917101195871e-03,8.786856163296288607e-04,3.018215123311533547e-05,1.364941940129332397e-04
9.924602685430830018e-01,6.600071468227654455e-03,8.144569825017403076e-04,2.299545430902245194e-05,1.022075518787066530e-04
9.910136869363574963e-01,7.955216671975684495e-03,8.842986588126556299e-04,2.535579607586009232e-05,1.214419367783282265e-04
9.963817079570898017e-01,3.234789505972348721e-03,3.098522213260699394e-04,1.364147797217892628e-05,6.000883763969006452e-05
9.958768776421318414e-01,3.716702173005946488e-03,3.319374406110058278e-04,1.261728619007459012e-05,6.186545806101089308e-05
9.883140640023347911e-01,1.061712371139348493e-02,9.547037657362277864e-04,2.658835329962937972e-05,8.752016723597362037e-05
9.854133077015067022e-01,1.315287581942411153e-02,1.259491342999010657e-03,3.608214140972942354e-05,1.382429946603104239e-04
9.920597225220684212e-01,7.159569670612576930e-03,6.709696201220420337e-04,1.817010079692778126e-05,9.156808640017714829e-05
9.957460485641516090e-01,3.767848124521095549e-03,4.195185425790858989e-04,1.313321377912553198e-05,5.345155496894836021e-05
9.959681920939865707e-01,3.597627384874793437e-03,3.692864123356224887e-04,1.060648025034582168e-05,5.428762855258680020e-05
9.954085388748203922e-01,4.052223608534828193e-03,4.689575058908708504e-04,1.461157916673243195e-05,5.566843158714819095e-05
9.911824313429690170e-01,7.842452643712544830e-03,8.503660964376148074e-04,2.279781598249474710e-05,1.019521008984802471e-04
9.950691741788418865e-01,4.184220441547272483e-03,6.612910911332074747e-04,2.325267338128362565e-05,6.206161509650681056e-05
9.953568980412250689e-01,3.907486971181111171e-03,6.530246572790013955e-04,2.020130367126490734e-05,6.238902664350959824e-05
9.636310099429272746e-01,3.228521847721187860e-02,3.790930672265464731e-03,6.817902220606694025e-05,2.246618853893096615e-04
9.549588857047660584e-01,3.809060640068746145e-02,6.617291688365342997e-03,1.099728092914273130e-04,2.232433968895143942e-04
9.509466734397983290e-01,4.129609938466537178e-02,7.345994393598044570e-03,1.386180470720092069e-04,2.726147348662544528e-04
9.553726552842032316e-01,3.752697987787647488e-02,6.744114162196499992e-03,8.042975700371147747e-05,2.758209187201353667e-04
5.693334490593537911e-01,3.756131371622918325e-01,5.377897304761881242e-02,2.343297467208939116e-04,1.040110984014660025e-03
7.209977023134154228e-01,2.398646159371691233e-01,3.745531039567802367e-02,1.850907037640717092e-04,1.497280649973281499e-03
8.538018406235924340e-01,1.213126295274032235e-01,2.349565594481132016e-02,1.330866571696074751e-04,1.256787247023439125e-03
9.424502096050771938e-01,4.778672513317033799e-02,8.961479192855137735e-03,6.249005009797419679e-05,7.390960187993476710e-04
9.718327289145390901e-01,2.459992611275706523e-02,2.994903241747427780e-03,3.581548619798137934e-05,5.366262447584367254e-04
9.752920375480159665e-01,2.221408932298189753e-02,1.951081164880235242e-03,3.242335212135040624e-05,5.103686120004707850e-04
9.452178109558876384e-01,4.686847223097513615e-02,7.084944016505629466e-03,9.990399685871176978e-05,7.288687997728886779e-04
9.584849317093353527e-01,3.489153080595717993e-02,5.815090868079460067e-03,9.358174945672493520e-05,7.148648671713166928e-04
8.651029688364899606e-01,1.147077671394866050e-01,1.845968327691416971e-02,2.156653126818145795e-04,1.513915434427359112e-03
7.111356955478406183e-01,2.481836847097152465e-01,3.833836237381478551e-02,2.030160263333756205e-04,2.139241342296080428e-03
7.669468542860555793e-01,1.955460036376893418e-01,3.571744418700011081e-02,1.559237993789751547e-04,1.633774089875930863e-03
8.147064068746399101e-01,1.491747898991333532e-01,3.497597724878327707e-02,1.500175741508773513e-04,9.928084032927195039e-04
4.764251916828674549e-01,4.444776697369133833e-01,7.738967481814637561e-02,1.744163027337149868e-04,1.533047459339087005e-03
2.549349024613257741e-01,5.515222279400923133e-01,1.921959089113404184e-01,2.422506755466901816e-04,1.104710011694781061e-03
9.727074249139799900e-02,7.085835030038714066e-01,1.921943224474923773e-01,2.006717109486660716e-04,1.750760346289541173e-03
8.290037824787038767e-02,6.847454417883154232e-01,2.306831727261711151e-01,2.379670572715956219e-04,1.433040180371423318e-03
4.653089533383178433e-02,6.799006332229404759e-01,2.721104223219060203e-01,2.112374846696173168e-04,1.246811636652126647e-03
3.220760219844264194e-01,4.649703102880961003e-01,2.106338573857419461e-01,4.178741760314254295e-04,1.901936165704061921e-03
7.605384454597919897e-01,1.672035760022773376e-01,7.087354997386643984e-02,2.782021968577755408e-04,1.106226367206505738e-03
1.860224160063340404e-01,6.489998868036943591e-01,1.627863075445557528e-01,3.099545016410307240e-04,1.881435143774837183e-03
1.480414124818856814e-01,5.549123419928410073e-01,2.951371844287115631e-01,3.359322838139850039e-04,1.573128812747670406e-03
6.243442422445290019e-01,2.243677732756178267e-01,1.491855934091585734e-01,5.348021417357903340e-04,1.567588928958770552e-03
8.865180615997706459e-01,8.661084066592242281e-02,2.575976196068090890e-02,1.435218561736390354e-04,9.678139174523880256e-04
3.853040449916917964e-01,5.043825584342724877e-01,1.069844537730770401e-01,2.999223645086584924e-04,3.029020436450063480e-03
2.161575153826982842e-01,5.894621426152804045e-01,1.907565229923571803e-01,3.141485424139869777e-04,3.309670467250193631e-03
8.918103219273591786e-02,6.210926112520654963e-01,2.877372108461913602e-01,2.536467504720745707e-04,1.735498958535143868e-03
1.013510907232468700e-01,5.123219738539835921e-01,3.836624298969164570e-01,3.898721197184327417e-04,2.274633406134668728e-03
6.671171613475687656e-02,6.075555381708054314e-01,3.194188343412879827e-01,3.560114680515047707e-04,5.957899885098251642e-03
2.280698750912776851e-02,4.215031038330815383e-01,5.535198617776075913e-01,3.181688636404538775e-04,1.851878016542874653e-03
1.112230800383724599e-01,2.945943903717035406e-01,5.917892998019010919e-01,8.627638065567928231e-04,1.530465981465979619e-03
7.372490377807486839e-01,8.971290673948265071e-02,1.706243374580035665e-01,1.471318411192801701e-03,9.423996105721793104e-04
8.670615807965526001e-01,7.166585023315871772e-02,5.999071531098965071e-02,5.447003861761015803e-04,7.371532731229996343e-04
9.773771567650009207e-01,1.337552017881068513e-02,8.840765927652673856e-03,1.482273025027495094e-04,2.583298260330334369e-04
9.797103496080259433e-01,1.500726044998477483e-02,4.853639737500299416e-03,7.910196936132433759e-05,3.496482351276974064e-04
9.848976148765898886e-01,1.202378480242101595e-02,2.719605319796145667e-03,4.683501640762101109e-05,3.121599847851824414e-04
9.802536280951933412e-01,1.553233225108466460e-02,3.725184632785050794e-03,4.434207397514669036e-05,4.445129469619045503e-04
9.865239124331316445e-01,1.112897711901279091e-02,1.947683432373058980e-03,2.717607934358565199e-05,3.722509361389921391e-04
9.792806232568497249e-01,1.782379529103309337e-02,2.310750717568854466e-03,3.472324211425019738e-05,5.501074924341550678e-04
9.823531021968200383e-01,1.562309334062955170e-02,1.473664722669515556e-03,2.685551151909805397e-05,5.232842283617505702e-04
9.758080549043937069e-01,2.213151311722267450e-02,1.544352439678896944e-03,2.198468016683053362e-05,4.940948585379808774e-04
9.319805103680958158e-01,6.332984455007371893e-02,3.661422721826197452e-03,4.332475003112558652e-05,9.848976099730460173e-04
9.377717994659742207e-01,5.603774233823848733e-02,5.281987042520683295e-03,4.822090750512299917e-05,8.602502457615747314e-04
6.334564587715054707e-01,3.282483306840933701e-01,3.554602532922686298e-02,1.736627819021938622e-04,2.575522433272069492e-03
8.687606397206735220e-01,1.123863693390916713e-01,1.711503518320425105e-02,1.281437686401619587e-04,1.609811988390478892e-03
9.878944571746436365e-01,9.349745477664404142e-03,2.115649082957046009e-03,5.555177033315705564e-05,5.845964944017510365e-04
9.976112459890302819e-01,1.700012800945477787e-03,4.901682299201204048e-04,4.295903751247848846e-05,1.556139425917316122e-04
9.960673126344665729e-01,1.831933039082967113e-03,1.091197484783698775e-03,1.581224181337099360e-04,8.514344235329679000e-04
9.856532546104606052e-01,4.902902160210445386e-03,6.279371005100824882e-03,8.816347553616246582e-04,2.282837468866422050e-03
9.923868841124622309e-01,3.744916893182815513e-03,1.712545594455990505e-03,1.522459653786463701e-04,2.003407434520332927e-03
9.983248744277253284e-01,7.967169409228456534e-04,2.323308513686330021e-04,2.950080890103441716e-05,6.165769710819885572e-04
9.937853534112576215e-01,3.225079669627800311e-03,1.202130085164904898e-03,1.284693925152802674e-04,1.658967441434406297e-03
9.981997558438734375e-01,6.719983134277166545e-04,2.041181330159045379e-04,3.288380422612296973e-05,8.912439054569093249e-04
9.977827498860224464e-01,6.849707650183538103e-04,2.893538673468186136e-04,4.283224915700945625e-05,1.200093232455437444e-03
9.981616882811316094e-01,8.023914146276610445e-04,2.712826783015792609e-04,3.022871309273631431e-05,7.344089128464613772e-04
9.973380229830947075e-01,1.161837221908520405e-03,2.967529171586513336e-04,4.906761336433679543e-05,1.154319264473815249e-03
9.967926138754116261e-01,1.461725740424901603e-03,4.368316114993933230e-04,5.892573135493567392e-05,1.249903041309311348e-03
9.985692597604245435e-01,8.283743801094451071e-04,1.821702115549630270e-04,2.099799481271224437e-05,3.991976530986193544e-04
9.979836315013606018e-01,6.336454682994760836e-04,1.256292976721778000e-04,2.192026614466432795e-05,1.235173466523024639e-03
9.958477898688525842e-01,1.823043442346147227e-03,3.338185969622349016e-04,3.191612094074318948e-05,1.963431970898301283e-03
9.962342095590580593e-01,1.295025637480994203e-03,2.793173128374511574e-04,3.471579636139731305e-05,2.156731694262100773e-03
9.961359121653501347e-01,1.673386540285087733e-03,2.335901739751883592e-04,2.134470790423795256e-05,1.935766412485391986e-03
9.937482897233379520e-01,2.771911790334074827e-03,4.373761002472155391e-04,3.880892482515970989e-05,3.003613461255540303e-03
9.774793374346001373e-01,4.905648831467302427e-03,1.074835687923682975e-03,9.330376183690411982e-05,1.644687428417211314e-02
9.913850204819413259e-01,1.839350576051729550e-03,3.462797506945091146e-04,3.884309654100618085e-05,6.390506094771492528e-03
9.769442559633403356e-01,2.855105231057526120e-03,5.549553658120794011e-04,6.477288177544065107e-05,1.958091055801481142e-02
9.834527274120240525e-01,2.076413549714242919e-03,4.817121805104371355e-04,6.220528411880859026e-05,1.392694157363228401e-02
9.916149583272987345e-01,1.875936725563475543e-03,4.370127410934397856e-04,5.100804354942898628e-05,6.021084162494927568e-03
9.890147002413276489e-01,2.801529540920439168e-03,7.864521191173055219e-04,7.590100029051842707e-05,7.321417098344132519e-03
9.898815042018268562e-01,2.438993987895741750e-03,8.465531984597048304e-04,9.141173917150436918e-05,6.741536872646110116e-03
9.958179417222683405e-01,2.300011082321741247e-03,3.882262031138291204e-04,2.994002460944610459e-05,1.463880967686655935e-03
9.979277598160257723e-01,1.380199715913428072e-03,1.381239633530356682e-04,8.854603778772137280e-06,5.450619009290869803e-04
9.977327777629930727e-01,1.777585265543799769e-03,1.892482714754816495e-04,7.173780223709878594e-06,2.932149197639098660e-04
9.976048448512159217e-01,1.982226518700574806e-03,1.782197455171985348e-04,6.599376775873490874e-06,2.281095077904512830e-04
9.995209640931124184e-01,3.811299570079714209e-04,6.282297258388504007e-05,3.135686243434680017e-06,3.194729105243819051e-05
9.983658869026018623e-01,1.315172504746635199e-03,2.249104340600609653e-04,6.705346015091500459e-06,8.732481257650301159e-05
9.985690590110376519e-01,1.159224504108420086e-03,1.975957893597209331e-04,7.224237281757954978e-06,6.689645821232685077e-05
9.985756597029207260e-01,1.118063900804740132e-03,2.185134727159467494e-04,8.994910008989160779e-06,7.876801354977134662e-05
9.979541647385712366e-01,1.617529569510941156e-03,3.088626033585214819e-04,1.167829285690508349e-05,1.077647957021955598e-04
9.991710632675180337e-01,5.714974503801871584e-04,1.971484151814341173e-04,7.677666009327751811e-06,5.261320091089028648e-05
9.995033860731228348e-01,3.379888603343338344e-04,1.106781987972721144e-04,4.587929567879587752e-06,4.335893817780593737e-05
9.987953904010181683e-01,7.734080533466083322e-04,3.404153701010830804e-04,1.027090794021501741e-05,8.051526759401187426e-05
9.977729270266764150e-01,1.150688426636975719e-03,9.402997406133038836e-04,4.042669134950285575e-05,9.565811472372419790e-05
9.977020269032910171e-01,1.427719656529427865e-03,7.285247579298316685e-04,3.700673872248935948e-05,1.047219435271813551e-04
9.993068646438734159e-01,4.589677024429985827e-04,1.774241223669015244e-04,1.072572802391386064e-05,4.601780329268262616e-05
9.956054850863946815e-01,3.150747495675335162e-03,1.064718739894010080e-03,4.207304715812747544e-05,1.369756308779199552e-04
9.950744281250826218e-01,3.244271218171116550e-03,1.480198812197989914e-03,6.234274619325847594e-05,1.387590983549200920e-04
9.985975060686843596e-01,9.227061157179607381e-04,3.392786541363328147e-04,2.070767338105849426e-05,1.198014880802937787e-04
9.929244504817997807e-01,4.844345896480620542e-03,1.556128183353847885e-03,6.919827462471570619e-05,6.058771637409161165e-04
9.839874209331848087e-01,1.219982592539339133e-02,2.692856402909682163e-03,8.162757996041296944e-05,1.038269158551736711e-03
9.885176277073755013e-01,6.864577259358838404e-03,3.997927217016555845e-03,9.745815343271618607e-05,5.224096628163777843e-04
9.777735963724083490e-01,1.209519863400264697e-02,9.166824959944183671e-03,2.043105046362704612e-04,7.600695290086132176e-04
9.583885239197683648e-01,2.996036780015057938e-02,1.031792131653182579e-02,1.485649823039347632e-04,1.184621981245268700e-03
9.388082808594704343e-01,4.492898589703748363e-02,1.464335563788526570e-02,1.567157544888587929e-04,1.462661851117984333e-03
9.752516549222849385e-01,1.612373014002952548e-02,8.093880553436190450e-03,1.512532134606412902e-04,3.794811707886983770e-04
9.857476304808119316e-01,8.866149269826126972e-03,5.034235187407405318e-03,1.626255812805467904e-04,1.893594806740793435e-04
9.922057493448718235e-01,4.683162821720890379e-03,2.803660109217117908e-03,1.287533791547296723e-04,1.786743450354814997e-04
9.909025481757323117e-01,5.521205638604123958e-03,3.112966599000014517e-03,1.729992481192892356e-04,2.902803385442543900e-04
9.914490338624828425e-01,4.896858465071257140e-03,3.238402479421197220e-03,1.878309853211096382e-04,2.278742077036669358e-04
9.607185494755989819e-01,2.436089629981126603e-02,1.344959302202149501e-02,5.308809682549469906e-04,9.400802343134516013e-04
9.825785590809891223e-01,8.816786117331052927e-03,7.749589116254325914e-03,2.878788524345072966e-04,5.671868329909287437e-04
9.801924981791633185e-01,9.468318499214940093e-03,9.346273794860112186e-03,4.489975585621671381e-04,5.439119681993995637e-04
9.885230367523588635e-01,7.846819299876215542e-03,2.842278825901085968e-03,1.734747907532041404e-04,6.143903311104496369e-04
9.950051753048559933e-01,3.375127947992980024e-03,1.214864282936241238e-03,6.556964149417495444e-05,3.392628227205583520e-04
9.961948336673047688e-01,2.691099620829978320e-03,9.246603461246066238e-04,4.630763679251218294e-05,1.430987289480864131e-04
9.973793690413021995e-01,1.947161570464225541e-03,5.473084367579092837e-04,3.224740638033643688e-05,9.391354509531561236e-05
9.932064865228720230e-01,4.683116469958166321e-03,1.907796930584333781e-03,7.226268563257281846e-05,1.303373909528822460e-04
9.862129187704705702e-01,7.785492863915670532e-03,5.641454051409963699e-03,2.029200352394112852e-04,1.572142789644032567e-04
9.852981927770979587e-01,9.481167505637889611e-03,4.803069246926425576e-03,1.690659574940482223e-04,2.485045128436487645e-04
9.375377173427409394e-01,3.050174340247964119e-02,2.979066983278856606e-02,1.216110232581119575e-03,9.537591894096017053e-04
9.666120814047612919e-01,1.573607352023534064e-02,1.627865835229415012e-02,8.876949641635763048e-04,4.854917585457515518e-04
9.714594906713657219e-01,1.227018619235475429e-02,1.477804761931442168e-02,1.151781660619371431e-03,3.404938563458785204e-04
9.571783803544151592e-01,2.342715101890709486e-02,1.766783907422692784e-02,1.132665783855690139e-03,5.939637685952119757e-04
9.905589480061434138e-01,5.711159173051491914e-03,3.208603074022138221e-03,2.060307982071335323e-04,3.152589485757842282e-04
9.922741775532689656e-01,3.582071638284814799e-03,3.791555483469436633e-03,1.945556138110489006e-04,1.576397111657461107e-04
9.930102049212409243e-01,3.762316354603994530e-03,2.890694644447429091e-03,1.760053924548279870e-04,1.607786872528306379e-04
9.827063536538745980e-01,7.738224108398046759e-03,8.937277621716841619e-03,3.665038660415846487e-04,2.516407499687955854e-04
9.659746662985084775e-01,1.065220460377758888e-02,2.184745572141628608e-02,9.689962471549516329e-04,5.566771291427609347e-04
9.840859554966889799e-01,6.594407982144234043e-03,8.641844742587671130e-03,3.037890695540753369e-04,3.740027090251821684e-04
9.866458640144388781e-01,5.794892778386458859e-03,7.013083190947686299e-03,2.849207263176528615e-04,2.612392899093397771e-04
9.842450318384154961e-01,8.563628762091093569e-03,6.254151612895470815e-03,2.452520385421827400e-04,6.919357480558158266e-04
9.914712684120743358e-01,5.895722992140996904e-03,2.269351749515788157e-03,8.638405144750609110e-05,2.772727948212672989e-04
9.887689363209151150e-01,7.832973064038746547e-03,3.086015863646433561e-03,1.001996789582691174e-04,2.118750724414059962e-04
9.928300195360391101e-01,4.776827736528762441e-03,2.159041530358202232e-03,1.118438715102279231e-04,1.222673255636305657e-04
9.958204373813883681e-01,2.830342492260757344e-03,1.188389904524262113e-03,8.550847668175644029e-05,7.532174514499460926e-05
9.984215919833938635e-01,1.162591328448608951e-03,3.569197144602870774e-04,2.298321522674275937e-05,3.591375847053229780e-05
9.954310705197537690e-01,3.294266908409906446e-03,1.167337496943291484e-03,5.021088058885606075e-05,5.711419430431614229e-05
9.921199645354951135e-01,4.666520707687195693e-03,3.029421867522735529e-03,9.225089174050419866e-05,9.184199755442795437e-05
9.972637146678162701e-01,1.882717294589070700e-03,7.005622412250521458e-04,2.959166001936070715e-05,1.234141363503603859e-04
9.951773980142251119e-01,3.365720255655564857e-03,1.190424047692116138e-03,4.852553939234986399e-05,2.179321430349222309e-04
9.924995928857300864e-01,5.568334052434528378e-03,1.655811445528201226e-03,6.063956155005779654e-05,2.156220547570456892e-04
9.898499470597206251e-01,7.482813786038056310e-03,2.426781901440918689e-03,8.003177649058655771e-05,1.604254763099145342e-04
9.870353478211096876e-01,9.346926965565792444e-03,3.349045154897162084e-03,9.245586150915559428e-05,1.762241969181854511e-04
9.869492444642012918e-01,9.383985574601750798e-03,3.419415271758851401e-03,8.540666836972607575e-05,1.619480210683773506e-04
9.931515989066124206e-01,5.035936868124261251e-03,1.633391603969304570e-03,5.151728127237365288e-05,1.275553400217347073e-04
9.903510536051621793e-01,7.130984869626575545e-03,2.318768251542794971e-03,5.071705774229909704e-05,1.484762159260758266e-04
9.753834451342626721e-01,1.628376279368708504e-02,7.893936970877172762e-03,1.546219591925612302e-04,2.842331419805425039e-04
9.871925583860352571e-01,9.029179773797805370e-03,3.029139028596659899e-03,8.529351772907621543e-05,6.638292938411028202e-04
9.954453390883358788e-01,2.921873839122853412e-03,1.209257914780041254e-03,4.486956921373753938e-05,3.786595885475254881e-04
9.962919213254803896e-01,2.397130440635161959e-03,7.851639277370091406e-04,3.520989390612749235e-05,4.905744122412195908e-04
9.900793023120096903e-01,6.613937372667293146e-03,2.000613002492463311e-03,5.626329692706493954e-05,1.249884015903511298e-03
9.899105960431544560e-01,6.339845368165657885e-03,2.673546055345458420e-03,7.268368895950661412e-05,1.003328844374825864e-03
9.888680513109079362e-01,6.730801693329500381e-03,3.706582007400203646e-03,1.088644618701256752e-04,5.857005264923397219e-04
9.934095475095477967e-01,3.786899788147927819e-03,2.486039364024941918e-03,8.597489694425725732e-05,2.315384413351049273e-04
9.948887128302174032e-01,3.381083571682592329e-03,1.536354550047910623e-03,5.982835784930579451e-05,1.340206902028069299e-04
9.910634702517638894e-01,6.323031468077281586e-03,2.340414360790682782e-03,6.979372529726541729e-05,2.032901940709911975e-04
9.958678521270951656e-01,2.880309492681721109e-03,1.071300147267297172e-03,4.714480331198177504e-05,1.333934296439076247e-04
9.910689161578855044e-01,6.186345448330928150e-03,2.410011660014012725e-03,8.531534851335975146e-05,2.494113852563363824e-04
9.946346927908285007e-01,2.995245097360941904e-03,2.064914599877115588e-03,9.274656691055377519e-05,2.124009450228254688e-04
9.964953039654149691e-01,2.155269017044914547e-03,1.027830966266543317e-03,5.290204189736595722e-05,2.686940093761755488e-04
9.962264049892839424e-01,2.181584984298695368e-03,1.275338808482648660e-03,6.391377556312423001e-05,2.527574423714385723e-04
9.919277070990053513e-01,3.995496137028306527e-03,3.023863689739677597e-03,1.420619090168635118e-04,9.108711652098096462e-04
9.919074898516928585e-01,3.529359902746614583e-03,3.521446123234001253e-03,1.649705365678159636e-04,8.767335857586667060e-04
9.947580205549226839e-01,2.742861462833182020e-03,1.026168531157105324e-03,5.726689387009087785e-05,1.415682557216919012e-03
9.921795237263716372e-01,3.872122008271736138e-03,1.331719985723650145e-03,6.785733426684187829e-05,2.548776945366047590e-03
9.806116981784896991e-01,8.147647865071170128e-03,4.489803266645206459e-03,1.696434449833610059e-04,6.581207244810642620e-03
9.773117809736594497e-01,8.525371939763420198e-03,3.434306405454758994e-03,1.386649001659762495e-04,1.058987578095655843e-02
9.847052728959687640e-01,6.942785455041130573e-03,4.424337992326010834e-03,2.564736785849705048e-04,3.671129978079155400e-03
9.825249546234102738e-01,1.124424849308536950e-02,3.399802115339833550e-03,1.150575020454363851e-04,2.715937266119103181e-03
9.879523503680924801e-01,7.313192111168932176e-03,2.723380913612996092e-03,8.638138557430144861e-05,1.924695221551130445e-03
9.737255817530712232e-01,1.828614636405432106e-02,6.098046437884041722e-03,1.315203948923317125e-04,1.758705050098133922e-03
9.909327728747889807e-01,6.782094229458863165e-03,1.583499957593521336e-03,4.165833761860383670e-05,6.599746005400286422e-04
9.938920034196105924e-01,4.919553732550047652e-03,8.831617802331575250e-04,2.572402840999632646e-05,2.795570391961372148e-04
9.991331743362115159e-01,6.314997803555321386e-04,1.627795128475158595e-04,1.088015430742136076e-05,6.166621627802587266e-05
9.981888528185473008e-01,1.267225827432505404e-03,3.726527018076255322e-04,3.526052302880708421e-05,1.360081291835768568e-04
9.982585503375319691e-01,1.067129076673542076e-03,4.570282159097193591e-04,5.717649206782386131e-05,1.601158778170644879e-04
9.983246356707413671e-01,7.549792642857889148e-04,4.461786077868378766e-04,7.842628469466722530e-05,3.957801724913201998e-04
9.911350755738982388e-01,2.110223720341198195e-03,5.244354409464867944e-03,8.253363563363106921e-04,6.850099399594379622e-04
9.958245225316721960e-01,1.914559834895430490e-03,1.708323848196623054e-03,2.772817203928384174e-04,2.753120648429471426e-04
9.969328970484838681e-01,1.531588856881738701e-03,1.059883280215908599e-03,2.601711630615529346e-04,2.154596513567435916e-04
9.970897077328585434e-01,1.423533068974908514e-03,9.687562315955030624e-04,2.641421048567356325e-04,2.538608617143792265e-04
9.924277544391222339e-01,3.518897819455852997e-03,3.058861386460895362e-03,6.460119844039232230e-04,3.484743705569763096e-04
9.930200842348063661e-01,2.090016652141485007e-03,2.862999296319522925e-03,1.560226944119830770e-03,4.666728726129604123e-04
9.900627658722919167e-01,2.108797053853030037e-03,4.245107519030252505e-03,2.780973679777589205e-03,8.023558750471990186e-04
9.817951787362610983e-01,3.234861135716711640e-03,8.789865048186377636e-03,4.811274816949608589e-03,1.368820262886116497e-03
9.731036832997040920e-01,4.610448393730108910e-03,1.416713422619688377e-02,7.127575175488844519e-03,9.911589048800660724e-04
9.450040080971054968e-01,3.810924483716377972e-03,2.967105611658285569e-02,2.053840812348784947e-02,9.756031791074679148e-04
9.486052897545123042e-01,3.786608700871820551e-03,2.136130438627933947e-02,2.502581965631383437e-02,1.220977502022823095e-03
9.797079710385091511e-01,2.635628340498403447e-03,9.416244328582363404e-03,7.595050851431072239e-03,6.451054409790569653e-04
9.822606086906522371e-01,2.432583290066300287e-03,9.063267794403822089e-03,5.604889736807272364e-03,6.386504880702612279e-04
9.650341137455766827e-01,5.466049876712952837e-03,2.104915836612577390e-02,7.585125899307170252e-03,8.655521122774920010e-04
9.236132732709330107e-01,6.558723462591872604e-03,5.792574437911864049e-02,1.128126035732897846e-02,6.209985300274211426e-04
9.465591821959133956e-01,5.411499200116010738e-03,4.078936806072656907e-02,6.555842980900114698e-03,6.841075623438547379e-04
8.232158691442672538e-01,1.563959555523908307e-02,1.419473855787001804e-01,1.611127724683100379e-02,3.085872474962549680e-03
9.165750606878980689e-01,1.623878237885412884e-02,5.465843442730890928e-02,3.302280384114552117e-03,9.225442121824278460e-03
8.953894659154567615e-01,1.129717353409766430e-02,8.092314991075674757e-02,8.003324125720221588e-03,4.386886513968840141e-03
9.812066508307181190e-01,3.726635329672656639e-03,1.254243459182526055e-02,1.115902058066384163e-03,1.408377189717638237e-03
9.760868978391048500e-01,6.184379471812796562e-03,1.410865876808320429e-02,1.868452730763713911e-03,1.751611190235482238e-03
9.899655279889492121e-01,3.298914691541195848e-03,4.202369618167305608e-03,9.704968432266809168e-04,1.562690858115613115e-03
9.894336328726377472e-01,4.584545743435890740e-03,3.314176278600038279e-03,3.018001052002262604e-04,2.365845000126138784e-03
9.693081784948490709e-01,7.500157075894200998e-03,4.807489124376433491e-03,3.352417848744039790e-04,1.804893352000591297e-02
9.563889453565698195e-01,1.573019110014243008e-02,6.039095140938315238e-03,2.716162181708430142e-04,2.157015218417863284e-02
9.714809081270172619e-01,7.888977402621778073e-03,3.724832004865378902e-03,2.195001956292881281e-04,1.668578226986632690e-02
9.753414368255572953e-01,5.670471365125303101e-03,9.185085714254803690e-03,6.269078780823237641e-04,9.176098216980373493e-03
9.465610675484373848e-01,1.347220908136170098e-02,1.279722617528186376e-02,4.450842544548263462e-04,2.672441294046435864e-02
9.461740906757272196e-01,9.446682213742693332e-03,2.764405487740283912e-02,1.091159678917630414e-03,1.564401255420965614e-02
9.536254450882832856e-01,7.690292500757833251e-03,1.567266392481648368e-02,5.386339980708947615e-04,2.247296448807168182e-02
9.427118943178526278e-01,8.013245487189527005e-03,9.324060281826019453e-03,3.549532234924077144e-04,3.959584668963941206e-02
9.543958503793358306e-01,6.745366166114746993e-03,6.021115204606877075e-03,2.234520319107872056e-04,3.261421621803172605e-02
9.637253940243285522e-01,8.422837696098492075e-03,8.112996860098135865e-03,2.822929194277921071e-04,1.945647850004699614e-02
9.341241103417361469e-01,1.015353502738515316e-02,6.351286090206745109e-03,1.836588699951207401e-04,4.918740967067701531e-02
9.492985774067824734e-01,7.291690646639710505e-03,4.129093308305054576e-03,1.367646815918499570e-04,3.914387395668088299e-02
9.387720550541783782e-01,1.273034923059987444e-02,1.381050436533516612e-02,2.468149611463974283e-04,3.444027638874026798e-02
9.388592920296955358e-01,9.937299858564115768e-03,8.324824101260765163e-03,1.856693394861433670e-04,4.269291467099349535e-02
9.532473421789269263e-01,7.662415544732233824e-03,4.724086191142124434e-03,1.193053671085600193e-04,3.424685071809013132e-02
9.630215877754106923e-01,4.012660035688175864e-03,1.946794573478045388e-03,7.237457205949349355e-05,3.094658304336367696e-02
9.315774130498463146e-01,1.370105551091562075e-02,2.803725232216881802e-02,6.870762540479726605e-04,2.599720286302134586e-02
9.226408072464016286e-01,1.512346213665435347e-02,4.664855288675075901e-02,1.900123549349438425e-03,1.368705418084370865e-02
9.654833122635857467e-01,6.164418938727343755e-03,9.467463439872423822e-03,8.155721655319304788e-04,1.806923319228261049e-02
9.734569090973880234e-01,5.513921070908329308e-03,5.812255568409368731e-03,4.212556975426781777e-04,1.479565856575147838e-02
9.709211912843442871e-01,4.768595902468258582e-03,5.968445302675103904e-03,3.425295734913138992e-04,1.799923793702087188e-02
9.574680900091065983e-01,6.398143231981620778e-03,6.188570984975976658e-03,4.271179800172597509e-04,2.951807779391866018e-02
9.522518479905129896e-01,1.119972480105502557e-02,8.732452034975019331e-03,3.903252523568829634e-04,2.742564992110020985e-02
9.568152512267471543e-01,1.293748676976045307e-02,8.627800159871700653e-03,3.570252113765036124e-04,2.126243663224416588e-02
9.598663760262420297e-01,1.352527403807736797e-02,8.758095982652893546e-03,3.078690769595998286e-04,1.754238487606811850e-02
9.348990939202356243e-01,2.223016313558399959e-02,1.980241482041854989e-02,5.026000049629716221e-04,2.256572811879897777e-02
9.490103450151521347e-01,1.154413811849882773e-02,5.397090746688075306e-03,2.607469746919461998e-04,3.378767914496895453e-02
9.608822260351876920e-01,1.254648375752983464e-02,7.654686078122407804e-03,1.853892597046034949e-04,1.873121486945548975e-02
9.567274862141780245e-01,1.249342765873088720e-02,2.217069301967301495e-02,5.564730738755950231e-04,8.051920033542494040e-03
9.494004375392061101e-01,1.144754315793909683e-02,2.978486562719213915e-02,1.194228041121853838e-03,8.172925634540677969e-03
9.465524816419788046e-01,1.503010541305738017e-02,2.267507411785403548e-02,7.624323734918855931e-04,1.497990645361790656e-02
9.356163698584785138e-01,2.341731835056339722e-02,1.781474053554636672e-02,5.316571095059754093e-04,2.261991414590563965e-02
8.985213246482514071e-01,1.678131737255496303e-02,4.264074880605324414e-02,1.053782831200365550e-03,4.100282634194015591e-02
9.195555761294170738e-01,1.320016136152816870e-02,2.291295333799670680e-02,6.780840715459367316e-04,4.365322509951213154e-02
9.122624581052655168e-01,1.629432361912788729e-02,1.684727709195994044e-02,5.504263695139049528e-04,5.404551481413257669e-02
9.110605563204307034e-01,1.340071054636438053e-02,1.274214499642215351e-02,3.539352818692319399e-04,6.244265285491351625e-02
9.402041550447841622e-01,6.805197201386141079e-03,1.119135920747321537e-02,3.786658946039840254e-04,4.142062265175238539e-02
9.277060311751126331e-01,9.083428419663315545e-03,1.354029694632025334e-02,3.142374342267807057e-04,4.935600602467709458e-02
8.853487635881740481e-01,1.596188707947084409e-02,5.200609222537487530e-02,1.803964675867728018e-03,4.487929243111259819e-02
9.528471803011347996e-01,9.413877998743026831e-03,1.902357917033669840e-02,7.368957123246053318e-04,1.797846681746083711e-02
9.411031327167175276e-01,7.637442091434660553e-03,6.324205616261376409e-03,2.474333875083582204e-04,4.468778618807806025e-02
9.319725297635337302e-01,8.539813644797751915e-03,1.745617852343613746e-02,4.787552755278623321e-04,4.155272279270465219e-02
9.349815017373250825e-01,7.664871581836906964e-03,2.327842110141765952e-02,7.418569637242723074e-04,3.333334861569620111e-02
9.502896924227667297e-01,3.884695225965060107e-03,5.628872293556626966e-03,2.428262198284282156e-04,3.995391383788323564e-02
9.436793792419602145e-01,6.601715803681189494e-03,1.332636669850267158e-02,4.597745552106411674e-04,3.593276370064518027e-02
9.518068188096412419e-01,5.469826881414186111e-03,9.428608888602701618e-03,3.916302593756219625e-04,3.290311516096623007e-02
9.631502352797775002e-01,3.492278106911913052e-03,4.892752845759309153e-03,2.117528911265308036e-04,2.825298087642471104e-02
9.646357512901663211e-01,2.626271817476965361e-03,3.732193632181798632e-03,1.374484216805212057e-04,2.886833483849428339e-02
9.622343449350780897e-01,3.542170801378988643e-03,5.125953708917940777e-03,1.990179383259776903e-04,2.889851261629907894e-02
9.740317302564595048e-01,3.795461711738862265e-03,5.232129045241254613e-03,2.386860238684781555e-04,1.670199296269178624e-02
9.584414226307668150e-01,4.949328600942594532e-03,1.599346038513563967e-02,9.348392417396109936e-04,1.968094914141536519e-02
9.692557313783000117e-01,4.092781825398207445e-03,1.023632893348441417e-02,5.568372304117684629e-04,1.585832063240556755e-02
9.446284837536212953e-01,6.257057608052333207e-03,1.317607825927243591e-02,5.520184336594418381e-04,3.538636194539440671e-02
9.740209666512641418e-01,5.081241501348237460e-03,2.251800723822095559e-03,8.260410985706495687e-05,1.856338701370854535e-02
9.576204395826206639e-01,8.852123136385618013e-03,4.804059452190197893e-03,1.073882279595815591e-04,2.861598960084396279e-02
9.329016674010744969e-01,1.471111706946638328e-02,7.431454821596517914e-03,1.455088148067588516e-04,4.481025189305588852e-02
9.659175573185910801e-01,7.519203655888257246e-03,6.626728821911803506e-03,4.875386951372322067e-04,1.944897150847146525e-02
9.694107561460297839e-01,2.635810349318032982e-03,1.325092877589457117e-02,1.281500785299898981e-03,1.342100394345768256e-02
9.810518062039810250e-01,3.435098156423252100e-03,1.031679168545335951e-02,1.061141642489931303e-03,4.135162311652361422e-03
9.826344494876437796e-01,4.252350152623967511e-03,7.898522117656736619e-03,8.442956839514040909e-04,4.370382558124002656e-03
9.850452025886439200e-01,2.988759168342158042e-03,5.369486195685255897e-03,7.909848827936250947e-04,5.805567164534966573e-03
9.946224760775865814e-01,1.861505954006942949e-03,2.167058532263927730e-03,2.944821843460331120e-04,1.054477251796429472e-03
9.934193656963241637e-01,1.645348574145665509e-03,3.450635381316434665e-03,6.360085642404028541e-04,8.486417839731781728e-04
9.845874292232641434e-01,2.667636215209200426e-03,9.378600557091120588e-03,2.156079354313788794e-03,1.210254650121786501e-03
9.617849356719359033e-01,3.597233667416968508e-03,2.655621854443641211e-02,6.563239841084627518e-03,1.498372275126014187e-03
9.788429899568414916e-01,2.404292215477511416e-03,1.263529999994772793e-02,5.100512405561162532e-03,1.016905422172077701e-03
9.748918011845660869e-01,3.718897868761605711e-03,1.382795696134428431e-02,5.212144143641358508e-03,2.349199841686585612e-03
9.880082924888407003e-01,2.261278336799538158e-03,6.084908920702226248e-03,2.195503698325968790e-03,1.450016555331527660e-03
9.812095280001594810e-01,3.345556518279137019e-03,1.020734047234663627e-02,3.762851927763965262e-03,1.474723081450853707e-03
9.602827359816176189e-01,4.577812637863651335e-03,2.412463326918911147e-02,9.090127204474725275e-03,1.924690906854874132e-03
9.537536109551503216e-01,6.312462636325306270e-03,3.146685624949267790e-02,7.701011308810172540e-03,7.660588502213897281e-04
9.826176243492635853e-01,2.650758360819566086e-03,1.055560958139338361e-02,3.818728112011180679e-03,3.572795965124363486e-04
9.916798101706089108e-01,1.500110691948008685e-03,4.016230315098448175e-03,2.166985995056246780e-03,6.368628272883752580e-04
9.885572377044269388e-01,2.077662924580646504e-03,6.747535096959332741e-03,2.008176696116555429e-03,6.093875779165511741e-04
9.891961286242166862e-01,2.423886296365072336e-03,6.814467462470633237e-03,1.204512433182041917e-03,3.610051837655830088e-04
9.942624936936031999e-01,1.436018201425112543e-03,3.107524650452769734e-03,9.765039880395315775e-04,2.174594664794384977e-04
9.915800508790345580e-01,2.054978646463745656e-03,4.887126811224994614e-03,1.242870109796111525e-03,2.349735534806632667e-04
9.935118547597636685e-01,2.175524923942677869e-03,3.474395711154483739e-03,6.175248812868704574e-04,2.206997238523234134e-04
9.960763436507983348e-01,1.594396185842768352e-03,1.933131350227345214e-03,2.693183674379535431e-04,1.268104456937484148e-04
9.973491234704037200e-01,1.302661932936184349e-03,1.128303710481151547e-03,9.241267909733363298e-05,1.274982070816174564e-04
9.956776314804522965e-01,2.167880412150208994e-03,1.813721059797005798e-03,1.236867250128277629e-04,2.170803225876355067e-04
9.951223296126587847e-01,2.685661063506240842e-03,1.860876483318595238e-03,1.183539668970644314e-04,2.127788736194082073e-04
9.938207847102962234e-01,2.309881440706846190e-03,3.195880457923796873e-03,4.228835779632473938e-04,2.505698131098733428e-04
9.902904976403803516e-01,3.215177938679394248e-03,5.477929829479941636e-03,6.137872380867774764e-04,4.026073533733760552e-04
9.250741880159141228e-01,1.161271418595627089e-02,5.564326446389106229e-02,7.056318418476535334e-03,6.135149157619265844e-04
9.550804175754979974e-01,1.131795692478796897e-02,2.973951690788497609e-02,3.340692334591242874e-03,5.214162572376118774e-04
9.595462298050294603e-01,1.254627857191165791e-02,2.267562637389262600e-02,3.761217631348311597e-03,1.470647617818021625e-03
9.327753640599967255e-01,1.228665925762983252e-02,4.647113520404792114e-02,6.955598325185242785e-03,1.511243153140219043e-03
9.489030488867387092e-01,1.251934142247798643e-02,3.230672843138325534e-02,4.897705292715854621e-03,1.373175966684330373e-03
9.447817447661550627e-01,1.102587301965557431e-02,3.633383702694762546e-02,5.209906792709825124e-03,2.648638394531962689e-03
9.440217756143266525e-01,8.740672055771451371e-03,4.088524130343743068e-02,5.152643972501532582e-03,1.199667053962966438e-03
9.012488531443925144e-01,8.215520591258048191e-03,7.116300995767088633e-02,1.378525933990107019e-02,5.587356966777728973e-03
7.699116346253540577e-01,2.109180663656335178e-02,1.858446567483335310e-01,8.565687462602828220e-03,1.458621452714619661e-02
9.317717343910472128e-01,9.800349002546556582e-03,5.095373479488606722e-02,2.274607630841956035e-03,5.199574180677990140e-03
9.284803958158055481e-01,1.028354385028529099e-02,5.374077540820236532e-02,2.191156102774415807e-03,5.304128822932331622e-03
8.487739850317509438e-01,1.658785617382281530e-02,1.258733881267745380e-01,3.610446616483168128e-03,5.154324051168606736e-03
8.536644271193258859e-01,1.286146079702438043e-02,1.135061850093172647e-01,4.781311660192608809e-03,1.518661541413991907e-02
8.995698735668429258e-01,9.705657956701474465e-03,8.093668037580317720e-02,4.564612161054252409e-03,5.223175939598245603e-03
9.940045136519983782e-01,1.577633069954224648e-03,3.632419714983962239e-03,3.474272062046051819e-04,4.380063568589202426e-04
9.947764251046864459e-01,2.489859037461721741e-03,2.031689856599993779e-03,1.406953922302298294e-04,5.613306090216212954e-04
9.941482317471019847e-01,2.025601757775536901e-03,3.169993049496719513e-03,1.537877549515657364e-04,5.023856906742581781e-04
9.906572664523441984e-01,3.010173607407724480e-03,5.607217706488362013e-03,1.938653620301202798e-04,5.314768717296009578e-04
9.925567519999846100e-01,2.606380285766130532e-03,4.206639033211384895e-03,1.509642088835300340e-04,4.792644721542105020e-04
9.934917271172697406e-01,2.958500730590542249e-03,2.816096193592281232e-03,8.855816559903527266e-05,6.451177929482877164e-04
9.961623095296932018e-01,1.831240388593222959e-03,1.434314051251849888e-03,6.390208761775780183e-05,5.082339428441085298e-04
9.933738414616608559e-01,2.086877147329720909e-03,3.404076794078067861e-03,3.250584000938937018e-04,8.101461968374982104e-04
9.900171984104404466e-01,3.119765761079304651e-03,5.344157712875708538e-03,5.611619009870613423e-04,9.577162146173559543e-04
9.861761730886178245e-01,3.352752176963140398e-03,7.843813266342994361e-03,8.952737701647256463e-04,1.731987697911481147e-03
9.925370735404125400e-01,2.192024741950626254e-03,3.857721721029798954e-03,4.801397115313838122e-04,9.330402850757797120e-04
9.853954351830873648e-01,3.310053025994771740e-03,8.666623735365849845e-03,1.073840419933490926e-03,1.554047635618437465e-03
9.822570559977207294e-01,4.026543841686224673e-03,9.301983546404591491e-03,1.122393254916290509e-03,3.292023359271912392e-03
9.768543115959983369e-01,5.743185896585442651e-03,1.270320112081083259e-02,1.108096244967235770e-03,3.591205141638020848e-03
9.001905494218280790e-01,1.245038205000553039e-02,7.819481320824368809e-02,6.276935901401053605e-03,2.887319418521694901e-03
9.042166248004246398e-01,1.295725685369240529e-02,7.178160607979033880e-02,5.312869802962741014e-03,5.731642463129888072e-03
8.909526028472155579e-01,7.049669071229791757e-03,8.518511332063161134e-02,8.033180619431742886e-03,8.779434141491274449e-03
8.800495500110926406e-01,8.966850214132512237e-03,9.411134517543891242e-02,1.288887973345625472e-02,3.983374865879612398e-03
9.462025411279803011e-01,4.022100050601694517e-03,3.800215171319780427e-02,8.745366766360484698e-03,3.027840341859858956e-03
9.335961217459266548e-01,6.431332871743561559e-03,4.775111557459741501e-02,6.444098655733108971e-03,5.777331151999276146e-03
8.975099274809366090e-01,6.065846006981527941e-03,8.419007030422853699e-02,8.012271587752322136e-03,4.221884620100988320e-03
9.965743736660008789e-01,9.369024896978970151e-04,2.042414371361192006e-03,2.515722352213131132e-04,1.947372377185529340e-04
9.975050891266660225e-01,1.432554225205228326e-03,7.030928204958448741e-04,7.447683294906520021e-05,2.847869946839724840e-04
9.993447300186788507e-01,3.175421729349137611e-04,1.357364121938166930e-04,1.964834354819549900e-05,1.823430526443226701e-04
9.979421849668479449e-01,1.074510031597303858e-03,2.354550441262996750e-04,3.324047358598385148e-05,7.146094838423824478e-04
9.978697780398970707e-01,6.245333423133904481e-04,2.038481316281232135e-04,4.115332163038638364e-05,1.260687164530948897e-03
9.860771841771795998e-01,2.350329489063026581e-03,8.043526642919092808e-04,1.012777848417732360e-04,1.066685588462378161e-02
9.966425180841989029e-01,8.012679623598778066e-04,2.373551634460939735e-04,3.957734529381053639e-05,2.279281444701148490e-03
9.838927500574560225e-01,2.980821836288743368e-03,7.855162832510466332e-04,1.037380178944967180e-04,1.223717380510980918e-02
9.754426155371054286e-01,6.373606963255912944e-03,1.948243805569430283e-03,1.533058259068185048e-04,1.608222786816233471e-02
9.886039127493695400e-01,3.395734059621381262e-03,2.163293980875920144e-03,2.202654260984653826e-04,5.616793784034593458e-03
9.883633567029772582e-01,3.828404289408867192e-03,2.132374351056912087e-03,1.603558835455428462e-04,5.515508773011522543e-03
9.896686184916935192e-01,2.261244448602904317e-03,1.552516214922498514e-03,1.798665790978335854e-04,6.337754265683278460e-03
9.968038915232828590e-01,1.702623461584333153e-03,6.719406716534209170e-04,6.271258602324684798e-05,7.588317574562050303e-04
9.977494458517768283e-01,1.368672171913916727e-03,4.475669361339887310e-04,3.638864786502555448e-05,3.979263923099608823e-04
9.964678194803915368e-01,2.245495282532351811e-03,7.663169665935366153e-04,4.866771823447413325e-05,4.717005522480050028e-04
9.856920516149992872e-01,1.027940348681850510e-02,2.392659607275287887e-03,1.197572339191015761e-04,1.516128056987870202e-03
9.960258247494375716e-01,2.649284595203217890e-03,4.423264986708102045e-04,3.420040139968285854e-05,8.483637552887462411e-04
9.961428045347571203e-01,2.450001661575499506e-03,2.952019008711418259e-04,2.477294668687465360e-05,1.087218956109532730e-03
9.962687083244232689e-01,2.469194731699239035e-03,2.547168271277590172e-04,1.917289963907670722e-05,9.882072171106682634e-04
9.918608757466512715e-01,4.300000894511549904e-03,1.048345102578536166e-03,8.406292253447458925e-05,2.706715333724254557e-03
9.928153001447291848e-01,5.019253561408166912e-03,1.062078591720107745e-03,6.448473125971237107e-05,1.038882970882845126e-03
9.731052300089776397e-01,1.614118230176960975e-02,5.730205364003339991e-03,2.317695471371213859e-04,4.791612778112122259e-03
9.976188560252226001e-01,6.631007385751978714e-04,1.918526218260434887e-04,2.354202050583428704e-05,1.502648593870308056e-03
9.913348825069884240e-01,1.650257249584799035e-03,3.797367222844636684e-04,4.816857870622628777e-05,6.586954942435883573e-03
9.873022457077595959e-01,3.721604293603747102e-03,1.442392996240815127e-03,6.815304827356636057e-05,7.465603954122297138e-03
9.826429063536041841e-01,9.753423578029050620e-04,4.861408657204572127e-04,6.397376545928175362e-05,1.583163665741309928e-02
9.982233470998711500e-01,6.051292829048353404e-04,2.355243623829586595e-04,4.761177296375317309e-05,8.883874818772642505e-04
9.991699386932638705e-01,4.153852076694936296e-04,1.160587629045490969e-04,2.138551090785545703e-05,2.772318252542492847e-04
9.927294834462350170e-01,3.139718924964066387e-03,1.047663834814045042e-03,9.301215083732599731e-05,2.990121643149484289e-03
