9.765965362807003114e-01,6.524321130258381798e-03,4.630935085860793388e-03,7.594307690460045702e-04,1.148877673413454398e-02
9.935195882640956988e-01,1.934537421207991508e-03,5.187883929995462705e-04,9.227700018155154873e-05,3.934808921515220610e-03
9.968190344963722138e-01,2.102261211872017560e-03,4.966720579550034037e-04,5.073677428175771791e-05,5.312954595189671361e-04
9.989823824410217767e-01,6.993934511403880443e-04,1.842226383769110650e-04,2.899546485855732380e-05,1.050060046024314228e-04
9.971883897651994122e-01,5.524256065268082130e-04,7.733024748185695707e-04,1.207706334453640794e-03,2.781758190013227869e-04
9.952210448927844011e-01,2.290278159531703578e-03,1.385425009279126971e-03,4.162603070597131619e-04,6.869916313449884104e-04
9.886349661547020329e-01,7.786989959305995121e-03,2.232740303164896384e-03,2.453206087964344777e-04,1.099982974030707002e-03
9.960840150807751536e-01,2.720018312635163679e-03,8.036550295782102313e-04,7.731054627250940866e-05,3.150010307388300215e-04
9.952747230843540516e-01,3.530426321796723953e-03,7.955666410459846793e-04,5.243895003994176454e-05,3.468450027633167331e-04
9.986409964569685771e-01,1.006272582547293069e-03,2.372603606791083672e-04,2.315564068478325268e-05,9.231495912041031500e-05
9.979560177808552979e-01,1.678040000550825228e-03,2.624041568839065178e-04,1.969692334643688607e-05,8.384113836348951524e-05
9.860045056434404431e-01,1.274423822013160887e-02,9.494755872683822246e-04,3.442429623143877370e-05,2.673562529280072665e-04
9.404551136145322676e-01,5.487409290668014000e-02,3.663981122343690482e-03,6.643795489839837774e-05,9.403744015455759841e-04
9.792425148171546301e-01,1.835254298568238587e-02,1.938017465678464968e-03,4.406337438274468283e-05,4.228613571017596912e-04
9.897598433818971531e-01,9.261495783890461020e-03,7.695585631157683638e-04,2.196474112651642440e-05,1.871375299699645138e-04
9.937076582963273452e-01,5.541314244999054339e-03,6.089185998005054463e-04,1.717784513126221897e-05,1.249310137417663786e-04
9.919286910591271766e-01,6.888409025366359038e-03,8.902382737604883555e-04,2.639642612699568842e-05,2.662652156191166498e-04
9.640554767093326705e-01,3.222776219592827368e-02,2.861368583046954017e-03,4.136974320049484902e-05,8.140227684915550804e-04
9.883218740343545639e-01,1.054270079198221972e-02,7.634842301723070331e-04,1.606236232758118316e-05,3.558785811633880403e-04
9.793004765581048154e-01,1.851906105301153599e-02,1.259800189626056333e-03,1.872289120032526253e-05,9.019393080573124459e-04
9.977124306108596796e-01,1.773654554387234629e-03,3.310091315198575063e-04,1.356842935126002454e-05,1.693372738819764599e-04
9.973128821399398491e-01,1.679847905788640645e-03,2.404583702942560673e-04,1.903767829799135657e-05,7.477739056792073822e-04
9.989688338529753020e-01,7.437224341816628913e-04,1.450000514927074241e-04,7.648518442949065160e-06,1.347951429074973045e-04
9.981301772738587763e-01,1.507378379613155336e-03,1.813036577410027039e-04,1.323838230574824417e-05,1.679023064811142429e-04
9.893985505568151373e-01,7.889585116055463157e-03,2.159587516257310044e-03,1.255150582195224175e-04,4.267617526526041433e-04
9.968706002601156468e-01,2.444694936919568698e-03,5.075725966316843498e-04,2.811859975458872620e-05,1.490136065787128815e-04
9.958086545544405643e-01,3.305270887736397756e-03,6.914661365961151255e-04,3.574282946331314983e-05,1.588655917635723119e-04
9.787325900124329570e-01,1.742917281428585027e-02,2.824770396647199779e-03,1.000861221399022269e-04,9.133806544941110205e-04
9.624347814777739485e-01,3.244525484732200399e-02,3.474121360208629137e-03,6.674521315850275613e-05,1.579097101537072596e-03
8.926015106472453553e-01,9.828454719315295185e-02,6.645982679661079952e-03,6.153515597695381875e-05,2.406424323963531672e-03
7.050326942740592351e-01,2.670601974687411562e-01,2.424456248848769202e-02,1.210439233277804032e-04,3.541501845384340506e-03
5.519157710428943542e-01,3.988840691564640162e-01,4.418030955616480265e-02,1.560030685023997606e-04,4.863847175974597009e-03
5.682389234504982012e-01,3.130038871121235133e-01,1.159194788325995235e-01,3.930669144229692775e-04,2.444643690355783206e-03
4.773613174934548398e-01,4.106824195670358835e-01,1.088526542909719896e-01,2.941070849782860129e-04,2.809501563558986208e-03
3.903572104000066489e-01,4.594121520779745893e-01,1.446058908264718501e-01,3.488756926655926988e-04,5.275871002881180223e-03
4.461074890485794975e-01,4.181503112255372523e-01,1.313808892695129404e-01,2.724370516353270843e-04,4.088873404734945025e-03
3.456859416671269059e-01,4.635175431846485505e-01,1.866579999192267414e-01,3.635328293530703386e-04,3.774982399644756601e-03
3.570473628523296306e-01,3.248864583367639391e-01,3.146134555810331523e-01,7.629267264987759940e-04,2.689796503374467917e-03
7.968631865024281558e-01,7.998194160514729423e-02,1.147304296620444558e-01,6.712086491268402398e-04,7.753233581253357945e-03
9.526072436506985985e-01,1.621601081433249672e-02,1.762989316057652495e-02,2.976901976917094425e-04,1.324916217670067502e-02
9.540444439447756109e-01,1.695772169195403425e-02,1.925511889909117119e-02,6.121385872301241459e-04,9.130576876948914150e-03
9.497245398457906385e-01,2.368943305130705515e-02,1.335860585285025826e-02,4.420206022640966667e-04,1.278540064778808244e-02
9.790719639032623434e-01,1.056959444456480844e-02,6.727620675444631777e-03,2.663886475070094883e-04,3.364432329221346898e-03
9.791676950573710014e-01,9.226134753659791243e-03,3.944015059189350837e-03,2.043984369672461091e-04,7.457756692812521175e-03
9.709442859146729665e-01,1.380260446323157246e-02,3.874776181969867041e-03,2.167507395172344332e-04,1.116158270060826560e-02
9.735291058957387111e-01,1.528660215783773403e-02,4.229847112951648155e-03,1.404889198027560969e-04,6.813955913669104796e-03
9.103861491783450388e-01,4.716808824443254750e-02,3.356250553879242676e-02,1.287214293047455726e-03,7.596042745382474391e-03
9.186543417501303876e-01,5.027917883839098240e-02,2.288324489533863706e-02,5.553831593854363863e-04,7.627851356754480720e-03
8.568329674359240755e-01,6.360728657022041155e-02,7.325036488893876818e-02,2.796481936029012946e-03,3.512899168887831554e-03
7.118650958552973362e-01,5.568904923127408063e-02,2.138362816950166723e-01,1.649630182580307663e-02,2.113271392608810813e-03
5.444059806216383635e-01,1.057844140155160123e-01,3.240381204239835555e-01,1.578694419590609410e-02,9.984540742956000622e-03
5.363203481428617803e-01,7.485878282917404758e-02,3.599122284069232180e-01,2.123007330192097641e-02,7.678567319119947339e-03
5.600839404670561184e-01,1.034532666314341431e-01,3.117354929446474743e-01,1.209527770074548918e-02,1.263202225611696761e-02
6.068074813133204071e-01,1.291314087315773851e-01,2.227089168545105524e-01,5.018947464662599361e-03,3.633324563592904566e-02
5.144513367380538771e-01,2.110889465992545899e-01,2.475819023672565233e-01,3.003064917409418565e-03,2.387474937802568781e-02
5.508718529777716366e-01,1.979446801132290767e-01,1.888753167639686537e-01,2.245582385708694024e-03,6.006256775932197756e-02
5.491870004756645995e-01,2.159707176801246020e-01,1.890362112146189710e-01,2.191250065436317444e-03,4.361482056415553338e-02
5.508583900670729339e-01,2.140798580966776221e-01,2.041134202694734334e-01,2.027817918994787721e-03,2.892051364778126799e-02
6.427670452475700014e-01,1.914530988761250219e-01,1.481225752889920588e-01,1.535992757055184730e-03,1.612128783025781539e-02
9.176269192561361532e-01,5.065075037265941160e-02,2.299302435223689323e-02,4.725893106791934561e-04,8.256716708288345391e-03
9.455040177736658835e-01,2.770368926852150721e-02,8.122624613966853216e-03,2.063269510708792809e-04,1.846334139277494915e-02
9.553843248155734491e-01,2.616258818902842537e-02,9.103147812981594172e-03,1.896247853058010454e-04,9.160314397110954493e-03
9.623685358457934047e-01,2.463854075825366516e-02,8.284764895921292033e-03,1.769303659280091956e-04,4.531228134103685613e-03
9.688341769018484761e-01,1.444662022525184004e-02,6.363882634748685430e-03,3.364806421324982198e-04,1.001883959601836821e-02
9.559656447319795358e-01,2.437243597585645946e-02,1.191302427122970659e-02,5.208284084378953568e-04,7.228066612496582971e-03
7.764999930192123534e-01,6.258575523369497295e-02,1.443896850796013709e-01,8.484511961415239223e-03,8.040054706076013233e-03
8.754426652326615654e-01,3.515810326552711723e-02,7.611727945677485008e-02,5.477370034182488939e-03,7.804582010853961839e-03
7.825005002803722132e-01,8.801245610340606429e-02,1.135667202645112284e-01,4.785556131424941947e-03,1.113476722028573784e-02
6.324531073039596496e-01,1.121865359322292977e-01,1.882557216329485694e-01,6.896602511482953154e-03,6.020803261937965334e-02
8.688338603969446572e-01,4.610254980326219942e-02,4.990874305525518084e-02,2.635185613024203406e-03,3.251966113151377041e-02
9.858930783089143723e-01,4.388161307382714565e-03,2.583646336865131916e-03,1.488374164244736237e-04,6.986276630413560361e-03
9.575953704297213154e-01,1.491630945367153696e-02,5.853627261200099879e-03,3.270196074858705885e-04,2.130767324792102319e-02
9.057665530351366456e-01,3.906814200293846906e-02,9.575801584554977444e-03,3.179883560299790498e-04,4.527151502133993505e-02
8.491506320493655835e-01,4.404662922984488305e-02,3.106815254822510933e-02,1.177977031322934021e-03,7.455660914124141725e-02
9.357751985604689793e-01,2.945731786914299738e-02,1.007639725753439915e-02,3.199459628998472865e-04,2.437114034995369050e-02
9.549679492246300194e-01,1.733389183908697756e-02,1.135733250043358296e-02,4.462958631997536278e-04,1.589453057264956018e-02
9.929825566110677126e-01,3.429066038249801475e-03,1.505181330442326680e-03,9.161631744523166638e-05,1.991579702795112303e-03
9.918121435980216116e-01,4.381125020531622880e-03,2.147981606029880555e-03,1.623705523074632517e-04,1.496379223109466821e-03
9.901502723387872740e-01,5.671026300810458158e-03,2.805849307542635038e-03,1.651178455447844422e-04,1.207734207314936723e-03
9.830944022897600831e-01,1.146924950051619874e-02,4.295471997998310219e-03,1.477351880447326927e-04,9.931410236806187831e-04
9.932212138593065065e-01,3.997559727984417027e-03,1.110057223873178039e-03,4.639794823419575643e-05,1.624771240601804870e-03
9.883648984545577720e-01,5.485349702594306126e-03,1.977753623636288940e-03,7.897765718721237748e-05,4.093020562024358641e-03
9.938625835127262720e-01,3.064128336439370017e-03,5.570007906726833456e-04,2.780503215947352535e-05,2.488482328002333821e-03
9.942450481020941311e-01,3.531498649194003345e-03,5.231459568506212311e-04,2.387935270026275678e-05,1.676427939160947227e-03
9.892842846455097705e-01,4.540921538791149563e-03,6.239339350571037040e-04,3.124811672983893944e-05,5.519611763912232738e-03
9.587898198467901256e-01,2.937570155733008545e-02,3.409070766595668611e-03,6.079515094688625989e-05,8.364612678337352003e-03
9.597526052131920560e-01,2.765517533441860104e-02,3.236100885801513304e-03,6.395211352541809748e-05,9.292166453062385492e-03
9.602451827519631333e-01,3.041719851232249985e-02,4.248587589770046885e-03,8.553226842428081594e-05,5.003498877520052603e-03
9.714615483589739142e-01,2.240446828844919192e-02,3.468858122755398739e-03,6.481684254166462109e-05,2.600308387279844004e-03
9.548655635379225126e-01,3.719187931582656342e-02,3.982568774631785498e-03,6.337591715911819251e-05,3.896612454460143815e-03
9.303575004603991117e-01,5.176910446358756052e-02,8.742729220587542455e-03,1.483461941477662424e-04,8.982319661278107686e-03
8.748397119964947954e-01,9.158337499676509619e-02,2.878703012728670713e-02,3.342758505822669268e-04,4.455607028871053435e-03
6.713890480269874006e-01,1.949803922551193169e-01,1.293368426262878068e-01,9.336559529508434846e-04,3.360061138654556710e-03
6.481670060756553609e-01,1.683510586162033085e-01,1.794534351445482012e-01,1.244655424071755469e-03,2.783844739521382661e-03
8.954923315341559720e-01,4.879408048556121980e-02,4.029501949934496952e-02,6.994954045317235049e-04,1.471907307640627806e-02
8.040716255803560530e-01,8.277616407094408324e-02,8.671344346072881737e-02,9.329850186243341705e-04,2.550578186934671435e-02
7.425035069196347370e-01,1.243147050243546686e-01,1.132841270280350449e-01,8.153034328543121503e-04,1.908235759512123125e-02
7.354129751742259913e-01,1.140150177224756867e-01,1.116940420190167815e-01,8.516361204644301141e-04,3.802632896381700350e-02
7.797068992177628166e-01,4.987052149286945457e-02,1.511830335361709909e-01,1.135414879272433680e-03,1.810413087392431439e-02
9.426174329635338411e-01,1.351887285856763661e-02,2.510877024727726711e-02,4.709740843578263687e-04,1.828394984626351139e-02
8.291956793694736927e-01,2.163538279601489103e-02,4.988879017776241820e-02,9.021755316176401692e-04,9.837797212513135769e-02
6.564416532406157634e-01,9.852900880033052533e-02,1.684785073981453496e-01,1.177910746182882955e-03,7.537291981472549196e-02
8.248229061868792567e-01,5.866652988414961661e-02,7.589397461486115104e-02,6.954619862524091421e-04,3.992112732785754736e-02
8.964087179924119519e-01,3.744160310111604995e-02,3.652004212364159952e-02,3.842510719657836514e-04,2.924538571086457775e-02
7.216456754256307393e-01,9.451172240290674209e-02,1.615033019968959704e-01,1.141525393055984466e-03,2.119777478151054634e-02
6.362773913389254687e-01,1.081957256824108288e-01,2.385032008871837972e-01,1.544257652661712703e-03,1.547942443881807247e-02
7.262170359098496508e-01,9.879981168364639077e-02,1.500191725030955991e-01,1.078406251922132747e-03,2.388557365148632691e-02
5.767918720420238676e-01,9.898301310788866492e-02,3.085795710965533178e-01,1.710400606307794277e-03,1.393514314722646592e-02
7.419567630673192804e-01,7.764126271844294658e-02,1.748321297149603715e-01,1.042071025486275950e-03,4.527773473791172655e-03
7.456864524247641679e-01,8.825429091851155761e-02,1.394993973968204903e-01,1.437803648097640960e-03,2.512205561180611349e-02
8.306742505301236701e-01,5.852364282851585386e-02,5.042658510092388330e-02,5.424103113226730506e-04,5.983311122911375707e-02
7.767605060715589982e-01,9.327590873508079250e-02,9.413664536892213386e-02,9.297085612267169110e-04,3.489723126321137014e-02
4.945448758023887059e-01,1.277523401142800774e-01,3.614428287268603990e-01,2.360106223669582691e-03,1.389984913280128444e-02
5.224866490629067606e-01,1.567606186121333067e-01,2.638818196830523544e-01,1.771436963304481469e-03,5.509947567860312007e-02
5.447747084857498256e-01,1.644850479380933206e-01,2.628900923502174303e-01,1.538554404200269963e-03,2.631159682173913814e-02
3.726810876759195645e-01,1.195771080647424489e-01,4.765563976350534192e-01,2.477869440647138734e-03,2.870753718363733969e-02
5.467560387375778319e-01,1.179685285324532235e-01,2.751189803748134710e-01,2.171642387168485309e-03,5.798480996798713316e-02
5.389663642348213601e-01,1.012007937257607820e-01,2.185060462604974107e-01,4.109773103864431537e-03,1.372170226750561162e-01
6.034518920469732484e-01,7.922776560042418814e-02,1.507314763848251471e-01,3.009389794636918667e-03,1.635794761731406144e-01
5.345835044380745638e-01,1.292875784744732248e-01,2.124767567517181210e-01,2.623498251904360801e-03,1.210286620838297994e-01
4.625487355436476711e-01,2.146201625384466516e-01,2.402705811269502112e-01,1.561432892489124456e-03,8.099908789846627100e-02
7.038669510396896589e-01,3.425505498838015556e-02,5.258613841896393054e-02,1.142029204546250514e-03,2.081498263484200528e-01
6.567315859423223934e-01,2.606047219717878838e-02,2.501718949593963875e-02,4.677447146904180927e-04,2.917230076498688596e-01
7.150522900893353517e-01,4.415630838268558983e-02,2.940717678646096941e-02,4.232276230536957998e-04,2.109609971184642774e-01
8.261387512642895947e-01,4.277339694999886255e-02,3.991431238600146036e-02,3.643090650270824579e-04,9.080923033468307759e-02
6.711109981844043393e-01,6.827162642413117655e-02,1.038958317242181933e-01,8.675422732352759941e-04,1.558540013940110103e-01
6.504824806375135715e-01,8.011970027138619332e-02,1.425269686015654957e-01,1.036219233022149435e-03,1.258346312565126190e-01
5.689419467424638999e-01,1.068081903111951780e-01,2.053738189073993914e-01,1.284091400657056369e-03,1.175919526382844943e-01
5.729080774751957872e-01,7.505996168925081757e-02,2.084539142582587379e-01,1.454581232318363478e-03,1.421234653449764129e-01
6.260731651294200173e-01,6.942672834251273351e-02,2.194533699352898271e-01,1.877223922606301599e-03,8.316951267017104465e-02
6.073813741125354548e-01,9.094762057141110578e-02,2.024935363074410466e-01,1.659549642616445697e-03,9.751791936599596422e-02
5.563048094277831535e-01,7.906941945700321495e-02,2.764626756879023373e-01,2.360416802415961964e-03,8.580267862489550368e-02
8.140977296884556180e-01,6.221636857357742967e-02,9.772417809936657929e-02,1.120762865002924297e-03,2.484096077359741403e-02
9.056994765558670224e-01,2.591482560924878581e-02,2.422420921889762574e-02,4.859991966784439101e-04,4.367548941930817635e-02
7.260896357984876204e-01,1.186982479723950878e-01,8.399631014992685329e-02,7.956825155062211821e-04,7.042012356368415604e-02
7.957084956288367206e-01,6.610186037860252273e-02,7.501949584802325433e-02,7.700381922815827075e-04,6.240010995225598461e-02
5.623583510199645641e-01,1.068911678682238908e-01,2.671531299746502386e-01,2.523224544577239332e-03,6.107412659258419640e-02
6.369378922556533373e-01,1.399488466110199447e-01,1.329420818248142344e-01,1.253607728163545851e-03,8.891757158034903352e-02
4.492685471029652100e-01,1.992258779959613924e-01,1.897864994208854905e-01,1.328156711691791695e-03,1.603909187684961768e-01
6.288634867748437163e-01,1.065791241828872166e-01,6.856028939492142538e-02,6.979102259360184203e-04,1.952991894214116952e-01
6.500160055199546427e-01,5.245137214459143910e-02,4.713364987398061673e-02,6.377613181211295177e-04,2.497612111433520909e-01
6.127451434836405086e-01,5.148500705631853247e-02,2.515099781990343120e-02,4.028681514500867034e-04,3.102159834886875078e-01
5.044316943961056898e-01,1.387973849222735589e-01,9.341917471831992503e-02,7.354002359751504302e-04,2.626163457273256174e-01
5.766599378612572435e-01,1.016724771547994899e-01,6.835000661097602459e-02,5.525516012179097422e-04,2.527650267717493904e-01
6.242547510090649121e-01,1.543735780047179873e-01,1.001166715369968957e-01,8.162586808704982641e-04,1.204387407683497196e-01
6.238843309676850302e-01,1.525805493815951541e-01,1.507006598555908072e-01,1.443738873478147850e-03,7.139072092165084371e-02
7.001128817049300235e-01,1.243888437451673573e-01,8.436588167624009538e-02,8.532694649602630323e-04,9.027912340870232477e-02
7.973708819272395942e-01,8.726491869274034807e-02,5.852724277663404195e-02,5.746309811405728857e-04,5.626232562224550704e-02
8.391746039225215226e-01,3.046214065928544781e-02,1.838701625106757553e-02,3.351678744467068692e-04,1.116410712926787924e-01
7.815085626031342825e-01,4.363605911308723190e-02,2.282657946787759046e-02,3.949570611900997874e-04,1.516338417547107853e-01
8.850093512823571373e-01,3.087040763179463645e-02,2.156090795268109789e-02,3.308515846459243455e-04,6.222848154852125835e-02
7.328253742789048175e-01,1.238666162412282168e-01,9.696193154311694151e-02,8.643533975722791311e-04,4.548172453917764119e-02
7.194964578158059565e-01,9.222940679103265593e-02,1.515477170689890907e-01,1.530541456755988997e-03,3.519587686741623700e-02
6.823715891693398206e-01,1.300673005328747689e-01,1.272172856907367033e-01,1.120785394103810794e-03,5.922303921294479190e-02
4.928559325246684164e-01,1.881445807233952106e-01,2.570946890730806400e-01,1.675024585789175197e-03,6.022977309306663113e-02
4.434536077883089455e-01,1.903257690897866283e-01,3.243208967279551103e-01,2.130242469812986331e-03,3.976948392413627575e-02
4.758675302399982265e-01,2.362418328189744288e-01,2.480066838940914176e-01,1.311415484661675396e-03,3.857253756227409930e-02
2.594609028735467282e-01,2.192340585129070873e-01,4.910036116641210979e-01,1.650163813638874221e-03,2.865126313578617370e-02
5.551532056127949089e-01,1.439918886611243343e-01,2.024274390508418731e-01,1.452643460819089041e-03,9.697482321441987241e-02
4.074607996282311184e-01,1.981683859708072704e-01,2.614027316402894874e-01,1.197172220288095527e-03,1.317709105403840619e-01
4.995796893413876338e-01,1.824138856402814923e-01,1.708413310075619640e-01,9.685576323864831215e-04,1.461965363783824523e-01
7.606399138712908181e-01,6.211688671841122944e-02,8.795791689016696502e-02,6.977398123442310083e-04,8.858754270778686213e-02
8.896921555885455302e-01,1.941402569106127907e-02,1.588157279266589478e-02,2.331257318766757881e-04,7.477912019585074288e-02
9.457157531544390094e-01,9.682849183704081777e-03,5.661003261484488097e-03,1.800201536222208209e-04,3.876037424675010667e-02
9.139991438125744105e-01,1.523229584139428397e-02,9.555092664989309550e-03,2.295624690714315674e-04,6.098390521197056408e-02
9.906111176299629006e-01,4.486053861224802673e-03,1.500655793640870948e-03,5.227386608981381860e-05,3.349898849081608000e-03
9.989555580214382058e-01,6.336203544678043875e-04,1.723205676851227361e-04,1.313379168401959976e-05,2.253672647248310308e-04
9.991145320844111444e-01,6.199747552044411079e-04,1.298786977482660856e-04,1.174263782889623839e-05,1.238718248073291599e-04
9.982839281049077362e-01,4.597441255662962876e-04,9.935168072717959935e-05,1.610481975733236211e-05,1.140871269041502951e-03
9.987447159905458172e-01,3.992028853905782134e-04,7.177756712341588365e-05,1.100430525286043198e-05,7.732992516872577021e-04
9.990329119791184764e-01,4.138893590632275227e-04,6.609531911263878950e-05,9.146639001304828669e-06,4.779567037043427652e-04
9.976286883089413582e-01,9.361064671182121920e-04,1.072182729207878191e-04,1.268897804922345266e-05,1.315297972970455066e-03
9.987140909027971691e-01,7.718741300313875430e-04,8.290026965104115638e-05,7.608143490580261667e-06,4.235265540298152132e-04
9.962227564404336766e-01,1.614810015965308879e-03,1.511209818390129439e-03,3.047754856415599203e-04,3.464482395693605117e-04
9.986174618045499107e-01,8.271463707823585500e-04,3.364020023441743022e-04,6.332146529553720621e-05,1.556683570280806305e-04
9.993470494597672671e-01,4.527725092011973150e-04,1.271191587525521201e-04,1.766269488771659335e-05,5.539617739129427005e-05
9.983722028971772078e-01,1.230414118983676414e-03,2.977582844862725563e-04,2.842290066628275219e-05,7.120179868642935548e-05
9.947822220444588748e-01,4.057519292252843336e-03,9.954198442603124763e-04,6.542970810532607018e-05,9.940911092278997894e-05
9.880715371622625920e-01,9.036743322573851170e-03,2.548783726154331755e-03,1.142333270428031464e-04,2.287024619663508137e-04
9.992021074158440319e-01,5.949478756065994548e-04,1.384483489533385825e-04,1.180097926237185055e-05,5.269538033363952432e-05
9.988184843416085812e-01,9.474357743579031555e-04,1.272231023162850405e-04,1.027384451878200509e-05,9.658293719849799809e-05
9.971603705853260280e-01,2.423017222978997645e-03,2.120902104346464442e-04,1.230118096107064840e-05,1.922208002991299710e-04
9.933538942059230159e-01,5.982864253908717900e-03,3.483055348093009370e-04,1.219061873672352199e-05,3.027453866223523945e-04
9.901093749352125606e-01,9.081719023524415305e-03,4.920935158835454968e-04,1.262984331300544522e-05,3.041826820664450537e-04
9.843517306998128547e-01,1.466493829476575236e-02,6.805248219182199586e-04,1.169659516464480276e-05,2.911095883387580362e-04
9.796897152147876486e-01,1.909366117947952288e-02,9.039384209841244775e-04,1.435692187742800001e-05,2.983282628713095660e-04
9.734910314933128417e-01,2.479083585326943839e-02,1.344838868608205004e-03,1.919702340543273585e-05,3.540967614041727629e-04
9.515110165994788982e-01,4.590682676402911555e-02,2.102435331470091113e-03,2.265742672702757788e-05,4.570638782948285329e-04
9.425124813150922432e-01,5.278377221824782917e-02,4.245875737367595451e-03,3.553173297727775938e-05,4.223389963149967253e-04
8.915470177977838917e-01,9.819335905985419888e-02,9.544657090261818647e-03,5.834293991634624294e-05,6.566231121837326316e-04
8.456854854987333470e-01,1.406591043254335760e-01,1.281300689757108521e-02,5.447755416131191145e-05,7.879257241006791318e-04
8.767639388722578975e-01,1.117388411175927188e-01,1.051694719383617846e-02,5.344731255478812041e-05,9.268255037584320405e-04
8.576607173425391251e-01,1.183411486701354265e-01,2.313692426143744083e-02,9.322329503891179780e-05,7.679864308490018908e-04
8.570563764458846157e-01,1.212141751216878199e-01,2.060611258268884791e-02,7.768501264519206211e-05,1.045650837093548523e-03
7.301103122709430293e-01,2.288576588569906645e-01,3.882608313954338114e-02,1.159043226971496348e-04,2.090041409825836843e-03
7.858577960902448645e-01,1.802227240590852653e-01,3.143903311990776939e-02,1.182440374917521767e-04,2.362202693270362436e-03
7.936492211746402070e-01,1.687235232295242748e-01,3.565870164322253871e-02,1.475268858892109843e-04,1.821027066723711211e-03
6.394963324434250751e-01,2.982751045815301150e-01,5.870206298369692877e-02,1.379540826750157059e-04,3.388545908672852859e-03
7.193344144738829105e-01,2.363335538436474315e-01,4.089077613924241295e-02,9.754362243452762327e-05,3.343711920792867380e-03
7.928366539928076717e-01,1.738812025677548834e-01,3.094327718419132359e-02,9.594525479327792425e-05,2.242921000452826295e-03
7.076632686693202778e-01,2.534669515161825926e-01,3.556925103361578688e-02,1.092050266518558208e-04,3.191323754229518066e-03
8.312240126996960354e-01,1.418673528316384269e-01,2.496077428555559460e-02,9.636615569329218061e-05,1.851494027416624062e-03
5.085265760514764422e-01,4.172023312130973549e-01,7.149688992665712006e-02,1.266517715163118602e-04,2.647551037252848967e-03
7.267256043670324850e-01,2.300624813079077957e-01,4.113285343681923750e-02,1.261802002476972639e-04,1.952880687992822372e-03
6.671301415138097823e-01,2.874390132046352186e-01,4.292149675471271936e-02,1.561671859877953119e-04,2.353181340854432115e-03
7.095437813328743237e-01,2.392040347982692938e-01,4.899304731020488746e-02,1.790171968794886613e-04,2.080119361771993070e-03
5.577257935466745087e-01,3.771242519401252768e-01,6.215468987755283503e-02,1.735312370887700194e-04,2.821733398558627388e-03
6.890872961376544037e-01,2.648435524465824198e-01,4.356094219689309044e-02,1.327648401531054837e-04,2.375444378717036890e-03
8.924002466176995663e-01,9.168408175854700359e-02,1.419457608989788990e-02,5.289192212705167025e-05,1.668203611728324293e-03
8.244809590699846424e-01,1.503629183595369956e-01,2.223414615573559086e-02,7.882889840080402506e-05,2.843147516342106954e-03
5.458459410766030029e-01,3.779237577882653132e-01,7.202656130082385477e-02,1.330553849855967662e-04,4.070684449322127876e-03
4.428231255120801402e-01,4.130521784226341975e-01,1.406234952759774504e-01,2.009785864054597663e-04,3.300222202902858802e-03
4.383115965672988446e-01,4.101437748309564313e-01,1.478334518049149726e-01,2.682378784496487431e-04,3.442938918380095050e-03
3.466353807602262083e-01,5.178692339939131584e-01,1.306246042383107930e-01,1.720775810472780810e-04,4.698703426502538402e-03
3.327811477977595800e-01,5.249201928156741470e-01,1.369827066967025941e-01,1.620164333018588997e-04,5.153936256561778353e-03
4.891378054078057702e-01,3.906557653334232771e-01,1.152287186840661448e-01,1.890041339335786052e-04,4.788706440771429117e-03
4.029956380547364825e-01,4.266095299071688274e-01,1.661342526721860391e-01,2.265422734282574802e-04,4.034037092480373052e-03
6.012889174916987711e-01,2.773083585585781607e-01,1.178857557769623088e-01,2.363902046000406637e-04,3.280577968160685535e-03
4.017544648346548786e-01,4.580404622967350070e-01,1.364498897418145729e-01,2.581544531929659244e-04,3.497028673602549723e-03
6.979445219968739567e-01,2.220843653929890638e-01,7.730691879705395286e-02,2.103367014471773202e-04,2.453857111635896968e-03
6.415939911109188598e-01,2.495006927707286715e-01,1.067657265732442073e-01,3.029526369524119796e-04,1.836636908155832434e-03
8.679582317014513659e-01,8.310158554966266820e-02,4.770167234684259683e-02,2.295076733412448997e-04,1.009002728702203342e-03
9.439151792238564820e-01,4.043056797392862584e-02,1.489495432933995479e-02,1.032258840656183482e-04,6.560725888092785183e-04
5.899370412988876877e-01,3.422592102029607952e-01,6.592009789006109122e-02,2.090431920100199281e-04,1.674607416080524467e-03
3.647184131429160869e-01,4.973198289425677099e-01,1.359451399985941722e-01,2.461752343491218210e-04,1.770442681572816958e-03
2.410995081673679707e-01,6.047868818248467448e-01,1.510160335848687863e-01,2.336003775205483643e-04,2.863976045396200969e-03
1.836455603662235647e-01,6.039396770988429974e-01,2.094752537565169326e-01,2.711542714436100611e-04,2.668354506972838661e-03
7.222368783202415266e-02,6.352918363730110096e-01,2.906025098843555976e-01,1.984662207159175820e-04,1.683499689893176634e-03
5.806612042144754932e-02,6.032507663168813483e-01,3.354830485672554707e-01,2.687785936949445048e-04,2.931286100720677419e-03
1.599233872331645989e-01,5.076797084721920150e-01,3.294031551163750793e-01,3.509007882502196180e-04,2.642848390018007632e-03
2.333810306784662447e-01,4.331931371982970513e-01,3.305708118352277958e-01,3.999455175128697635e-04,2.455074770495925107e-03
2.327900900422424368e-01,4.186363454143531282e-01,3.458952305967493701e-01,4.545454043674340065e-04,2.223788542287664840e-03
2.141458321852631186e-01,3.859894037051805893e-01,3.959320377521532430e-01,6.310971256602330385e-04,3.301629231742757298e-03
2.445331580110855496e-01,3.930096977965115146e-01,3.597577293858591485e-01,5.570757603727827245e-04,2.142339046171167632e-03
2.440552997657803869e-01,3.420375152991466106e-01,4.112831563188127371e-01,6.349998763012929459e-04,1.989028739958892660e-03
2.758606448066543981e-01,4.384525386351288412e-01,2.823375342302668622e-01,4.243667385600245214e-04,2.924915589389878202e-03
5.761857572832354002e-01,2.509829473369657449e-01,1.692941656962945185e-01,4.587132480979209210e-04,3.078416435406283562e-03
6.510746119934066600e-01,2.244033355120874096e-01,1.215773562504247757e-01,2.994114708930131915e-04,2.645284773188175727e-03
6.758815676026026509e-01,2.374045613634479801e-01,8.405096669832512468e-02,1.981566040511034666e-04,2.464747731573227983e-03
4.552089693571000351e-01,3.834675238986341439e-01,1.575656787058633546e-01,2.205468064555305687e-04,3.537281231946856879e-03
2.606480288255365596e-01,4.922421078779238846e-01,2.398327423676400172e-01,3.750381649757758887e-04,6.902082763923784829e-03
4.901775277681045262e-01,3.430170294375136653e-01,1.586856454975924813e-01,4.196335298485569416e-04,7.700163766940749943e-03
5.160957913393303675e-01,3.456488245714221530e-01,1.257819052379192948e-01,3.237473103368527214e-04,1.214973154099133722e-02
6.691197051653730021e-01,2.506756771326053013e-01,7.460512101864469336e-02,2.308029468337029167e-04,5.368693736543283732e-03
9.395960721316513053e-01,4.511846765514350432e-02,1.418795022049063222e-02,1.014574176656339046e-04,9.960525750490004798e-04
9.753321637338340233e-01,1.860839634236409815e-02,5.527511694898261906e-03,5.508462617266286418e-05,4.768436027309499634e-04
9.436936355697302936e-01,4.826623666861774853e-02,7.363233627246005414e-03,5.672105401353756069e-05,6.201730803925523290e-04
7.671428886429567662e-01,1.943597005245078224e-01,3.720709289203096015e-02,1.824384430268850517e-04,1.107879497477407557e-03
5.365880830549591973e-01,3.661056025409041292e-01,9.540424201842549745e-02,2.609144482831386941e-04,1.641157937428012461e-03
4.906858118926892831e-01,3.881316341309632989e-01,1.188941703746039386e-01,3.207635477076766894e-04,1.967620054035792120e-03
5.348789625483495458e-01,3.353160386893089262e-01,1.272742931423097301e-01,3.152478188971670351e-04,2.215457801134662619e-03
4.789616343839954715e-01,3.281930938921713836e-01,1.904247273855772804e-01,4.798540624396354834e-04,1.940690275816313922e-03
2.522438198697175560e-01,4.362519696456257923e-01,3.089458053491356271e-01,5.447254497127369116e-04,2.013679685808309004e-03
2.013306083868413865e-01,4.652744844859932338e-01,3.291816513401221722e-01,5.510470720666624635e-04,3.662208714976660905e-03
2.771565096027500119e-01,4.564971241654876000e-01,2.602389518584606876e-01,5.696131101306649595e-04,5.537801263171008605e-03
2.939745061026726169e-01,3.711280456911820180e-01,3.309664110500608603e-01,7.453750579974420792e-04,3.185662098086981808e-03
2.768169067844410414e-01,3.273071010415906645e-01,3.928290706830618317e-01,7.814565583363380268e-04,2.265464932570235897e-03
2.132024173306804882e-01,3.659813363381455575e-01,4.188567961290646791e-01,6.033456742643746170e-04,1.356104527844936717e-03
1.291316327769059524e-01,4.180637778422994222e-01,4.515921641094913785e-01,4.886402866811971569e-04,7.237849846218900917e-04
2.176041884418347949e-01,3.721004565892032656e-01,4.086722928565681978e-01,5.307470811722861566e-04,1.092315031221334932e-03
1.780215876916379503e-01,2.148834742669681885e-01,6.049151935158366689e-01,1.438552524213181170e-03,7.411920013439422111e-04
3.260806726178797632e-01,2.615538429715915658e-01,4.100330019655974989e-01,9.678449752087818232e-04,1.364637469722341243e-03
4.023940383667433673e-01,2.981228426540769028e-01,2.974394813010478589e-01,7.185599811090670518e-04,1.325077697022873906e-03
5.103939065924458784e-01,2.890746058764167015e-01,1.990037143901819405e-01,4.016338585993382555e-04,1.126139282356166836e-03
4.655759114299851120e-01,3.101460566630969140e-01,2.232025386763762387e-01,4.153611507645313351e-04,6.601320797772783312e-04
3.807953403904947853e-01,3.068828123944963293e-01,3.110297165302166045e-01,4.610931862823477133e-04,8.310374985099719825e-04
1.801255407216682813e-01,4.779306124277868384e-01,3.409084483626940165e-01,3.700360676141405971e-04,6.653624202367684152e-04
1.191913180471834977e-01,3.956824623213696657e-01,4.838640114207233278e-01,6.677467296145053006e-04,5.944614811088995854e-04
4.085164687584165732e-01,3.361879689238806979e-01,2.534807924082430053e-01,4.811046473947619786e-04,1.333665262064972091e-03
4.734497889360868017e-01,2.743256821040668259e-01,2.501653786500115384e-01,5.997361414840375040e-04,1.459414168350821588e-03
7.563503646734098806e-01,1.191343018819196881e-01,1.230363295327038531e-01,5.241900199679779080e-04,9.548138919986066996e-04
8.846313806764248833e-01,6.245566007016736115e-02,5.185211208950230716e-02,3.419020276110475566e-04,7.189451362943615614e-04
8.492756506182110865e-01,1.042420099431367181e-01,4.550881575349798036e-02,2.802228899433424365e-04,6.933007952110252763e-04
3.827123273689049254e-01,4.311022222012981797e-01,1.850130917267846509e-01,3.544758950610347667e-04,8.178828079511776686e-04
9.582519759914738255e-01,2.955777013431501107e-02,1.141776515921725729e-02,8.453710956803283598e-05,6.879516054258454300e-04
9.922129147578506725e-01,5.544469006545729890e-03,1.944814238440213108e-03,4.569373768997668142e-05,2.521082594734315842e-04
9.953887681224362627e-01,3.249698168215437756e-03,1.166578341764283903e-03,4.966300686327072990e-05,1.452923607207103995e-04
9.935297708192684096e-01,4.548830472116610797e-03,1.546059450587659867e-03,6.090864648562359992e-05,3.144306115417083150e-04
9.918207471532187736e-01,6.439882473817366490e-03,1.412740492129322322e-03,4.150297453446829730e-05,2.851269063000231143e-04
9.967550859890492720e-01,2.540935665881046725e-03,4.696139844373527260e-04,2.109429435209682311e-05,2.132700662801703131e-04
9.905836971513530820e-01,7.802025422436189954e-03,9.701919222940512660e-04,3.049105296081885958e-05,6.135944509557690043e-04
9.964135887744113296e-01,2.722749978775733642e-03,3.548231648659872775e-04,1.540712815155506534e-05,4.934309537953603976e-04
9.954447014368322799e-01,2.564167092471095026e-03,3.603614216084781788e-04,2.850035272888785777e-05,1.602269696359188544e-03
9.974745266788269671e-01,1.680681742981824777e-03,2.643949332693771334e-04,2.144231733169437470e-05,5.589543275901769515e-04
9.979476906578805817e-01,1.468410348773736092e-03,2.035290045973423456e-04,1.483692666496784307e-05,3.655330620832988138e-04
9.989891127056016451e-01,7.699421364821660858e-04,8.624731182415462140e-05,5.393307402244518987e-06,1.493045386896286358e-04
9.911966350607588350e-01,6.967960434622191140e-03,1.224543429312023894e-03,5.512019710182578083e-05,5.557408782050814525e-04
9.976349549777028258e-01,1.805818792648670491e-03,3.375431137181216065e-04,2.325618227264678023e-05,1.984269336576927176e-04
9.993118698863684424e-01,5.058918153050238637e-04,6.327076390870220034e-05,5.778558670738315669e-06,1.131889757472424727e-04
9.988709595934897045e-01,7.167809310943533971e-04,1.554232093766308258e-04,1.936996540422264887e-05,2.374663006350241515e-04
9.991859730378970239e-01,5.998691390652818043e-04,1.012349574332605759e-04,9.077721806408490149e-06,1.038451437978535948e-04
9.989811476268974921e-01,7.577623847067487027e-04,1.390278637115084648e-04,1.969495717006789791e-05,1.023671675140467463e-04
9.992780243118881689e-01,5.180712675419607473e-04,1.056483803389504135e-04,1.667526526941968994e-05,8.158077496153571368e-05
9.985651277244409485e-01,1.038135389162458261e-03,2.065099921890427423e-04,2.455517406244324568e-05,1.656717201449630240e-04
9.995788063950156177e-01,2.880430157028923623e-04,5.373359015846285869e-05,8.606099157166249568e-06,7.081089996568454379e-05
9.980129882661373797e-01,1.436167534762224866e-03,2.426907737042527879e-04,3.376887634912274441e-05,2.743845490470235246e-04
9.771655331624528040e-01,1.895815843331482425e-02,2.630447542320077034e-03,1.136471233327669776e-04,1.132213738579795383e-03
9.447501867983137958e-01,3.891238054425729537e-02,1.430282538025438172e-02,2.654985375034981158e-04,1.769108739670934667e-03
8.118433270225706710e-01,1.334599987361615170e-01,5.050182803391196906e-02,2.990283387554314859e-04,3.895817868600392336e-03
7.075717736849408412e-01,1.628111394341008322e-01,1.241974374625943456e-01,6.276888071952709631e-04,4.791960611168512990e-03
7.964110555046663986e-01,1.241135322394591595e-01,7.510627952214002367e-02,4.824788791231453180e-04,3.886653854611406278e-03
9.128799766960784545e-01,5.412076150164347316e-02,2.897461284682213006e-02,2.345701075677681952e-04,3.790078847888185120e-03
9.890050844397817453e-01,6.156597733684512214e-03,3.675182479727932220e-03,5.814825497775943269e-05,1.104987091828195855e-03
9.941658168433482601e-01,3.097453469172263985e-03,1.474423028505221717e-03,3.784408786726281489e-05,1.224462571106980664e-03
9.955506969713474597e-01,1.977924090971397344e-03,6.727474429366706466e-04,2.536075820329942152e-05,1.773270736541201912e-03
9.966775176561948335e-01,1.420340726215081964e-03,5.884699806810907976e-04,2.152846444746862786e-05,1.292143172461471257e-03
9.865690551326879998e-01,4.120841512889542556e-03,1.294433857842287438e-03,4.646079515379223545e-05,7.969208701426332142e-03
9.804383440192701027e-01,6.918156777181858758e-03,2.718967137841076312e-03,6.406256660844038059e-05,9.860469499098583820e-03
9.725165769412303929e-01,7.681346470223216621e-03,4.350916379718883752e-03,1.729908218453776226e-04,1.527816938698208296e-02
9.901154750675549288e-01,2.419705295176016735e-03,1.753900832392655748e-03,1.294319809167558363e-04,5.581486823959511817e-03
9.587984197586130186e-01,4.293163234366413443e-03,1.609351070154308545e-03,1.359939480282498130e-04,3.516307198883801555e-02
9.865886063327203859e-01,2.611144764990401025e-03,7.050532807683032198e-04,4.541380844584320232e-05,1.004978181307521201e-02
9.546875057608124049e-01,7.251742782524642564e-03,9.878274036035309541e-04,4.649460149688277758e-05,3.702642945156262022e-02
9.697954537968306310e-01,5.587231219273590399e-03,1.011908757826983623e-03,4.285659330010698495e-05,2.356254963276860695e-02
9.744599096200239341e-01,5.763526120561394787e-03,1.104471410377451304e-03,4.778829806605973943e-05,1.862430455097097842e-02
9.579870583710006215e-01,2.201140591901617344e-02,6.123608454467546064e-03,1.035974304181267494e-04,1.377432982509748001e-02
9.416476282614514304e-01,3.344036104651446767e-02,7.766636206058690449e-03,1.040695978078338166e-04,1.704130488816751540e-02
9.404593518631740867e-01,3.587716491069339181e-02,1.185998473100533662e-02,1.854438504492533172e-04,1.161805464467783981e-02
8.983300327756281733e-01,6.436278602063154330e-02,1.267965346857971576e-02,1.474971412937577954e-04,2.448003059386688954e-02
8.868021395992404798e-01,7.974011706639135000e-02,2.189317447096910535e-02,2.205924118554796300e-04,1.134397645154353561e-02
9.133569092544872037e-01,5.457529655833591453e-02,1.691814377922491730e-02,1.747172269471453901e-04,1.497493318100471052e-02
9.608711308255817318e-01,1.563341352392470449e-02,3.782336192403241634e-03,1.005015111379324816e-04,1.961261794695226546e-02
9.289438563158185502e-01,2.167844699069099157e-02,4.552301574425437689e-03,1.449514359180658740e-04,4.468044368314686571e-02
9.115946712481426406e-01,3.184560675603710644e-02,8.696048334111285139e-03,1.730337384336150990e-04,4.769063992327538665e-02
7.901851091024784113e-01,9.077309087890980677e-02,4.097088654511669287e-02,4.908996764546590423e-04,7.758001379704032585e-02
8.182657467751690561e-01,7.889506059530235205e-02,3.030987107770676328e-02,3.503299537664939780e-04,7.217899159805532538e-02
7.904783193077877801e-01,1.047833891961753305e-01,3.415708963228207551e-02,3.168635148341224553e-04,7.026433834892079067e-02
7.411678384085969018e-01,1.546068366407836181e-01,5.686419430093560268e-02,3.355126243968317603e-04,4.702561802528712476e-02
7.309621120540436001e-01,1.607664176122470256e-01,3.735516448190143168e-02,1.776394600462610936e-04,7.073866639176164262e-02
7.765992389117726269e-01,1.363200916672165086e-01,4.516286739916484938e-02,3.544576141715505019e-04,4.156334440767443794e-02
7.336906989370873822e-01,1.559289547506199358e-01,6.831639949032920767e-02,4.002967534354945670e-04,4.166365006852786740e-02
8.350873757151103804e-01,7.873976380908120909e-02,5.949943201095118928e-02,5.601471488338385799e-04,2.611328131602335192e-02
7.253338517368983496e-01,1.318588640074000728e-01,1.197683023629300403e-01,7.048409042091998995e-04,2.233414098856239746e-02
5.246899794581949550e-01,2.806670080602293171e-01,1.745702951502381972e-01,6.965546092847839203e-04,1.937616272205273590e-02
5.891328403163870187e-01,2.276752769893509998e-01,1.357088120872407544e-01,5.314472991497352526e-04,4.695162330787157334e-02
5.213767678913728831e-01,2.746556210125566944e-01,1.668960321671535407e-01,6.844786557754332793e-04,3.638710027314145945e-02
7.162569498913228250e-01,1.335198116694106263e-01,6.793180195326424531e-02,4.545976329725963730e-04,8.183683885302962813e-02
6.327536699335422066e-01,1.165688521552705609e-01,5.218288469736764856e-02,4.740939715930378787e-04,1.980204992422264498e-01
6.742780766875486886e-01,1.315513864563047919e-01,3.183495057041169085e-02,2.803781975870906417e-04,1.620552080881476620e-01
4.725293236757036608e-01,3.378582095277924413e-01,9.745146426339509893e-02,4.171676071464542864e-04,9.174383492596231704e-02
6.640858070348694131e-01,2.459314032700968267e-01,5.935326066483677387e-02,2.441338861169902786e-04,3.038539514407991374e-02
6.552803479492380623e-01,2.352787582403993993e-01,6.866927795295364734e-02,2.800706254406489177e-04,4.049154523196814986e-02
6.237376193792387724e-01,2.607984126281266413e-01,5.392626781198622821e-02,3.141463758640982112e-04,6.122355380478431558e-02
5.622710170643715477e-01,3.195352727194510356e-01,7.518079218067631742e-02,3.266446853549203970e-04,4.268627335014608254e-02
5.896208160292986111e-01,2.984823010942293520e-01,6.774396549882746865e-02,3.331776095019852715e-04,4.381973976814259458e-02
7.115372004002551432e-01,1.906001525053511447e-01,4.042640506915845533e-02,2.462344738215352987e-04,5.719000755141367964e-02
6.159498894939750002e-01,2.450055467508302220e-01,7.017680359909436727e-02,3.112686150727905668e-04,6.855649154102765042e-02
5.439179624018477544e-01,2.283557041302902713e-01,1.178640138656885245e-01,3.696986293536980183e-04,1.094926209728198374e-01
6.996074735794749477e-01,8.448670746374989382e-02,5.772701212494911471e-02,4.194708833852877922e-04,1.577593359484407154e-01
6.961793452870600474e-01,1.316248309764973534e-01,9.627144775495405371e-02,5.382893235467844798e-04,7.538608665794180319e-02
6.242207056217752292e-01,2.082966573395530208e-01,1.085032672163569467e-01,4.981088837656554198e-04,5.848126093854911361e-02
5.169665779283804108e-01,2.208968649450061272e-01,2.207658505603228294e-01,8.191125729756091114e-04,4.055159399331512843e-02
5.455896718396529010e-01,2.121022783877515305e-01,2.139629200275303400e-01,7.891238443978735358e-04,2.755600590066730610e-02
3.108722162638511421e-01,3.153845256797989660e-01,3.445952787799524408e-01,8.145711368049593330e-04,2.833340813959239410e-02
3.928089706004621595e-01,3.031419836997241157e-01,2.837129391099122988e-01,8.803848213543716749e-04,1.945572176854706500e-02
4.463513583917346206e-01,2.936603979405360554e-01,1.951362769386525975e-01,7.255393729657258831e-04,6.412642735611095990e-02
3.337244819865003986e-01,3.638961957105434908e-01,2.685142829307773926e-01,7.553412698469896738e-04,3.310969810233167776e-02
2.200670264092063344e-01,4.589646582053651391e-01,2.638431919509274803e-01,4.505711449967158937e-04,5.667455228950433327e-02
2.849411212813486860e-01,3.248002480210719356e-01,2.562000925656730543e-01,5.838733826302108798e-04,1.334746647492762173e-01
3.603641270623256232e-01,2.108452690996176493e-01,3.131183522164769917e-01,1.295434564988573543e-03,1.143768170565911402e-01
3.462780803852483769e-01,1.664219637763398596e-01,3.095855380265767343e-01,1.171645197963782541e-03,1.765427726138712183e-01
3.513884905764950162e-01,1.649529099364186735e-01,3.360763355850859835e-01,1.428803952203811000e-03,1.461534599497964770e-01
1.796278062574916123e-01,2.748399980801837228e-01,4.042133764055483303e-01,1.038458318481280543e-03,1.402803609382951566e-01
1.033849174419427669e-01,3.185105880583141702e-01,4.688550691175230600e-01,9.309045387568633170e-04,1.083185208434631203e-01
1.462803040533719179e-01,3.091733625310181810e-01,4.605312033031811469e-01,1.200955457356706621e-03,8.281417465507197317e-02
8.788849413890340023e-02,2.326953563743175968e-01,6.351940995614724361e-01,1.384060774282731138e-03,4.283798915102374205e-02
1.141046944887073172e-01,2.007093025186174051e-01,6.325118349406867457e-01,1.462412139947309123e-03,5.121175591204116945e-02
3.344134184143232602e-01,2.966357657473391862e-01,3.245050898552799268e-01,8.963517989988838575e-04,4.354937418405858962e-02
3.486036612320968509e-01,2.874216427160333209e-01,2.754876967251543851e-01,8.169973418211945839e-04,8.767000198489419138e-02
4.750615234476678883e-01,1.935533202251618345e-01,1.619609866816336119e-01,7.060967665160216861e-04,1.687180728790207418e-01
3.598481641605161263e-01,2.937438182743787318e-01,2.223048284159952481e-01,5.948231347072022819e-04,1.235083660144027234e-01
2.391450555582883275e-01,2.555071692356229440e-01,3.787174178856448359e-01,8.831238734908520042e-04,1.257472334469530995e-01
3.570644844590638578e-01,2.143693605792390267e-01,3.440869547344785895e-01,1.152919671732403721e-03,8.332628055548611801e-02
3.345338235577576258e-01,2.340232708346179080e-01,3.540510402281160651e-01,9.182769391970975774e-04,7.647358844031133807e-02
2.941062312174059223e-01,2.047079756133476924e-01,2.656530904413394456e-01,1.076119708877748982e-03,2.344565830190292188e-01
3.156293995857152312e-01,2.769674994961746628e-01,2.087874057504135739e-01,7.455944883694056021e-04,1.978701006793271155e-01
4.031946313008010763e-01,2.461235965762080813e-01,2.489098537578083026e-01,9.572020617249330952e-04,1.008147163034576743e-01
2.933862646931881257e-01,2.731374897776069899e-01,3.485525922120659148e-01,8.960017884840957257e-04,8.402765152865494802e-02
2.707130545362729235e-01,1.691630648816040416e-01,4.836131857939276468e-01,2.887420616677605165e-03,7.362327417151769138e-02
2.096975645092978568e-01,2.339938897521591232e-01,5.029768174395302660e-01,2.083435309445882348e-03,5.124829298956689455e-02
2.547733040158525752e-01,1.946636422183483928e-01,5.154144323371581127e-01,2.070801856790622977e-03,3.307781957185031152e-02
4.264485139140363201e-01,1.524111891729547363e-01,2.314143860586943824e-01,1.605976074022799453e-03,1.881199347802917921e-01
3.588430088145129759e-01,2.336338302786682419e-01,1.851430710186357798e-01,1.103792921837527244e-03,2.212762969663454593e-01
3.849046436384984671e-01,2.340059263206450135e-01,1.829937586558756102e-01,1.094147016238447827e-03,1.970015243687424644e-01
4.574899272360801739e-01,1.698031515216611997e-01,1.650110167309985776e-01,1.023594208727422999e-03,2.066723103025326080e-01
4.535170825871858158e-01,2.018945880042983532e-01,1.544497808432913899e-01,7.763103325570076471e-04,1.893622382326675679e-01
5.129217494788786968e-01,1.928914632797740225e-01,1.975319364853072024e-01,8.397141211066962629e-04,9.581513663493342048e-02
6.503107215808761055e-01,1.408788810896162702e-01,1.769282379127842530e-01,1.121042428515121002e-03,3.076111698820820084e-02
7.194689009249748413e-01,1.031247144573740199e-01,7.751276137509975628e-02,6.575085806272593873e-04,9.923611466192414077e-02
4.262329322326749992e-01,2.372985946570814464e-01,2.709866175374366359e-01,1.152423185429986979e-03,6.432943238737690028e-02
4.177390297691849219e-01,2.202449607885834382e-01,2.765535927171481334e-01,1.512936881790408368e-03,8.394947984329309554e-02
5.125977936203572893e-01,2.105642381033572541e-01,2.146230387852033350e-01,1.555113468411806416e-03,6.065981602267035699e-02
7.130229099119691494e-01,1.510656615783820267e-01,8.916053342827245931e-02,7.326062652955411900e-04,4.601828881608081151e-02
6.425652184291538171e-01,2.218954501435080051e-01,1.037392564999674999e-01,8.665661507538715549e-04,3.093350877661685955e-02
7.548120563968858665e-01,1.686581441643301427e-01,5.401988145346853926e-02,5.409549423699303115e-04,2.196896304294537403e-02
9.089588173092184586e-01,5.669471109441483192e-02,2.781324296096593027e-02,4.214389023135942298e-04,6.111789733087190195e-03
8.989276927279102880e-01,6.689945603470327795e-02,3.011783036251734769e-02,2.848141470349326108e-04,3.770206727834120568e-03
7.355934842501765658e-01,1.865847633275499462e-01,7.359851955141538671e-02,4.349467403920303111e-04,3.788286130466109788e-03
8.145746894955929740e-01,1.262937244617717003e-01,4.875231978221333806e-02,3.530621670599597400e-04,1.002620409336206844e-02
9.171437296340155809e-01,5.639637254007259098e-02,1.404144975400773050e-02,1.744073169607395413e-04,1.224404075494329135e-02
8.957270274892706885e-01,8.091571047864418165e-02,1.544992626384856203e-02,1.484386985666998515e-04,7.758897069669830511e-03
9.294067878009920625e-01,4.314873715873298460e-02,1.166135495992041277e-02,1.277040293108395585e-04,1.565541605104380299e-02
9.369187666856233498e-01,3.582213251263471898e-02,1.327168317099912918e-02,1.603830833392478554e-04,1.382703454740369896e-02
9.669785549925763446e-01,2.052557577329428701e-02,7.036665124789859109e-03,9.642781773648153253e-05,5.362776291602933294e-03
9.327973010949328625e-01,3.623256743617354197e-02,8.700985799867210282e-03,1.176963412814484744e-04,2.215144932774493550e-02
8.841464276782879939e-01,6.567277457239992233e-02,3.783488335972892691e-02,3.868115521914633785e-04,1.195910283739169168e-02
8.350279014489939700e-01,1.210968947746642876e-01,3.247050628164528663e-02,2.911059583719786178e-04,1.111359153632449949e-02
6.666909830426851480e-01,2.187022717900047319e-01,9.488500031544036539e-02,6.496534994377784963e-04,1.907209135243191633e-02
5.552472770212174558e-01,2.892921844454502400e-01,1.396488671584467933e-01,9.358000786637099642e-04,1.487587129622173175e-02
6.004432149822013232e-01,2.462807646278112883e-01,1.317798766947650690e-01,1.117793808897347497e-03,2.037834988632503466e-02
5.107341525449953235e-01,3.235054279534906319e-01,1.552929096978024059e-01,5.590516512264963106e-04,9.908458152485082049e-03
5.636424816742333643e-01,1.682195567339092590e-01,2.556450888052900217e-01,1.860433579422971937e-03,1.063243920714441494e-02
8.324846537964715187e-01,5.448058019760643189e-02,9.133779069936459605e-02,1.398644957953430225e-03,2.029833034860399274e-02
9.067531678841798115e-01,1.953198308675690303e-02,3.261181408239460094e-02,7.998215927979907469e-04,4.030321335387083287e-02
9.591877393604081314e-01,1.135256533541410123e-02,1.395089786183709331e-02,2.817255357621496824e-04,1.522707190657850672e-02
9.169768304674433823e-01,3.151233191010635593e-02,2.516150026710062965e-02,3.641821104338942923e-04,2.598515524491571207e-02
8.399612222052732502e-01,7.493707286593859207e-02,5.994196746008795956e-02,6.171141552985843094e-04,2.454262331340162362e-02
7.844311017933469632e-01,6.091235663827664765e-02,5.866484773606059355e-02,7.951366854855084149e-04,9.519655714683036840e-02
8.106762093857960982e-01,6.350179666975959425e-02,5.159508736388014605e-02,7.945596982518280142e-04,7.343234688231228824e-02
8.922526893519888702e-01,4.795889960060710500e-02,1.727914694607716323e-02,2.419762105786153923e-04,4.226728789074834375e-02
9.404630850063461223e-01,2.764175788522738736e-02,6.291719357197781207e-03,9.527403886107457852e-05,2.550816371236758889e-02
9.434831384982109714e-01,8.884637197330128716e-03,1.593581990964297330e-03,3.801873975917058123e-05,4.600062357373564670e-02
7.785940576010585978e-01,1.224406108925199660e-01,2.016817114936770433e-02,1.575459139428864153e-04,7.863961444311085014e-02
7.886391208131986463e-01,1.376798704831128373e-01,3.037752594657914737e-02,2.331217898203944230e-04,4.307036096728912578e-02
8.400427654392548238e-01,3.185104835782438110e-02,1.880162634988438719e-02,3.486296848938898510e-04,1.089559301681425479e-01
6.805157369477191631e-01,4.254146270972335858e-02,5.383629871353876051e-02,7.277950617294349795e-04,2.223787065672893637e-01
4.936697040348508869e-01,3.513833642321689821e-02,4.760844172953210274e-02,7.106947492180652965e-04,4.228728230631821350e-01
5.983573618908335501e-01,1.172095821546874778e-01,7.407990738711767165e-02,5.242764558284156553e-04,2.098288721115328659e-01
9.255433193877332654e-01,2.811566356707302650e-02,8.709632381623137742e-03,1.219315679381644560e-04,3.750945309563231272e-02
7.652224781383586416e-01,1.631808021581882817e-01,2.474254488007122943e-02,1.259113205231522984e-04,4.672826350285856634e-02
6.887922967659471096e-01,2.029397040067698887e-01,5.074114416452713688e-02,2.105894792742549258e-04,5.731626558348136558e-02
8.083149699342088157e-01,1.352867736330766457e-01,4.061720907266636038e-02,2.342299333719631029e-04,1.554681742667633759e-02
5.507794094500235715e-01,3.270728484537263614e-01,1.042585753879516630e-01,3.449314936265544351e-04,1.754423521467172661e-02
3.278561801577246637e-01,4.359358615443340579e-01,2.214930171786139712e-01,4.908762255243047509e-04,1.422406489380299496e-02
3.604227513838678676e-01,3.627895125063044235e-01,2.641345624983341134e-01,7.213568735153423443e-04,1.193181673797824756e-02
4.049741073067826269e-01,3.345088098432931756e-01,2.288621384568709227e-01,6.561798620370273795e-04,3.099876453101629847e-02
4.435381294088664994e-01,3.421306735090886009e-01,1.803360879187057841e-01,4.636745046817234068e-04,3.353143465865734280e-02
4.306830262796223496e-01,3.464902206737144885e-01,1.679483457016823222e-01,4.096471422674500076e-04,5.446876020271344820e-02
5.573354467960816017e-01,2.026452169076116694e-01,8.886109678546191826e-02,2.341838170718404748e-04,1.509240556937730404e-01
4.403573130889936182e-01,3.436707447196153953e-01,1.752147748607447708e-01,3.299775360841336429e-04,4.042718979456216138e-02
4.002393435871499094e-01,1.828503957734127217e-01,3.225886509628534404e-01,1.013248840520646369e-03,9.330836083606326714e-02
2.846682784599338656e-01,2.688677507297991820e-01,3.745553615042440665e-01,1.339924829286219705e-03,7.056868447673655953e-02
2.144108135489170286e-01,2.009366400346240811e-01,5.219859486175790764e-01,2.072998450288454902e-03,6.059359934859134822e-02
1.456583337957786384e-01,1.896484131824008601e-01,6.384236716693471037e-01,1.524951763664961213e-03,2.474462958880837074e-02
1.474495495172533366e-01,2.763982567325148909e-01,5.559634225904280802e-01,1.350314907951858474e-03,1.883845625185181713e-02
2.190486194634213013e-01,2.508615159124357175e-01,3.709766176594819775e-01,8.888071837966382040e-04,1.582244397808643399e-01
2.073133635352036874e-01,2.431313944353621914e-01,3.669532172464493591e-01,1.108789557783106160e-03,1.814932352252016379e-01
3.825357649613231881e-01,1.745423756674766569e-01,3.545717385168773994e-01,1.882653518611896457e-03,8.646746733571086807e-02
2.374286216421383766e-01,2.236225754518266773e-01,4.544564116630515072e-01,2.085012831840051505e-03,8.240737841114338658e-02
2.947468711344090608e-01,1.785559072852790641e-01,3.127744837039851400e-01,3.129495202884440084e-03,2.107932426734422382e-01
5.704721169445755580e-01,7.872208377949499458e-02,1.025049476985646357e-01,1.144783735468304442e-03,2.471560678418964208e-01
6.255305997795729267e-01,3.838896361481182462e-02,4.229316274209010684e-02,6.421807425239180103e-04,2.931450931210012323e-01
6.716261488713061167e-01,5.639440720879074220e-02,1.366654781686920672e-01,9.305487389215608834e-04,1.343834170122895355e-01
5.025301453919653882e-01,7.575898305955595935e-02,2.418716832125474281e-01,1.428142550318245701e-03,1.784110457856128706e-01
3.281335642633910199e-01,1.370575776607787510e-01,4.482812421673622594e-01,2.224888460909019237e-03,8.430272744755892833e-02
2.787092013755594899e-01,2.253547271177172018e-01,4.096709042686169644e-01,2.169204884359098202e-03,8.409596235374727780e-02
5.437891756425263790e-01,1.957632673546625957e-01,2.141477880290731106e-01,1.479462292140351805e-03,4.482030668159751874e-02
6.072313978245518218e-01,1.660975576622228667e-01,2.117182807598579630e-01,1.145255223378813681e-03,1.380750852998860641e-02
4.897463044905283613e-01,1.944474132818755641e-01,3.071400373787157023e-01,1.167910910139790441e-03,7.498333938740592459e-03
3.422123016228448833e-01,2.411940428586802354e-01,4.098253830218849814e-01,1.189703421906225305e-03,5.578569074683716912e-03
5.268761078291311906e-01,1.917057009188715133e-01,2.761904073155901362e-01,9.567069237705126510e-04,4.271077012636483733e-03
5.123801710495113904e-01,1.955725402578753214e-01,2.847934033313764823e-01,9.678358921717660499e-04,6.286049469065060381e-03
6.602344233263107709e-01,1.427216148910666060e-01,1.159967511116683225e-01,6.010084735416580237e-04,8.044620219741278888e-02
6.272832053720472922e-01,2.045378187586363306e-01,1.380366920961204058e-01,6.708361053402810527e-04,2.947144766785568179e-02
5.526383712795996939e-01,2.395721346559155362e-01,1.809235974573359940e-01,8.937182928299574908e-04,2.597217831431882298e-02
8.355497252416274057e-01,8.939865344884802278e-02,6.970289910160629154e-02,6.886767659834949935e-04,4.660045441934954590e-03
9.589736472233300058e-01,2.252985051877878092e-02,1.689822704537460515e-02,2.151692779223731843e-04,1.383105934594205553e-03
8.005360391746680904e-01,1.392830394787563653e-01,5.501707608412232525e-02,4.759953915177198274e-04,4.687849870935492137e-03
4.677401928190342284e-01,3.107755635359402135e-01,2.108485604231956634e-01,1.227429517675139884e-03,9.408253704154779726e-03
3.340176553918104418e-01,4.467474516183579936e-01,2.087987511087895376e-01,5.835546048484020667e-04,9.852587276193673291e-03
3.026080435981423067e-01,3.803764844344592055e-01,3.073133308728659974e-01,9.324251974473272237e-04,8.769715897085184758e-03
1.614399482939955777e-01,4.111436105005549235e-01,4.184431829833301641e-01,9.071111533557603239e-04,8.066147068763449002e-03
6.078789215236071047e-02,4.230945444365693531e-01,5.114050368522684575e-01,5.787639372139202288e-04,4.133762621587341521e-03
7.262686821585495611e-02,3.458905794791600763e-01,5.765299000426095111e-01,8.629206852219410218e-04,4.089731577153535996e-03
2.436589727919510340e-01,2.328840760506900032e-01,5.177408669868269753e-01,1.127554407583748666e-03,4.588529762948335630e-03
2.402957364558614417e-01,2.276574374983247051e-01,5.265840368242952207e-01,1.427404898459482332e-03,4.035384323059148376e-03
1.597033842356073152e-01,3.441159879651898290e-01,4.879333536652163961e-01,8.301008994201714355e-04,7.417173234566386275e-03
1.193761076812531741e-01,3.517238495842147650e-01,5.188997420415067952e-01,7.275317859476114739e-04,9.272768907077637637e-03
6.530140294514612254e-02,2.776101009222896598e-01,6.518184598109614258e-01,1.016262894935792988e-03,4.253773426666883871e-03
1.365971455638423648e-01,3.141087056472982031e-01,5.244324660881374278e-01,1.024734867223608698e-03,2.383694783349855212e-02
6.734114871048431372e-02,3.268683396689762155e-01,5.902690321285954944e-01,6.569527015933012857e-04,1.486452679035064547e-02
6.175221206810386360e-02,2.064338094560903836e-01,7.244801573350859725e-01,1.050492120260978351e-03,6.283329020458762980e-03
1.319342039619198770e-01,2.538894585175823781e-01,6.043644317052937476e-01,7.364602607871774224e-04,9.075445554416793417e-03
2.576936463088922435e-01,2.570343021015960572e-01,4.653128976904068459e-01,1.075733715403547758e-03,1.888342018370127787e-02
4.016449519958041336e-01,2.632619825149836168e-01,2.938588333011213916e-01,1.053180164529050238e-03,4.018105202356182792e-02
3.691950034401330072e-01,3.170291462006668004e-01,2.606269114888925542e-01,7.084680901885474606e-04,5.244047078011910418e-02
2.561005245626957749e-01,3.153598450714944490e-01,2.676654318533449040e-01,7.192598379289928808e-04,1.601549386745358960e-01
5.489449221533171386e-01,1.102760294770288446e-01,1.565809640024236060e-01,9.783861584100055249e-04,1.832196982088203641e-01
6.493519521864183908e-01,1.131542783593742912e-01,7.090619747487554581e-02,5.195888835343870100e-04,1.660679830957975667e-01
4.587267404114196423e-01,1.671778332088388330e-01,1.775195310605687249e-01,8.348299571823267120e-04,1.957410653619904850e-01
3.336412371384100961e-01,2.139223023538948665e-01,2.902388476046395271e-01,1.144586304055964388e-03,1.610530265989996435e-01
1.850799651214671271e-01,2.993024849946857580e-01,4.263521450958709380e-01,9.526577470058460520e-04,8.831274704097027972e-02
1.426880737465144877e-01,2.724470393205378760e-01,5.373270905817114640e-01,7.690330636396949891e-04,4.676876328759637519e-02
2.925866753895342010e-01,2.426317567890230731e-01,3.005480409010432008e-01,7.881210032865571414e-04,1.634454059171129570e-01
1.672877429236992730e-01,3.284533715514995622e-01,3.958234022672132979e-01,7.140000498145593864e-04,1.077214832077732359e-01
9.923462567662159894e-02,2.996220876843199155e-01,5.617889331758868510e-01,6.498969065906300005e-04,3.870445655658114048e-02
1.228096718275722837e-01,3.023070657430546593e-01,5.157932759358218044e-01,7.071589335064370216e-04,5.838282756004484902e-02
7.393468528514411664e-02,2.946363273065368826e-01,5.975515646861047081e-01,6.236619311133914309e-04,3.325376079110087951e-02
8.526208242401550619e-02,3.804613466939694155e-01,4.418980061024549988e-01,5.155419680168423597e-04,9.186302281154336280e-02
8.676865393498375822e-02,2.153116151739298267e-01,6.214279430549780603e-01,9.795027924428406640e-04,7.551228504366565286e-02
6.862797070357284923e-02,1.138482964992197505e-01,7.848168779495758862e-01,2.179339849996481376e-03,3.052751499763507043e-02
1.348168355054565060e-01,9.287226295452336022e-02,7.396044869121654042e-01,2.534698527703640927e-03,3.017171610015098593e-02
1.621661058363672026e-01,1.377542659789996460e-01,6.745040404999794736e-01,2.027295812111741709e-03,2.354829187254193351e-02
6.239012085137669583e-01,1.412324320762766983e-01,2.121842788613822195e-01,7.721642640396620847e-04,2.190991628453436979e-02
5.496916949289964993e-01,2.059327308335902329e-01,1.597867860514469718e-01,4.848798631254657029e-04,8.410390832284089790e-02
4.703228574423783948e-01,2.690588472364489614e-01,2.200809649771010568e-01,4.701616966996181629e-04,4.006716864737197570e-02
3.733870114865904255e-01,2.351895881531830823e-01,3.719591456556758935e-01,8.079862773640436374e-04,1.865626842718640446e-02
3.249532438333699313e-01,2.351395436678635487e-01,4.280724428849795871e-01,1.102873645286863748e-03,1.073189596850008740e-02
3.430775227836507790e-01,2.857432367507066751e-01,3.575719359599225933e-01,1.022581783596344333e-03,1.258472272212348211e-02
7.041747589363857029e-01,7.785642020250972684e-02,8.012831098156787679e-02,6.190721193605338516e-04,1.372214377601761737e-01
6.659053720412428934e-01,6.201616094731959850e-02,8.811253434540056162e-02,9.266549193563926182e-04,1.830392777466805510e-01
6.874208772605646667e-01,2.525464040312992015e-02,4.055560518633834904e-02,5.873297960794788544e-04,2.461815473538876420e-01
8.216674909504558810e-01,4.486174183790252179e-02,3.316541658301422335e-02,5.444294502303212609e-04,9.976092117839707729e-02
9.538432199883160045e-01,1.793301238266426997e-02,1.474586810117258992e-02,5.181353744588389080e-04,1.295976415338838741e-02
9.070054502910718242e-01,5.643185425456678783e-02,2.128351753137961572e-02,3.699122912109657334e-04,1.490926563177067711e-02
9.580945524788401224e-01,1.258446006242629374e-02,7.880442919350610920e-03,2.720002803942949657e-04,2.116854425898862663e-02
8.731458123810951211e-01,5.518766657769311190e-02,5.334859983888561030e-02,7.657172418006953120e-04,1.755220396052530052e-02
7.327696573707064287e-01,1.176890474714937657e-01,1.289251563010871959e-01,1.109618778884284042e-03,1.950652007782823980e-02
8.450388425613970522e-01,8.363021597014218267e-02,6.007307138521106316e-02,6.305806266161663410e-04,1.062728945663347392e-02
8.378515921213702811e-01,9.891411246026443616e-02,4.951941116115918945e-02,5.573032341977243514e-04,1.315758102300835716e-02
8.677811858129913514e-01,7.208180652798769350e-02,4.821698823675574924e-02,5.358873389962500984e-04,1.138413208326896284e-02
8.597372064756561016e-01,8.462623836677470035e-02,3.742706766445901001e-02,4.117013929175586721e-04,1.779778610019257246e-02
9.843391702597116266e-01,9.963266864357007979e-03,4.029972990807813987e-03,7.343302305005554352e-05,1.594156862073433691e-03
8.908098197745671909e-01,8.686172844951335625e-02,1.807155361519291112e-02,2.070890328516714247e-04,4.049809127875040986e-03
7.190171058356156220e-01,1.395684768833181932e-01,8.848873118374389612e-02,1.010982259442928409e-03,5.191470383787950837e-02
5.320655770034801169e-01,2.097276499427463414e-01,1.596754654260118256e-01,1.091241986583408458e-03,9.744006564117829727e-02
4.043889524077480813e-01,2.543076597916725246e-01,2.638223879158256291e-01,1.712943500492864358e-03,7.576805638426087341e-02
2.692547582875650658e-01,2.742684213387287517e-01,3.714268913311434828e-01,2.332595017867611711e-03,8.271733402469499952e-02
2.172329069279915204e-01,3.029536707287945885e-01,4.109376872764322619e-01,2.004537113409812169e-03,6.687119795337181927e-02
1.927996424091321659e-01,3.706108488095810061e-01,3.754291405980889618e-01,1.251630127934457836e-03,5.990873805526333862e-02
2.205941536041440554e-01,3.193628848771006834e-01,3.939921652664086782e-01,1.540720021647567399e-03,6.451007623069902885e-02
5.444868045410107271e-01,1.187269099861101435e-01,1.714236823166307710e-01,1.766766616220359371e-03,1.635958365400279335e-01
7.711102116216623781e-01,1.077408633760424950e-01,6.210418997965826138e-02,8.943135226789917635e-04,5.815042149995786058e-02
7.280909064666145625e-01,1.841063932292659189e-01,6.878885732405491671e-02,5.069838937974231394e-04,1.850685908626717099e-02
6.832818410850933777e-01,1.900938276343836497e-01,1.083884741429886750e-01,7.796330135612112439e-04,1.745622412397312279e-02
5.499250915845116383e-01,2.286816639416378860e-01,2.030242923497034280e-01,8.563572601111127435e-04,1.751259486403589777e-02
4.352397351569960438e-01,3.383394327982808258e-01,1.802532101409186072e-01,4.718355702180935390e-04,4.569578633358651470e-02
4.311873269559301503e-01,3.943308534519813779e-01,1.494064526781389290e-01,3.325272172485292752e-04,2.474283969670100850e-02
2.918830441676250054e-01,4.534097328659494330e-01,2.370608587194429906e-01,4.127158835705505686e-04,1.723364836341200260e-02
2.465237123506138217e-01,4.451932553375748114e-01,2.962208812409596326e-01,5.323361913938387188e-04,1.152981487945789821e-02
6.291281245190779581e-01,1.718035949349968894e-01,1.124315336968068763e-01,5.701549338236654380e-04,8.606659191529462960e-02
6.880282913711853743e-01,1.486177702427690650e-01,1.194178297357668117e-01,4.429921778296411661e-04,4.349311647244908513e-02
4.662695702121653074e-01,2.194504614883789062e-01,2.622425392550123413e-01,8.941073893050672378e-04,5.114332165513844203e-02
4.088190856916327776e-01,1.868097827479613393e-01,3.315706742310173816e-01,1.028266494283259841e-03,7.177219083510526232e-02
3.611132707972532496e-01,1.882083966001379116e-01,2.334881242468131168e-01,6.597656399355635070e-04,2.165304427158601108e-01
3.318737247527957512e-01,1.936889064724247045e-01,2.594685677182651529e-01,8.275502752117830808e-04,2.141412507813025279e-01
3.310414566972165740e-01,2.566552383658486369e-01,3.299313175773798124e-01,1.087925566583310003e-03,8.128406179297170686e-02
5.935389529325499902e-01,1.908057500238948268e-01,1.686177961755196131e-01,6.634141933561162486e-04,4.637408667467940449e-02
5.942204629667053872e-01,2.120322571574756454e-01,9.383831435706181667e-02,4.086387385041892386e-04,9.950032678025282074e-02
4.912390451613307674e-01,3.059160325051493157e-01,8.290296832127892757e-02,2.464562669085033691e-04,1.196954977453324881e-01
2.725033368538817835e-01,4.228467966852449411e-01,2.321324286607420462e-01,4.712829869479637354e-04,7.204615481318331349e-02
1.428685025031209144e-01,4.165594333260559945e-01,4.146783666101466759e-01,6.925878612615538705e-04,2.520110969941477888e-02
1.246185440238414405e-01,3.205164463338127101e-01,5.246614888124223608e-01,8.958948379947384317e-04,2.930762599192874435e-02
3.607206046422269941e-01,3.055704905913391167e-01,3.105995182440797198e-01,6.403860590240379944e-04,2.246900046333012366e-02
2.025037765666617140e-01,3.521900360397841045e-01,4.354117638595845219e-01,6.422118473938263948e-04,9.252211686575790781e-03
2.432793135368790938e-01,3.565024143319837080e-01,3.878140985078157854e-01,7.055294214906592020e-04,1.169864420183075633e-02
2.430206430215411939e-01,2.824385592750521257e-01,4.625442786283431307e-01,1.112203838955244661e-03,1.088431523610824264e-02
3.068288412346508731e-01,2.392440977068300278e-01,4.294088309710817897e-01,1.232712819789605948e-03,2.328551726764761798e-02
1.424138575217539782e-01,1.895928459040111258e-01,6.220190634047565448e-01,2.698377941699755568e-03,4.327585522777849247e-02
1.515084349576406586e-01,1.978575143457763363e-01,6.149550529673067922e-01,3.090747046027374212e-03,3.258825068324883861e-02
9.456964323232290581e-02,2.147888389829112343e-01,6.719272416965573758e-01,2.266006024943133593e-03,1.644827006326525509e-02
3.581624870344078948e-01,2.189916954875227584e-01,4.138168745572061713e-01,1.864160697003520127e-03,7.164782223859631968e-03
1.929017216554760605e-01,2.762026634915236145e-01,5.151281754796428469e-01,1.688132934971338806e-03,1.407930643838615700e-02
9.406718443822317810e-02,2.631511048184957402e-01,6.271985485990654308e-01,1.727044138300365579e-03,1.385611800591518214e-02
1.194202993949233516e-01,1.785559656670301365e-01,6.770996513930055416e-01,3.095043989994295322e-03,2.182903955504678431e-02
1.581878223890386126e-01,1.639007237995311617e-01,6.207414396107369114e-01,3.460380892849410171e-03,5.370963330784384038e-02
1.549342696551036513e-01,1.275692037383750199e-01,6.003622606381134874e-01,3.367769417907610918e-03,1.137664965505002929e-01
3.181842902565046871e-01,9.861050625947770376e-02,4.136642479767446146e-01,5.395695431262162098e-03,1.641452600760107683e-01
6.609515721358454332e-01,9.126489472129571678e-02,2.005671377019448975e-01,2.402863753952166632e-03,4.481353168696175504e-02
8.395152744953693347e-01,5.774516632869775706e-02,5.748474909332886712e-02,6.228525197818611265e-04,4.463195756282228172e-02
6.762174639104403528e-01,1.087861338144321538e-01,1.102265441010760044e-01,8.495235665562425988e-04,1.039203346074952933e-01
7.002993402112823729e-01,7.649353524509094893e-02,1.215258995297016087e-01,8.425075883455167714e-04,1.008387174255796354e-01
7.947884992032261398e-01,5.983143418947482056e-02,6.547191604896845929e-02,4.711667550436071943e-04,7.943698380328712005e-02
7.953046435575450435e-01,4.600327253162047464e-02,3.019331531397304730e-02,2.657739475760975212e-04,1.282329946492852257e-01
6.112663711996647598e-01,1.437378916598373302e-01,1.012490143067604903e-01,3.834944432046562550e-04,1.433632283905327542e-01
4.912688754950011449e-01,2.213266450453124090e-01,2.048914635005860130e-01,7.416995927671465264e-04,8.177131636633332146e-02
3.256033112744610714e-01,2.212210385678859415e-01,3.340896707148867661e-01,1.069906755082856509e-03,1.180160726876833405e-01
2.789170025587063839e-01,2.745723151352997271e-01,4.049578176445823297e-01,1.088051316840289067e-03,4.046481334457133205e-02
9.272926349231765120e-02,1.478032140890935264e-01,7.409217622754372679e-01,2.263568932857125838e-03,1.628219121029450198e-02
9.904736387628941541e-02,1.566303359407670015e-01,7.295854640044118211e-01,2.065202839639643760e-03,1.267163333889223878e-02
7.294180515118688091e-02,1.954913623716504900e-01,7.213621676060967269e-01,1.306514344121470625e-03,8.898150526944330688e-03
9.919232727934333693e-02,2.343151743810558130e-01,6.165201949045940877e-01,1.607995101099958784e-03,4.836430833390682749e-02
6.510294303854996523e-02,2.026880538620870753e-01,6.990731109365565521e-01,1.893447236712778861e-03,3.124244492609362656e-02
1.961043804525958445e-01,2.147534228758264663e-01,5.774812808945101184e-01,1.612661165057605430e-03,1.004825461201003418e-02
3.734445869323791967e-01,1.466948379617642739e-01,4.707936507453376329e-01,1.736181660599158110e-03,7.330742699919876731e-03
7.981036221760957616e-01,7.232037880254425788e-02,1.241935354927118096e-01,7.632898547909831161e-04,4.619173673857257176e-03
6.603108693440811194e-01,9.927528131714281889e-02,2.295468546854242953e-01,1.016482693455456445e-03,9.850511959896536551e-03
6.637123661977295530e-01,1.426012016023175399e-01,1.605086627577132219e-01,9.695969873638007235e-04,3.220817245487604674e-02
5.077739521731085004e-01,1.236352905625435483e-01,3.376181982958818550e-01,1.737158877831738437e-03,2.923540009063448769e-02
6.899309635618438019e-01,9.182469966522242844e-02,1.542603698604350926e-01,1.301071110318767141e-03,6.268289580217999146e-02
9.075143259847366917e-01,3.634691554808160141e-02,3.478121084395821572e-02,3.036509502036097326e-04,2.105389667301978823e-02
8.406120267775211152e-01,8.341794627552806540e-02,5.034736100122343128e-02,4.105386985400629840e-04,2.521212724718720904e-02
9.254466696840397688e-01,4.373015813785297717e-02,2.106645690657868442e-02,1.939804124671142113e-04,9.562734859061491899e-03
9.655043293873022403e-01,2.338690695730812064e-02,7.787388023188878024e-03,5.631844592146206688e-05,3.265057186279379103e-03
8.974628672666556950e-01,6.447613331209725573e-02,3.246964185055696561e-02,2.251315153369367488e-04,5.366226055352961780e-03
8.678401109572426719e-01,7.046352335518964172e-02,3.730911113979475807e-02,2.415030610992339164e-04,2.414575148667371524e-02
8.588324339336130819e-01,8.306728439650286344e-02,2.494349233028292714e-02,1.709209512809132235e-04,3.298586838832031493e-02
7.392020809725279307e-01,1.254351394086083427e-01,5.619332874852514537e-02,4.517589104666990159e-04,7.871769195987171619e-02
5.831134353093797573e-01,1.824052226112525543e-01,5.510966963606007962e-02,3.313292877155217617e-04,1.790403431555921965e-01
4.845891165699507397e-01,2.961709965169163628e-01,1.248147086038882414e-01,4.557914400440945743e-04,9.396938686920072725e-02
4.078510983286604552e-01,2.883348348099028513e-01,2.146933729433822269e-01,6.530528503735685397e-04,8.846764106768081892e-02
8.187221724266641187e-01,9.985837482161885603e-02,6.695880551393351698e-02,3.734812798249009325e-04,1.408716595795876658e-02
8.318295741610725047e-01,1.105059801824814919e-01,3.817675836032688452e-02,2.104958020885050940e-04,1.927719149403079452e-02
6.986960723973001386e-01,1.920377268956927064e-01,5.760360255029299548e-02,3.100360973231541719e-04,5.135256205939088547e-02
6.679131155794848507e-01,1.934961135618708250e-01,9.265716390144283776e-02,4.941388252878380462e-04,4.543946813191374057e-02
4.599068334340170039e-01,3.346342842066397094e-01,1.703271397334170101e-01,5.213711916545082014e-04,3.461037143427175833e-02
4.717117485349158201e-01,3.024260681125659489e-01,1.514584317895006638e-01,4.202463431485339894e-04,7.398350521986901684e-02
2.166319530727148224e-01,3.634725076431361557e-01,4.005508405027518037e-01,4.882905241636770373e-04,1.885640825723351732e-02
1.851310273948094665e-01,3.347281445549181167e-01,4.700498928438510693e-01,6.780183457010466319e-04,9.412916860720398071e-03
1.838919308198457558e-01,2.034118137651633462e-01,5.862825475352498872e-01,1.708517983207804777e-03,2.470518989653329792e-02
2.695547160127407804e-01,3.066169708215014111e-01,3.938996323721428716e-01,1.118151485280956215e-03,2.881052930833392922e-02
5.278745015324343148e-01,1.791341566954482989e-01,1.699532294210296668e-01,8.598712893551984466e-04,1.221782410617324455e-01
6.709633729505545263e-01,1.015235018172763459e-01,9.919181113429779983e-02,8.285584148849138228e-04,1.274927556829865138e-01
6.452400530778195087e-01,1.270810953651015651e-01,1.032686595785319988e-01,4.615897801000402715e-04,1.239486021984468472e-01
8.514363022212423360e-01,5.646515097613295092e-02,6.952435013134275477e-02,5.765567198273070142e-04,2.199763995145469567e-02
5.371260996723757897e-01,2.389740840842654035e-01,1.948298739210908292e-01,8.968443852240268795e-04,2.817309793704393661e-02
3.231979679882241441e-01,3.767818621887336628e-01,2.871114205831858390e-01,8.115000231940227042e-04,1.209724921666235041e-02
2.464835337119809511e-01,4.066885270355850568e-01,3.393988099124443103e-01,6.477379942993846977e-04,6.781391345690369887e-03
4.626557766704982311e-01,2.994167339423398078e-01,2.324177914615592200e-01,5.379144207449553829e-04,4.971783504857775829e-03
3.740719060883269664e-01,3.975605216294231803e-01,2.224761976512088790e-01,6.363493849734946266e-04,5.255025246067585552e-03
4.728209309292507601e-01,3.508586680628577592e-01,1.475002403015891472e-01,6.133639949439154658e-04,2.820679671135840894e-02
2.650893503482748548e-01,4.453488365932645743e-01,2.528638790366949940e-01,6.801595436429883242e-04,3.601777447812253008e-02
2.481787319858959062e-01,4.506991106888691423e-01,2.746781747063468115e-01,7.614478483535461065e-04,2.568253477053461867e-02
1.747370842149864878e-01,3.742003157305131555e-01,3.842757416745272714e-01,1.214047069540339632e-03,6.557281131043274369e-02
2.254971823496458583e-01,3.846493452728937390e-01,3.459681618666428093e-01,1.292710192570055688e-03,4.259260031824759624e-02
4.738531454099603746e-01,2.894147256022042147e-01,2.006491266565329501e-01,9.267256936756178027e-04,3.515627663762702082e-02
3.527857789727941729e-01,3.757281073101213509e-01,2.396044489749554751e-01,8.034722746401395770e-04,3.107819246748884726e-02
3.852601817545436291e-01,3.356114272623773043e-01,2.604159600388747386e-01,1.065241742486248890e-03,1.764718920171814975e-02
9.140644300656770860e-02,2.119487042004751243e-01,6.914719114593464999e-01,1.510864042240939046e-03,3.662077291369693691e-03
6.380161258300751093e-02,2.256662971534599549e-01,7.064594051561036148e-01,1.121389664177629975e-03,2.951295443251184935e-03
7.632689758988490947e-02,2.601810451258271817e-01,6.604559308348751934e-01,1.075137970445138409e-03,1.960988478967597669e-03
7.491617729008347160e-02,3.175453665758554700e-01,6.042592451250773378e-01,6.580961438534497100e-04,2.621114865130360055e-03
5.598322159931605480e-02,2.612808082665780129e-01,6.805119725445487600e-01,5.510160126355075332e-04,1.672981576921542908e-03
1.077671585801805304e-01,2.952053570955093242e-01,5.933263035871044755e-01,5.782608399336710463e-04,3.122919897272009773e-03
7.012015467062614194e-02,3.326175906453142650e-01,5.942319465064038742e-01,5.116062926330443772e-04,2.518701885022593765e-03
1.477252740868317260e-01,3.702901131787844635e-01,4.786056015484823067e-01,4.861927272484270978e-04,2.892818458653095229e-03
2.646431047184139018e-01,3.515607696159432916e-01,3.809464868099249890e-01,6.303665166009128065e-04,2.219272339116900358e-03
1.973264323590895319e-01,3.646911613094274141e-01,4.349182628361160652e-01,6.164439172060378388e-04,2.447699578160881378e-03
2.670139867277843138e-01,3.320883402893483050e-01,3.975758659523299099e-01,9.102951474209940164e-04,2.411511883116476511e-03
5.721851182159973792e-01,2.063799288061975157e-01,2.183566305441764221e-01,8.246984840768610721e-04,2.253623949551833167e-03
4.195330259954637153e-01,2.912405811070194472e-01,2.869515012233441742e-01,6.812313207563367714e-04,1.593660353416400961e-03
4.638271530953900212e-01,3.067523498388212699e-01,2.169371304122593713e-01,4.409443478053304060e-04,1.204242230572405425e-02
1.465340045045927242e-01,4.797386316114644056e-01,3.632122307579653819e-01,4.316596365238425134e-04,1.008347348945379252e-02
3.373505272883767225e-01,3.290196189821147366e-01,2.981140306834408338e-01,6.388599334209285260e-04,3.487696311264673610e-02
2.766376927654839446e-01,2.948374530785229930e-01,4.060433184900746895e-01,7.816578216114305295e-04,2.169987784430692929e-02
2.770684349292193427e-01,3.592207923613328080e-01,3.174906388208398322e-01,5.727220886503118190e-04,4.564741179995768922e-02
4.883444596257046633e-01,2.440583588127000769e-01,2.306152530330057848e-01,7.081700653452634251e-04,3.627375846324414760e-02
6.216738258709298970e-01,1.834787007408996140e-01,9.043459452434972345e-02,3.756061011020435749e-04,1.040372727627187077e-01
4.534569572499351775e-01,2.975845605977439634e-01,1.637314494922055275e-01,4.383738462978888496e-04,8.478865881381746072e-02
3.396668929087492961e-01,2.965459903293753419e-01,3.148891517079192570e-01,8.400442709792326195e-04,4.805792078297688175e-02
8.047140037071679464e-01,1.068569113521318226e-01,8.053351331719939277e-02,3.718989202673830862e-04,7.523672703233337360e-03
7.646752997418994058e-01,1.552424957697790542e-01,6.254682176673370675e-02,2.764202175927809105e-04,1.725896250399500120e-02
6.684667086462562358e-01,2.242370975962738877e-01,8.983588364441186247e-02,3.135872389477797938e-04,1.714672287411034626e-02
9.430551730979281899e-01,2.567953749807150299e-02,1.292527416522393051e-02,1.364065341640863845e-04,1.820360870461226049e-02
9.488566792552876050e-01,2.466794092361147828e-02,9.903522946319740991e-03,1.244675945664208228e-04,1.644738928021479210e-02
8.415306789081309358e-01,9.583424888686790932e-02,4.363327003679864924e-02,2.342509565720641011e-04,1.876755121163030393e-02
9.068620669188899308e-01,5.551539035204706291e-02,2.193934930673549499e-02,1.351013140856258002e-04,1.554809210824177786e-02
7.438594355387657675e-01,1.671167980205307824e-01,6.564193061834619480e-02,2.867250323810100810e-04,2.309511078997640576e-02
7.672466306757786958e-01,1.471566323286319367e-01,6.013468167768291212e-02,1.690679423762892397e-04,2.529298737553023133e-02
5.002788095678039060e-01,2.402758289300479522e-01,2.367682311381015814e-01,5.484312835812268005e-04,2.212869908046533399e-02
4.089993345897728338e-01,2.877550854998540686e-01,2.703835516099281078e-01,6.028185483923182916e-04,3.225920975205263247e-02
3.774312256434169122e-01,3.418930351218892882e-01,2.617369943269033383e-01,5.439077212208814601e-04,1.839483718656952094e-02
2.566119499153377559e-01,3.419792979562956692e-01,3.888977883294688076e-01,5.266823813708455988e-04,1.198428141752694298e-02
2.239273891165694530e-01,2.596563376321071592e-01,5.064620244414292927e-01,7.901492004363588895e-04,9.164099609457836831e-03
8.345601453896946131e-02,1.078722214011081787e-01,8.058490071994749426e-01,1.247457186721623182e-03,1.575299673725824318e-03
4.292162460412778380e-01,1.164650473327511482e-01,4.481948038349629071e-01,1.770404457241792117e-03,4.353498333766291431e-03
4.595359756711481780e-01,1.910817581934134424e-01,3.451460536087552766e-01,9.157706570597955653e-04,3.320441869623230562e-03
2.168450283111327537e-01,2.042858432014730830e-01,5.766157361647297197e-01,8.934118809658699034e-04,1.359980441698432387e-03
2.996339295671087699e-01,2.236541455680657597e-01,4.722679936529339262e-01,9.948995393415900959e-04,3.449031672549895955e-03
1.520354699582329161e-01,3.122152131015802357e-01,5.311175794588847143e-01,6.358024895086215530e-04,3.995934991793504559e-03
9.507688343998493830e-02,1.950378306844960941e-01,7.075921117401503535e-01,7.834055635265933749e-04,1.509768571841874725e-03
7.531293222492693729e-02,2.649490296971712677e-01,6.574388671781851157e-01,6.514234378807815884e-04,1.647747461836006908e-03
1.130158112099137746e-01,3.045277539251329824e-01,5.787733466185975839e-01,8.313201989316070569e-04,2.851768047423871872e-03
1.287882747616002910e-01,3.361937190634133876e-01,5.304066367856369313e-01,7.052665716728600577e-04,3.906102817676631971e-03
2.318624127328093865e-01,2.939233231694816095e-01,4.671490091108582154e-01,1.113053950542695686e-03,5.952201036308168991e-03
3.752811382585445887e-01,3.143115630693337770e-01,3.011989040542490947e-01,9.629109999972275836e-04,8.245483617875240187e-03
3.457727955660840347e-01,3.641613385628303945e-01,2.717168075144187345e-01,8.019711676872697328e-04,1.754708718897952241e-02
4.706726315736208255e-01,3.128051305207873445e-01,2.018403331159190350e-01,7.887843097708144161e-04,1.389312047990198806e-02
2.424070400318371898e-01,5.284535402873451471e-01,2.217335042204068574e-01,3.750760839611231136e-04,7.030839376449724357e-03
3.934254958000199531e-01,3.100073705580401184e-01,2.916200317276891329e-01,8.651972589266890669e-04,4.081904655324076168e-03
2.892059267613392159e-01,2.938889781885613561e-01,4.134309856904868075e-01,1.173176080088580682e-03,2.300933279523977113e-03
3.309610760471050628e-01,2.888603516837895957e-01,3.734244373958318097e-01,1.069800903725255962e-03,5.684333969548253929e-03
3.259224743769123522e-01,3.310246156889520841e-01,3.137941024988461503e-01,8.937620051661208801e-04,2.836504543012331736e-02
3.460216709415284142e-01,3.448364005366717500e-01,2.816275280219310284e-01,8.840048833629310637e-04,2.663039561650589263e-02
2.594926934391140749e-01,3.823370072301395250e-01,3.427400881670388255e-01,7.171286606076974872e-04,1.471308250309979679e-02
3.703737024115612009e-01,2.986359403386025790e-01,3.106771251560368485e-01,7.071810931193972614e-04,1.960605100068016707e-02
3.023625060305248358e-01,3.917499600795695258e-01,2.926160521537570225e-01,5.890004623034990902e-04,1.268248127384503758e-02
2.414534255244733807e-01,3.790504177368928529e-01,3.642203701651816061e-01,6.382701375095005576e-04,1.463751643594251965e-02
9.135970368267830322e-02,2.648693606236474096e-01,6.375212923934467923e-01,7.847385417706056934e-04,5.464904758456822116e-03
1.035785060712567651e-01,3.059474673992721439e-01,5.820633616400320287e-01,8.014576256382047572e-04,7.609207263800904508e-03
7.536109337745643122e-02,2.824980897166629590e-01,6.331356748524700206e-01,9.183215157595823325e-04,8.086820537650989474e-03
2.276239960165996334e-01,2.050979628070679628e-01,3.680407784635172375e-01,1.691354787458343055e-03,1.975459079253567563e-01
5.977658321280290288e-01,1.557342827859611034e-01,1.658258976804986295e-01,1.063160662622171819e-03,7.961082674288902372e-02
6.386968269627374406e-01,1.424507625691111001e-01,1.427165779955359426e-01,8.683545623292967348e-04,7.526747791028613743e-02
6.951176343834082338e-01,1.011566933320895978e-01,1.038209322979397053e-01,8.192233732790144690e-04,9.908551661328339477e-02
5.320175987047949251e-01,1.508768085772113632e-01,2.191499551309654681e-01,1.160336562917983370e-03,9.679530102411024184e-02
4.785346648986143481e-01,1.208687464442805559e-01,1.879276751376213750e-01,1.121460222568314161e-03,2.115474532969154609e-01
5.251021658813885828e-01,1.733748648094322331e-01,1.649944140715826069e-01,7.782650269981492572e-04,1.357502902105984233e-01
4.087016655169865564e-01,1.510671648372405584e-01,3.828709230031036026e-01,1.672557798620278929e-03,5.568768884404901726e-02
5.090414193559644751e-01,1.314408377450902443e-01,2.362068853888659448e-01,1.371643276166818878e-03,1.219392142339125185e-01
5.853260345651265517e-01,9.004453516185106920e-02,1.981320225851138650e-01,1.125712813682795688e-03,1.253716948742256698e-01
8.238758210586218933e-01,4.404788658413430480e-02,8.586954064937316056e-02,7.579032944961104244e-04,4.544884841337459153e-02
8.336642944712071568e-01,3.514272760561570202e-02,1.108012863217459343e-01,7.925682440859407006e-04,1.959912335734538200e-02
7.591805758416371175e-01,9.919746376029700552e-02,1.185683240205629430e-01,6.942342589736181114e-04,2.235940211852908630e-02
8.126042903233104964e-01,8.985284666223293526e-02,8.746698911015654554e-02,5.523539177451163408e-04,9.523519986555036704e-03
6.793104178075317634e-01,1.847354710533944677e-01,1.117897387124158759e-01,3.862983503416123629e-04,2.377807407631630718e-02
6.999128364073595732e-01,1.394623808051417835e-01,1.402813319731178732e-01,5.249622935050239072e-04,1.981848852087577176e-02
7.542637554690375667e-01,1.154308982422161955e-01,8.708356141496483016e-02,3.768531302751146079e-04,4.284493174350643280e-02
5.846174075597111441e-01,1.520655285684889557e-01,2.191360833630439375e-01,7.238110218658066770e-04,4.345716948689019171e-02
5.926202139562525284e-01,1.583853460111430411e-01,2.267537126698064009e-01,7.421695552591859495e-04,2.149855780753876996e-02
4.974109171244716632e-01,1.735018110134683156e-01,2.862290677061554156e-01,9.040828143232056092e-04,4.195412134158142681e-02
6.849425648442284409e-01,8.425287244431259315e-02,1.751203163792280915e-01,1.688139544439361392e-03,5.399610678779148687e-02
9.776716724603565778e-01,1.067963491559718522e-02,9.639092419997772818e-03,3.246157081084187382e-04,1.684984495940113677e-03
9.564374160586659457e-01,1.851935444406602876e-02,1.503493765143397269e-02,8.679523098957872681e-04,9.140339535938261581e-03
9.796359279280082433e-01,1.107814297812931108e-02,5.443512366762826883e-03,2.436235020523187670e-04,3.598793225047546875e-03
9.966262425025063099e-01,2.157430462376753316e-03,8.593020388537430786e-04,5.440086285890271021e-05,3.026241334040064642e-04
9.992083508349544063e-01,5.657051727083918643e-04,1.545636429769193241e-04,1.482391942009291464e-05,5.655642994026040087e-05
9.990507653530840138e-01,5.685130777950950015e-04,2.199666396044255086e-04,5.056376088665824207e-05,1.101911686296483471e-04
9.953436389707575049e-01,3.297802244079734574e-03,1.003376905820107991e-03,9.180511754670777941e-05,2.633767617960297482e-04
9.984418810589450466e-01,1.209309937903465387e-03,2.441724430221133718e-04,1.950433375586672934e-05,8.513222637359883218e-05
9.992252752125503346e-01,6.032232584346527548e-04,1.018319774862863793e-04,9.746313839491385078e-06,5.992323768926966968e-05
9.989705709644836062e-01,7.695280563562028079e-04,1.790950352650180571e-04,1.532843643982085392e-05,6.547750745532752471e-05
9.975400662231507232e-01,1.698867503537949356e-03,5.920520051035401245e-04,4.768133133371676307e-05,1.213329368740597867e-04
9.993113151535918393e-01,5.333082946371142099e-04,9.914531526684404396e-05,8.219544947988710563e-06,4.801169155604867819e-05
9.972994051951742378e-01,1.909553659534724392e-03,6.499108842225881236e-04,4.889702768308601042e-05,9.223323338514902538e-05
9.988121498166945278e-01,8.750821397478710526e-04,2.051460976813466715e-04,1.742024966274706234e-05,9.020169621348810484e-05
9.979047291439963052e-01,1.630084939796241006e-03,3.376370698378641766e-04,2.176430910766221315e-05,1.057845372619982524e-04
9.957651671194494014e-01,3.504444952225048166e-03,5.856245718184036921e-04,2.657639389005011794e-05,1.181869626168523957e-04
9.984809060124740787e-01,1.217372490336483207e-03,2.265017060717051641e-04,1.330475835647995533e-05,6.191503276130588124e-05
9.990720335642738759e-01,7.619776603563241466e-04,1.125157517398168419e-04,7.246289281128539742e-06,4.622673434880766158e-05
9.987672038446064882e-01,1.039685068675935860e-03,1.350814713198871745e-04,8.550190541193364272e-06,4.947942485662354043e-05
9.984628142254041716e-01,1.270410610447419422e-03,1.415557938085022435e-04,1.162945998006550475e-05,1.135899103598998630e-04
9.993456181712395692e-01,4.273375908171857208e-04,6.007212969186053950e-05,8.512959240875550866e-06,1.584591490107815058e-04
9.979929550885460188e-01,1.543927257839463382e-03,2.245962346550406808e-04,1.768745769695510961e-05,2.208339612624821884e-04
9.990691660785837591e-01,6.033334461283001602e-04,1.801852457055598176e-04,3.890095536905197320e-05,1.084142742132746142e-04
9.994973369632377258e-01,2.619993223340970324e-04,1.269889622108763495e-04,5.872525837505521498e-05,5.494949384228679855e-05
9.993912379741957119e-01,2.745792155660123075e-04,1.549486052090693505e-04,1.109885766196143765e-04,6.824562840967327785e-05
9.992467435033081102e-01,3.196101285601196467e-04,2.153029728860991624e-04,1.481638131959484158e-04,7.017958204976254750e-05
9.981506271475620862e-01,6.784018287333543193e-04,4.709787361662203659e-04,5.637568591584823149e-04,1.362354283798965910e-04
9.974973476503696812e-01,5.290018895988666571e-04,5.613199949710863260e-04,1.287902524625595844e-03,1.244279404349759124e-04
9.911192317833870113e-01,1.233373464463118204e-03,1.670521469431380818e-03,5.732474150778009425e-03,2.443991319404823729e-04
8.961310003390194900e-01,1.283141340563631562e-03,6.846869510993589675e-03,9.541772336480605632e-02,3.212654446172670433e-04
8.084825083818870661e-01,1.631342339282296520e-03,7.588292349424358325e-03,1.819312871626587169e-01,3.665697667473688504e-04
6.342855084291840750e-01,2.229363136678967020e-03,1.040135020965349093e-02,3.526198723310958738e-01,4.639058933874338803e-04
9.164199777993309315e-01,7.539250400213208005e-04,2.302435518326243283e-03,8.022407224929652136e-02,2.995893930248881413e-04
8.521438729803673118e-01,9.234635418768252215e-04,3.259913239980122279e-03,1.433384934442387681e-01,3.342567935370778509e-04
8.845811002952368440e-01,6.487838402608191472e-04,2.518901849643479310e-03,1.119054690653034367e-01,3.457449495553098582e-04
7.941441888101463675e-01,1.102062242145135764e-03,4.599240687300241992e-03,1.997096701721506329e-01,4.448380882577432078e-04
9.417417566725697631e-01,8.282836774150885125e-04,1.954022841200158279e-03,5.529657073201215550e-02,1.793660768027905577e-04
9.883071693793822332e-01,5.700841751388721537e-04,6.717866990617082142e-04,1.023449267890927730e-02,2.164670675079725189e-04
9.908070175712351269e-01,3.243587420840832701e-04,5.685886003919846891e-04,8.158750018612824159e-03,1.412850676759757988e-04
