5.730085397704925976e-01,1.577242650476023619e-02,1.488669712033734334e-02,3.194186429143473695e-03,3.931381501752663210e-01
9.802612511636860093e-01,3.595171531240518893e-03,2.377896790787588192e-03,1.073711406329686240e-03,1.269196910795625070e-02
9.680556443834535951e-01,2.267922834506285162e-03,9.368693202508149992e-03,1.715025658646816831e-02,3.157482993063777128e-03
9.864988182535564532e-01,7.191601439142310780e-03,3.953780714840880554e-03,1.198724908107766905e-03,1.157074684352593381e-03
9.932743159832760904e-01,5.683807966255804457e-03,6.985964802710578452e-04,7.030530054473924074e-05,2.729742696521762313e-04
9.889999479760651635e-01,9.276419746937873689e-03,1.288442702118440097e-03,6.456667258133261971e-05,3.706229022973790417e-04
9.893963380138142139e-01,8.989666561232498299e-03,9.431736295103142686e-04,4.344337872466885801e-05,6.273784167182660642e-04
9.911495289553997612e-01,7.561972030662108407e-03,8.746356930439387698e-04,2.812982617656387629e-05,3.857334947177435249e-04
9.888673148256852397e-01,9.741189101072762063e-03,1.112542226063436201e-03,3.024932574467939370e-05,2.487045214339346955e-04
9.935581439362152212e-01,5.489202064767055751e-03,7.219751530759822540e-04,3.075325435112524660e-05,1.999255915904717812e-04
9.963734965734669657e-01,2.999782892714030619e-03,4.233522542874644523e-04,2.176104248956612630e-05,1.816072370420860986e-04
9.953627071034951701e-01,3.703809175124963323e-03,7.695342407194019803e-04,3.900987734489026531e-05,1.249396033155332920e-04
9.947612203168406664e-01,4.000456275164116643e-03,1.072598803715436346e-03,6.467896856479383181e-05,1.010456357149402626e-04
9.764420857434644718e-01,1.894076477281564710e-02,4.251868341002027624e-03,1.143441812817078541e-04,2.509369614361086753e-04
9.431452307494717635e-01,4.904662184698966448e-02,7.205332474573384986e-03,1.517656407604867650e-04,4.510492882045632123e-04
9.401033148684656560e-01,5.324862357035370364e-02,6.199944400603589131e-03,9.542988558201498449e-05,3.526872749950952374e-04
9.292477311975115839e-01,5.855185079310018526e-02,1.163640972012462867e-02,2.311661435093544537e-04,3.328421457543522411e-04
8.742317530654025726e-01,1.041161186361310442e-01,2.073941780136578233e-02,1.999332284211997998e-04,7.127772686793577839e-04
7.745555691578355217e-01,1.947344825895092613e-01,2.954580756922966372e-02,2.245912142528189420e-04,9.395494691727127512e-04
7.156973770846601912e-01,1.942690853825734254e-01,8.826326406919134115e-02,1.014922994397284917e-03,7.553504691779714406e-04
3.591240299551487491e-01,4.468027191412258792e-01,1.908063396274710388e-01,1.393170562336178706e-03,1.873740713818150029e-03
4.965108927325365684e-01,2.858060115236876197e-01,2.137665426766957588e-01,1.628469140342382691e-03,2.288083926737481243e-03
9.069764049142825524e-01,5.928708769281927637e-02,3.239749271984816020e-02,3.656859460862388442e-04,9.733287269637547938e-04
9.949964110766450487e-01,3.215043017996818339e-03,1.532557463309164401e-03,5.918309903261225569e-05,1.968053430162300681e-04
9.959133626716585308e-01,2.862047715557968289e-03,7.658252078668521291e-04,4.501235860046934870e-05,4.137520463162302348e-04
9.954682810394718251e-01,3.337914515888946131e-03,7.046787142565755745e-04,3.431961950775149584e-05,4.548061108748574000e-04
9.855184186351503284e-01,1.125199491130038192e-02,2.296746275186270590e-03,7.869941192204507119e-05,8.541407664410595761e-04
9.973013685328356859e-01,1.910156759514244559e-03,4.029084613802195102e-04,2.671684381542354693e-05,3.588494024543334828e-04
9.971019431541575662e-01,2.136393256312444245e-03,4.498368342512405792e-04,2.518275308653080926e-05,2.866440021924117408e-04
9.981073255133623423e-01,1.379277951436183461e-03,3.390909243641699591e-04,1.800192622677218956e-05,1.563036846104286746e-04
9.950960410073098616e-01,3.805045523859040303e-03,8.224949876340831344e-04,3.182693932535568055e-05,2.445915418717508694e-04
9.956931049267928602e-01,2.949984167138978118e-03,1.165222314883492807e-03,4.275137094842079537e-05,1.489372202361941098e-04
9.973524505462151302e-01,1.684624498029246116e-03,7.658836794713201092e-04,4.043025515476988220e-05,1.566110211296182597e-04
9.985082594826368840e-01,7.346992568826497079e-04,4.506846434766765891e-04,3.359411720123319916e-05,2.727624998026042667e-04
9.973283825490210086e-01,1.426618061564670185e-03,9.210042593494813506e-04,4.836395592172588125e-05,2.756311741430262025e-04
9.966331395028453777e-01,2.000851213909366887e-03,9.127194352438147175e-04,5.633440854422363132e-05,3.969554394572777476e-04
9.960750886883105171e-01,2.243658090051638392e-03,1.135537099332352721e-03,5.022582347143118847e-05,4.954902988339500046e-04
9.975636644200043257e-01,1.107844057219780536e-03,9.866081414442832986e-04,5.827808278184912465e-05,2.836052985498456859e-04
9.962438978539714940e-01,1.521075203429959714e-03,1.124942247644691298e-03,6.585119263817245294e-05,1.044233502315601754e-03
9.975831100525941464e-01,1.236998917707820981e-03,8.064246617726869180e-04,3.865082226600562794e-05,3.348155456593233611e-04
9.979042541539945299e-01,1.030731785173405034e-03,6.056650682538896506e-04,4.269635866327187862e-05,4.166526339150094008e-04
9.982589454749313251e-01,5.294587468851087849e-04,7.068819561388221123e-04,4.807551069336925601e-05,4.566383113513789111e-04
9.833646634051615987e-01,3.778494289975848752e-03,1.031103467266668815e-02,8.032132397324648863e-04,1.742594392463265316e-03
9.930703364052914095e-01,2.051270506448790460e-03,3.053104580166646556e-03,2.289191033012589940e-04,1.596369404791894491e-03
9.883243881781058615e-01,4.175753784062504088e-03,5.864248726465252394e-03,3.658280287708912766e-04,1.269781282595485632e-03
9.958963340372551931e-01,1.672189813486627159e-03,1.935048045004226884e-03,1.444424733536880576e-04,3.519856309003835024e-04
9.936607137026515213e-01,3.138202811932166124e-03,2.604855152014811433e-03,1.837121370164463037e-04,4.125161963849669692e-04
9.821443471638607869e-01,6.022120867432700919e-03,9.827729422742851467e-03,1.055797546546679471e-03,9.500049994170835493e-04
9.009812867663613556e-01,9.347862752315383786e-03,7.496286517487442402e-02,1.290550366000901665e-02,1.802481646439929239e-03
8.507693243247433923e-01,1.595918195890691504e-02,1.154697557721769269e-01,1.422301111585108808e-02,3.578726828321528077e-03
8.157883655525032252e-01,1.994321685416201168e-02,1.449791134941544879e-01,1.410132235750034824e-02,5.187981741679974744e-03
7.466230228636633326e-01,1.615326399134153421e-02,2.076861881725081682e-01,2.526663815714651207e-02,4.270886815340419092e-03
9.210505969387744463e-01,5.103137190711908716e-03,5.791658438609745968e-02,1.192456567361662584e-02,4.005115810799491846e-03
7.542251419485259678e-01,1.459441717988723200e-02,1.878547214490730310e-01,3.871999677033544779e-02,4.605722652178434115e-03
9.430995704219974352e-01,5.555344905545115709e-03,3.897766666133872793e-02,8.805182040754956641e-03,3.562235970363641403e-03
9.338552575550679302e-01,1.255787824659292465e-02,3.938739783286730745e-02,6.845993808859398601e-03,7.353472556612353217e-03
8.042922925054223349e-01,3.216978017187559213e-02,1.414013810793725290e-01,1.420421868139758008e-02,7.932327561931932711e-03
6.829742886598473284e-01,2.961530757696788363e-02,2.478575394322900805e-01,3.387310753417087372e-02,5.679756796723953519e-03
8.690627246709129450e-01,1.391649447262497535e-02,9.421751370630240818e-02,1.183574096012084478e-02,1.096752619003878507e-02
9.042054539821802184e-01,1.044446873313987882e-02,6.506544105910050391e-02,8.679720116352837231e-03,1.160491610922665014e-02
9.208505589283335624e-01,8.589422981304462371e-03,5.227557560594416064e-02,6.776531870068908114e-03,1.150791061434902271e-02
9.492492517461009749e-01,2.940423213485482065e-03,3.846126646010501055e-02,6.701155747552305086e-03,2.647902832756250397e-03
9.408349734817434973e-01,4.945411319929404401e-03,4.694959200018286594e-02,4.870896388079445742e-03,2.399126810064803553e-03
9.561154020383746399e-01,4.474053304885026484e-03,2.819595381001709783e-02,3.132241434296819445e-03,8.082349412426513904e-03
9.473776048116471227e-01,1.009193435377414398e-02,2.710488819089666712e-02,2.193142117201202224e-03,1.323243052648071308e-02
9.356096389930393942e-01,8.902392564598961625e-03,4.789844216094232138e-02,1.957978063037101122e-03,5.631548218382288924e-03
9.632962125850521584e-01,5.001747415605595042e-03,2.880849230354780993e-02,1.152901283220136158e-03,1.740646412574210246e-03
9.948780699828267959e-01,8.830067565012008571e-04,3.240734224581169089e-03,2.289990741330698754e-04,7.691899619577312287e-04
9.774355231193301297e-01,5.757820881991767246e-03,1.228632597071471592e-02,6.761283693044634361e-04,3.844201658659002121e-03
9.848071012600275731e-01,5.271707334344228994e-03,5.628973848007047184e-03,3.015285280050121258e-04,3.990689029616211782e-03
9.859125898183218606e-01,6.070450064617318245e-03,4.595623908011956492e-03,2.180940759508797570e-04,3.203242133098000311e-03
9.653249927159710531e-01,1.121021694595858431e-02,2.084679039403582873e-02,7.393953391394761637e-04,1.878604604895030197e-03
9.367546847929458798e-01,1.631277533116523223e-02,4.335605993851208984e-02,1.473884594337679724e-03,2.102595343039099368e-03
9.485233299735336132e-01,1.433004123934744460e-02,3.387174796615263772e-02,1.005310822723670368e-03,2.269569998242603522e-03
9.313594029819418640e-01,2.121051592289628293e-02,4.174229322063977704e-02,1.534562230990341386e-03,4.153225643531800737e-03
9.699887687141427461e-01,1.099465741321629594e-02,1.639793347300488868e-02,6.719260734273504532e-04,1.946714326208753149e-03
9.819808701900926140e-01,5.953063639488114130e-03,1.106658442500602774e-02,5.518264836126770840e-04,4.476552618006648964e-04
9.745453843146977269e-01,7.070444738290992959e-03,1.733929535165984123e-02,7.818792683030534665e-04,2.629963270483574585e-04
9.869421449039035288e-01,5.362031744851052106e-03,6.859771386576098140e-03,3.917873778950082490e-04,4.442645867742157375e-04
9.725696075062514323e-01,1.155483771144864488e-02,1.392661163923940119e-02,5.328045277097340953e-04,1.416138615350548673e-03
9.537462029756789139e-01,1.665732553369339217e-02,2.646806376930352020e-02,7.620325970684625402e-04,2.366375124255566328e-03
9.959085446964842658e-01,1.767787002847918780e-03,1.912383719547346974e-03,1.175761765392054959e-04,2.937084045810438521e-04
9.916533195586579863e-01,3.758179595070420837e-03,3.851942158764042404e-03,2.059480869268971183e-04,5.306106005805469273e-04
9.900973322899431217e-01,4.634082841702764216e-03,3.913011300914513886e-03,2.268755691301030972e-04,1.128697998309341130e-03
9.885388160859499562e-01,5.141724391265777884e-03,4.312195597736838762e-03,2.416502899253605396e-04,1.765613635122029483e-03
9.642537832681891130e-01,1.577984194677240284e-02,1.746607188891222476e-02,7.071598022887873357e-04,1.793143093837315386e-03
9.898605754768258214e-01,3.568409914079339815e-03,6.015234972080144189e-03,2.732069629742986763e-04,2.825726740403619141e-04
9.578611897691395871e-01,1.946098808578400341e-02,1.999759041676837934e-02,5.700218858954429237e-04,2.110209842412435425e-03
9.528367742136715224e-01,1.936016526201876642e-02,2.556629425529116303e-02,6.516943590521781515e-04,1.585071909966213888e-03
9.921740080290853969e-01,3.866252405022853941e-03,3.259749028458630137e-03,1.659633432025823304e-04,5.340271942302947860e-04
9.953740394309728012e-01,2.580671898951862695e-03,1.803687357577736300e-03,7.273907629278197017e-05,1.688622362048589867e-04
9.990094144106616003e-01,5.505027092517759306e-04,3.578492129835578010e-04,2.314038534517774909e-05,5.909328175789792215e-05
9.950802819442277070e-01,2.928841081435352555e-03,1.480025171071226459e-03,8.503868508381906869e-05,4.258131181818724750e-04
9.826503730468548747e-01,1.062276380101236962e-02,5.686152179883868958e-03,2.291597010900941480e-04,8.115512711589016300e-04
9.950496864613680437e-01,2.565245086056714557e-03,1.991567170113706185e-03,1.044663397620201667e-04,2.890349426993890614e-04
9.944299717496591917e-01,3.292001725566371002e-03,1.949738810298703908e-03,1.109075290300597365e-04,2.173801854458291664e-04
9.789414226857851009e-01,1.133188382935316520e-02,9.023983439517916164e-03,2.930435988194678544e-04,4.096664465245595599e-04
9.743995230629152182e-01,1.447688682765889932e-02,1.013189961557729724e-02,3.186089430744920440e-04,6.730815507739332584e-04
8.915010121229426376e-01,5.437621193583421636e-02,5.177442730534472654e-02,9.062540955231446248e-04,1.442094540355313981e-03
9.589004818561015497e-01,2.549103964385135423e-02,1.471166884200145013e-02,3.307894016606733700e-04,5.660202563849373470e-04
9.697164136351593688e-01,2.029790574599271355e-02,9.377420948879401294e-03,2.381169504286791128e-04,3.701427195397288057e-04
9.824791062617261872e-01,8.947146400346861136e-03,8.025299032935981694e-03,2.975344446615633357e-04,2.509138603294470212e-04
9.913381798882989759e-01,4.440724842277240202e-03,3.892916291068628572e-03,1.589950513227472587e-04,1.691839270324183009e-04
9.879883542213819814e-01,5.874016922033864323e-03,5.388660963313227775e-03,3.261307947260326458e-04,4.228370985448501405e-04
9.783249563777802749e-01,1.189324338960730428e-02,8.703152108013183924e-03,3.319658151052215836e-04,7.466823094940950971e-04
9.701606437974329422e-01,1.215868520630436142e-02,1.638567584892402021e-02,6.509431215573551833e-04,6.440520257813111063e-04
9.847697275108905357e-01,5.131164172651655683e-03,8.485999294692634157e-03,5.601343600129238785e-04,1.052974661752296330e-03
9.975922181565353153e-01,1.208354388467599910e-03,7.486030736167712364e-04,8.141986982498231951e-05,3.694045115552266074e-04
9.989576764858133506e-01,6.441317856502557252e-04,2.087841193784672881e-04,2.285630724434977340e-05,1.665513019135860624e-04
9.995125122515942095e-01,2.377496901505056362e-04,7.823676323287716858e-05,1.100952382552451894e-05,1.604917711967742929e-04
9.997078974720690070e-01,1.721328523088922163e-04,4.894275099429886620e-05,6.203708018013546246e-06,6.482321660984250225e-05
9.996779946701338515e-01,1.745421517225596430e-04,4.975568087930928065e-05,6.949537130219214591e-06,9.075796013409469188e-05
9.993119261728298230e-01,4.679844614566596784e-04,7.832479468006782138e-05,7.569908398135582353e-06,1.341946626353799667e-04
9.996721766471893256e-01,2.324441165552457059e-04,3.519423715946130843e-05,3.470632270046274070e-06,5.671436682590608273e-05
9.992196873003157398e-01,6.025553276696335664e-04,8.032494552512607546e-05,7.041638349511641505e-06,9.039078814006295832e-05
9.989729491716815568e-01,6.907694209113656976e-04,8.675330222560679227e-05,8.493661089253324979e-06,2.410344440921557323e-04
9.970782311287768040e-01,1.916414523738108619e-03,2.049864848164551488e-04,1.600477089289229111e-05,7.843630917756950604e-04
9.863787065688012223e-01,1.134389655960972576e-02,1.279126518868802312e-03,4.597441531007726684e-05,9.522959374102823484e-04
9.932485632959311417e-01,5.790189636353132788e-03,6.959162689483575992e-04,2.004203986110152303e-05,2.452887589064045972e-04
9.495688913199250569e-01,4.136103421060718932e-02,8.372791338569877950e-03,1.751808479886224768e-04,5.221022829093271327e-04
8.454883863674228506e-01,1.262352896231136445e-01,2.704027384059211336e-02,3.027731336166930099e-04,9.332770352549063508e-04
9.954797224369945630e-01,3.506835236912116908e-03,8.705308090316894081e-04,3.361974641169678462e-05,1.092917706499281575e-04
9.973156214089522464e-01,2.074310746715070635e-03,5.236318657737316657e-04,2.573131681917918955e-05,6.070466173973550439e-05
9.968718156642806250e-01,2.626053765580472002e-03,3.881678111423325812e-04,2.543472151847325435e-05,8.852803747827892023e-05
9.956436628079873286e-01,3.435278792095168045e-03,6.320690940895514398e-04,5.122894742542216423e-05,2.377603584026097825e-04
9.972256474066193421e-01,2.207015520551301822e-03,3.729000042051850935e-04,2.568069696661158896e-05,1.687563716575314599e-04
9.968288599945326345e-01,2.831697112031070825e-03,2.031172796465124085e-04,8.790503840185615736e-06,1.275351099495868339e-04
9.955930722718586701e-01,4.118329012159907196e-03,1.834404598497756003e-04,6.109130420970523052e-06,9.904912571067784948e-05
9.955767051573338744e-01,4.172520227160089225e-03,1.768794156288092676e-04,4.612383221273441820e-06,6.928281665603412990e-05
9.970266690809697074e-01,2.804863877887624896e-03,1.212160429848830001e-04,3.387578874378567607e-06,4.386341928331754820e-05
9.872109070489486493e-01,1.232149073997146523e-02,3.882726095139425715e-04,6.877660480509292985e-06,7.245194108544108971e-05
9.949146832457047562e-01,4.855471440256725266e-03,1.829415033797379805e-04,3.807298695409764877e-06,4.309651196351405847e-05
9.886412126941963585e-01,1.090868725858441628e-02,3.789016199265390948e-04,6.447474887532810573e-06,6.475095240517641387e-05
9.825212090620257799e-01,1.682221578274437079e-02,5.702072316782343065e-04,7.726183706398121373e-06,7.864173984534341766e-05
9.886385804554777001e-01,1.082133746173961041e-02,4.649889554657464529e-04,7.099526912606601548e-06,6.799360040437844757e-05
9.867501307501697072e-01,1.261321275288792600e-02,5.615366924369710007e-04,8.209039743140989005e-06,6.691076476220318508e-05
9.860933301891777747e-01,1.329979752434759868e-02,5.387392652070488062e-04,7.396010476538107634e-06,6.073701079101402221e-05
9.741463538986094850e-01,2.467071832653765229e-02,1.087372651328285438e-03,1.183278100961616105e-05,8.372234251497414248e-05
9.710920921476109413e-01,2.740749387902806714e-02,1.412394057101036332e-03,1.383721184177718102e-05,7.418270441810949779e-05
9.825557768467202413e-01,1.654509879819181239e-02,8.305756034908887272e-04,9.844734317457049476e-06,5.870401727952613661e-05
9.886533674290107765e-01,1.081650800043590203e-02,4.734005690132512450e-04,7.212722141653002422e-06,4.951127939842998421e-05
9.838388086095783969e-01,1.535751896283022583e-02,7.398850125016618370e-04,9.245679968201445207e-06,5.454173512146694614e-05
9.837989386426752025e-01,1.536030745065730153e-02,7.752422206986872870e-04,8.667169665833598339e-06,5.684451630298840633e-05
9.847323033037201911e-01,1.453996293631493360e-02,6.468014562543674198e-04,8.070905120231806692e-06,7.286139859035536189e-05
9.898114959623601772e-01,9.668780520346162075e-03,4.595287968596669108e-04,6.307412296020882414e-06,5.388730813801141840e-05
9.950137337871624021e-01,4.697383095626572920e-03,2.518316125019852154e-04,4.637110131020591843e-06,3.241439457784763451e-05
9.914074379368469359e-01,8.124513972507806797e-03,4.183295504650569991e-04,6.771103581495705309e-06,4.294743659864155865e-05
9.744176674802810245e-01,2.438610628483089612e-02,1.103988804637828130e-03,1.246572751118353710e-05,7.977170273896329940e-05
9.738730786267709716e-01,2.504014828273995463e-02,1.002401502992333318e-03,1.004796649886729101e-05,7.432362099776750422e-05
9.507881542629642579e-01,4.740754905817402137e-02,1.666849373415795876e-03,1.347397582426288223e-05,1.239733296216819327e-04
9.535119838344012777e-01,4.448385800491744951e-02,1.862329822248803141e-03,1.425239469496399690e-05,1.275759437376211699e-04
9.407861338486857017e-01,5.683490103832461449e-02,2.182579717585038728e-03,1.704582711939036375e-05,1.793395682850842043e-04
9.507934807003499689e-01,4.742229949034177522e-02,1.641353571384453116e-03,1.351643851495461252e-05,1.293497994090380006e-04
9.435083861534473426e-01,5.423520280273825406e-02,2.073674166679525827e-03,1.708130494350926085e-05,1.656555721913669183e-04
9.547305844982389988e-01,4.333785672428916436e-02,1.727571736831900410e-03,1.463102058405794415e-05,1.893560200560486808e-04
9.366676689683302026e-01,6.098857370524247978e-02,2.097585233552497121e-03,1.546465266785270200e-05,2.307074402072447326e-04
9.018368031541985630e-01,9.440155788004024606e-02,3.438052872551467746e-03,2.310289861471014625e-05,3.004831945948640832e-04
8.889776669889066785e-01,1.046736486347720069e-01,6.008264175787875715e-03,3.371132238216253328e-05,3.067088781514023350e-04
8.137543966438540721e-01,1.731275931413987501e-01,1.271370296147736507e-02,5.885837250834449448e-05,3.454488807616500718e-04
9.358106918681191599e-01,5.980228276242227636e-02,4.167479818820324020e-03,2.620718287605825863e-05,1.933383677620488799e-04
9.674103863751455368e-01,3.047692046330739701e-02,1.968711649433043526e-03,1.714174122215673620e-05,1.268397708917643873e-04
8.762801172202975275e-01,1.182502821076492627e-01,5.091334060109899140e-03,3.078313560129963193e-05,3.474834763418782613e-04
9.004567917700390112e-01,9.226508261235789876e-02,7.008465100054265401e-03,3.655718320255587072e-05,2.331033343463435198e-04
9.317362768752481816e-01,6.397369692912582839e-02,4.019773535100456055e-03,2.831919408499936164e-05,2.419334664403815203e-04
8.943050464608033323e-01,9.788319380955735893e-02,7.491147453462105622e-03,4.453911758258771107e-05,2.760731585946211031e-04
6.083378342807466144e-01,3.567559814306339727e-01,3.437707434365600001e-02,1.232904512352474844e-04,4.058194937281090950e-04
7.427807477772473410e-01,2.342170747595442304e-01,2.248238911273852531e-02,9.836235444240506390e-05,4.214259960276241050e-04
8.830814650646943154e-01,1.050540101451900021e-01,1.158827044592788610e-02,6.626082986410306019e-05,2.099935143238734010e-04
6.883179962041056088e-01,2.927822975354101298e-01,1.847117136793684222e-02,7.701192615781844502e-05,3.515229663895157197e-04
8.758347744491475906e-01,1.155228593269318205e-01,8.370078901491740178e-03,4.242963718635103532e-05,2.298576852424842880e-04
8.260265389458462115e-01,1.653161972268176183e-01,8.311811161665681388e-03,3.736233217541845721e-05,3.080903334949848418e-04
6.159463632012230905e-01,3.671182579786033129e-01,1.628519092265568596e-02,5.049461629743206843e-05,5.996932812204486133e-04
6.346175567048752963e-01,3.401381633293063533e-01,2.436498271371674920e-02,7.303007066281409808e-05,8.062671814387042816e-04
5.864139985477782036e-01,3.885330453397353723e-01,2.412295637714250221e-02,6.485596468074083555e-05,8.651437706631346205e-04
3.173412618103575444e-01,6.312330713802610793e-01,5.033634749326109520e-02,1.006152490367606531e-04,9.887040670837421788e-04
2.326318971743890351e-01,6.646057754834734377e-01,1.016849633601898811e-01,1.859976852611630008e-04,8.913662966863230685e-04
6.719068820130312814e-01,2.755147295116088801e-01,5.191860823929053681e-02,1.247768215353881386e-04,5.350034145337117597e-04
4.781396776370051560e-01,4.638151118523199945e-01,5.729061408763431312e-02,1.552195269319566243e-04,5.993768961085442363e-04
2.421460695884351533e-01,5.769258754987750537e-01,1.799630548459341672e-01,2.868721956210818608e-04,6.781278712346179181e-04
4.415524860026978637e-01,4.578041005129765417e-01,9.974088201705363921e-02,1.743884170026760807e-04,7.281430502692077394e-04
1.912681907460435926e-01,6.113942419637619086e-01,1.964139980889333947e-01,2.626773569666919972e-04,6.608918442945018639e-04
5.798542762224361269e-01,3.381861985302735962e-01,8.103830723478520903e-02,1.738441315618814091e-04,7.473738809431337230e-04
2.290863426756813981e-01,6.081428564049002894e-01,1.616835552500919260e-01,2.640951565109931286e-04,8.231505128152307414e-04
1.513358851536950045e-01,6.924760499604045716e-01,1.551066188089485209e-01,1.748599309102981478e-04,9.065861460415346835e-04
3.189836540223726646e-01,5.210017208633852537e-01,1.588806926976708556e-01,2.763961389669049198e-04,8.575362776043339401e-04
2.280192076520730915e-01,6.431695642236123778e-01,1.274431620092469075e-01,2.311626935985610796e-04,1.136903421469034892e-03
1.888503444040934842e-01,5.910731374433028096e-01,2.183976002836025554e-01,5.135774794187687687e-04,1.165340389582344852e-03
7.955710628712150401e-01,1.583871575671814413e-01,4.523557818852266127e-02,1.774347264745513826e-04,6.287666466063341264e-04
6.587020574628374980e-01,2.822240675493755679e-01,5.838764036230435078e-02,1.779111073345237539e-04,5.083235181483508093e-04
5.559842443034648252e-01,3.659292636771991347e-01,7.715823401536599235e-02,2.533210322910061686e-04,6.749369716791886117e-04
3.434216584921365722e-01,5.425593902968686155e-01,1.128015952789481469e-01,2.922040115933050475e-04,9.251519204535295100e-04
3.981189470653154761e-01,4.907045621353018361e-01,1.096915360331566780e-01,3.047241177247323927e-04,1.180230648501284134e-03
2.047601187944960155e-01,6.387676312958228131e-01,1.549512369915998222e-01,3.235052703865848940e-04,1.197507647694863453e-03
3.530851051669288143e-01,4.950660858079911630e-01,1.498265751084444652e-01,3.705853431035432879e-04,1.651648573531870568e-03
2.888226146511751469e-01,5.382789444928203215e-01,1.713522367219347253e-01,3.542622107441094370e-04,1.191941923325572864e-03
1.296675759822703000e-01,6.600745320027445739e-01,2.079777598200645283e-01,4.506581274053277639e-04,1.829474067515219748e-03
3.018627923197900742e-01,5.014340500562834979e-01,1.945634959643862127e-01,4.513442826855788913e-04,1.688317376854647474e-03
4.813055035606554899e-01,4.275974241325180558e-01,8.977453372237056972e-02,1.861926425012879404e-04,1.136345941954568575e-03
6.421098316410784879e-01,3.042727546804104288e-01,5.238710300018677157e-02,1.622257705314677047e-04,1.068084907792669555e-03
6.705802452278201153e-01,2.797753920186474286e-01,4.859499683774612389e-02,1.378374979814884853e-04,9.115284178046428702e-04
3.291232306881078373e-01,6.042789036104775358e-01,6.464982843798075529e-02,1.309970357270870802e-04,1.817040227706806987e-03
5.911684707993276611e-01,3.624024525426693399e-01,4.458987971732814026e-02,1.224098763866808093e-04,1.716787064288237711e-03
7.147941878195654963e-01,2.533306462745332777e-01,3.047023440775561282e-02,9.024178167286774218e-05,1.314689716472796201e-03
7.792904810534561078e-01,2.015603846914537922e-01,1.816151664459990378e-02,5.610939939134830946e-05,9.315082110988128546e-04
4.549547712447151726e-01,5.111012184190253382e-01,3.206464858334050205e-02,5.330997551383699385e-05,1.826051777405018591e-03
6.272267004209093333e-01,3.350262449201503179e-01,3.620810728134109951e-02,7.407682539554282127e-05,1.464870552203560066e-03
3.407315673937835743e-01,6.044389472171058930e-01,5.342832781700784794e-02,8.427342233096102634e-05,1.316884149771709077e-03
1.730687184083923302e-01,7.136391850780496870e-01,1.117213210100851672e-01,1.474002903562576512e-04,1.423375213116600917e-03
2.686149145337665134e-01,6.129213249424556587e-01,1.165254657104156516e-01,1.613279169048927866e-04,1.776966896457270011e-03
4.362299056593870739e-01,4.761498806495454983e-01,8.545797558014311956e-02,1.504387329825158004e-04,2.011799377941840029e-03
7.927629535207530997e-01,1.810185166171002502e-01,2.510555785893937852e-02,6.537136546918461398e-05,1.047600637738040638e-03
4.910254119449631860e-01,4.727682224988832282e-01,3.330796663577780675e-02,7.654691212529167368e-05,2.821852008250504140e-03
3.258429814346942566e-01,6.034218355372173992e-01,6.767134105507807695e-02,1.167660884948121453e-04,2.947075884515551036e-03
1.725390617382218661e-01,6.950329204414704698e-01,1.293302470060258003e-01,1.931338542145678502e-04,2.904636960067207962e-03
5.200276980694598095e-01,3.846042771412025996e-01,9.334194083682059717e-02,2.009597278284517619e-04,1.825124224688625578e-03
3.677564092754786462e-01,5.314809752662772446e-01,9.839424759277960730e-02,2.213807872577459163e-04,2.146987078206765223e-03
1.612545025334771454e-01,6.643195357966751313e-01,1.719055804213508731e-01,2.411827701080458512e-04,2.279198478388914494e-03
8.132083593439590752e-01,1.422582741806114881e-01,4.142122754803922308e-02,1.970709786576246478e-04,2.915067948732746796e-03
9.580767443148107132e-01,3.283961255546112568e-02,8.257347296328510292e-03,1.081717556291269828e-04,7.181240777703756404e-04
9.882609112321909528e-01,9.399603899058903145e-03,2.059155694002197737e-03,6.461086968162811097e-05,2.157183050664022040e-04
9.827270588816855446e-01,1.553754378664223834e-02,1.554004490821785014e-03,3.169627649035964271e-05,1.496965643600204655e-04
9.978509875884884472e-01,1.868310794686745208e-03,1.949435696920457826e-04,8.185423858485939787e-06,7.757262327422752605e-05
9.969185128280829700e-01,2.530932312534230327e-03,3.208216798977512143e-04,1.729228542899528541e-05,2.124408940560602974e-04
9.952864856605048161e-01,4.059659772940933664e-03,4.089102039202398113e-04,1.741070237660868482e-05,2.275336602572481856e-04
9.966583414151909404e-01,2.868627214757725388e-03,2.930681734942318459e-04,1.593407965216272766e-05,1.640291169049164363e-04
9.890252111011536007e-01,9.847446433423856851e-03,6.200082628034343053e-04,1.992099805154550125e-05,4.874132045675680347e-04
9.868301758178978922e-01,8.547629140839447040e-03,6.530495276189651754e-04,3.161768847983159570e-05,3.937527825163728706e-03
9.949124201436319037e-01,1.793510074459304503e-03,2.981474537567556566e-04,2.592791730116899106e-05,2.969994410850624027e-03
9.930052550652774812e-01,2.163519276369002802e-03,3.518448324960721067e-04,2.625772006075978654e-05,4.453123105796727953e-03
9.924220443745126463e-01,2.107845534576766218e-03,6.175318536748510174e-04,5.473677179132979210e-05,4.797841465444392835e-03
9.911383277640057887e-01,6.194412617660155496e-03,1.278865658071362717e-03,4.794446685273875952e-05,1.340449493409977006e-03
9.979534975701479516e-01,9.916614148433838382e-04,3.232509577942039442e-04,2.474796949105228695e-05,7.068420877235103740e-04
9.984333512910799069e-01,3.928228596116985281e-04,1.151766406793954645e-04,1.589029552020202412e-05,1.042758913108755023e-03
9.988048082269770367e-01,3.352605350456341936e-04,1.080243629042465514e-04,1.338888806138098148e-05,7.385179870117077744e-04
9.995870433266802468e-01,2.589050058820195643e-04,4.185238242780995157e-05,3.306218303127029749e-06,1.088930667067875842e-04
9.992288700782520072e-01,5.211439031751332685e-04,7.616281325601792843e-05,6.512681002684399905e-06,1.673105243139875672e-04
9.991460240019871542e-01,4.496679366831221819e-04,9.775961739513269581e-05,1.108975469264618415e-05,2.954586892420851883e-04
9.984001564581401755e-01,6.424597114278953911e-04,1.505406159504448155e-04,1.962603042724185348e-05,7.872171840541378109e-04
9.949799205764571219e-01,3.256229302840789579e-03,4.986869437699306164e-04,3.156741785915502399e-05,1.233595759073177669e-03
9.963643798583996514e-01,1.168022234546590814e-03,3.074231413701938452e-04,2.867712985743514162e-05,2.131497635826003385e-03
9.941522112673552014e-01,9.980273226795244486e-04,3.454720166402293845e-04,3.715941410022520768e-05,4.467129979224815188e-03
9.986586820083358518e-01,4.068316628868643998e-04,1.514305139012122800e-04,1.605611007898325175e-05,7.669997047971204929e-04
9.994189255128507199e-01,1.869077662794614786e-04,6.506333506081600341e-05,1.119531031560323953e-05,3.179080754933889309e-04
9.992527118317856560e-01,2.783974565982548087e-04,9.178929240318103909e-05,2.000738496007544410e-05,3.570940342530225307e-04
9.972971397730091558e-01,9.877166324570147392e-04,1.969559558579904023e-04,3.693143237932235785e-05,1.481256206296476452e-03
9.984553719087057022e-01,4.113674620432664335e-04,1.174967605080026029e-04,2.671442750242560230e-05,9.890494412405756355e-04
9.995527599218074766e-01,2.148110359369796295e-04,9.761688558533372520e-05,1.127222224322570776e-05,1.235399344269144369e-04
9.995892819392828699e-01,1.044345885900597310e-04,6.862313065919393735e-05,9.297353980796266504e-06,2.283629874870752848e-04
9.993835594868831773e-01,1.504231060651490745e-04,1.314176284381868981e-04,1.522281344974395597e-05,3.193769651639456319e-04
9.984895666493927013e-01,3.257946667353288578e-04,2.381511833200464028e-04,2.515186975017584856e-05,9.213356308017835433e-04
9.989454844224935348e-01,1.887987506481049579e-04,1.993245914862820092e-04,1.900190267162486232e-05,6.473903327005604271e-04
9.978724297256256204e-01,4.351744914225007602e-04,3.404678947951420660e-04,3.318834726565475751e-05,1.318739540890963942e-03
9.984839516508957624e-01,5.347670580707972058e-04,3.149669536435618705e-04,1.942754076667517143e-05,6.468867966231885841e-04
9.988954699648604496e-01,3.374735431753017470e-04,2.519296935244194993e-04,1.814930520297640542e-05,4.969774932369618080e-04
9.985701384911479517e-01,4.101275026410850432e-04,2.384884573970186413e-04,1.902701306030752764e-05,7.622185357535951871e-04
9.983311413741341456e-01,3.147235649119561234e-04,2.900087695998971216e-04,2.257732087495835927e-05,1.041548970479017240e-03
9.977269246044213613e-01,5.039956993561833451e-04,4.149246260027461141e-04,2.730555853925427970e-05,1.326849511680509115e-03
9.988207156890663851e-01,2.178949539115846486e-04,1.827491611044367655e-04,1.426339160502023692e-05,7.643768043126696228e-04
9.968967027567247063e-01,6.047683826462939847e-04,1.203392045316837916e-03,1.235063275784244077e-04,1.171630487733711168e-03
9.962816556324328721e-01,6.250550153798519176e-04,1.044384095137914237e-03,9.726335730719401181e-05,1.951641899742061941e-03
9.911296750904340369e-01,1.403639747207079775e-03,1.173706666821411728e-03,1.021408500977524130e-04,6.190837645439717547e-03
9.803702123467329388e-01,4.700322372469303497e-03,1.065194003155934578e-02,3.792627650764097253e-04,3.898262484161942303e-03
9.219990122050284453e-01,2.498979951833801144e-02,4.506146766409339227e-02,9.611989009368363326e-04,6.988521711603473338e-03
8.898065548204187047e-01,3.249369268630940971e-02,6.986808411482288428e-02,9.979869363652212229e-04,6.833681442083672057e-03
9.134778282138572569e-01,1.923489657575420952e-02,6.201779151947602042e-02,8.162909375147057393e-04,4.453192753397746013e-03
8.618889302396772756e-01,4.090688969689472432e-02,8.677752650599061812e-02,1.274147258160031760e-03,9.152506299277312490e-03
9.657651594110916449e-01,9.990201758953176983e-03,2.097668014304224574e-02,4.735475412338451201e-04,2.794411145679145513e-03
9.860666687476721259e-01,2.893154656450108025e-03,7.480775998785896275e-03,2.794419304512107721e-04,3.279958666640585101e-03
9.936775084167631666e-01,1.321473162382878286e-03,2.660436998165832071e-03,1.290746242362206481e-04,2.211506798451779322e-03
9.813538107972996638e-01,4.256238614201879322e-03,1.178746291856683399e-02,3.803665018273597606e-04,2.222121168104184731e-03
9.863442526974290914e-01,4.059531173542176193e-03,6.241576490047275744e-03,2.365638414168358557e-04,3.118075797564694076e-03
9.913168381981869448e-01,1.873656613400905176e-03,4.205817614404034309e-03,2.578045023937159709e-04,2.345883071614289581e-03
9.767783471690012487e-01,6.190013580154578310e-03,1.209219060330212793e-02,4.401057244095631939e-04,4.499342923132560769e-03
9.919172034758941825e-01,1.970108645266364141e-03,3.471971510942630998e-03,1.750819327377568498e-04,2.465634435159087985e-03
9.779684143006922570e-01,7.539072584747812632e-03,9.598033419012556161e-03,3.955381998650003839e-04,4.498941495682445835e-03
9.432193880221469984e-01,2.338980189675890151e-02,2.820814107476909277e-02,6.609418834347914259e-04,4.521727122890320007e-03
9.804939521023112725e-01,8.858192842920113025e-03,7.247695463488794398e-03,2.433368763674023964e-04,3.156822714912271843e-03
8.665315909967667984e-01,2.941589668531746291e-02,9.870514385488546316e-02,2.588775901803499254e-03,2.758592561226729835e-03
9.689682407247989238e-01,5.923223836058850653e-03,2.038320831419823329e-02,8.931331932266399314e-04,3.832193931717334592e-03
9.922940015743555442e-01,1.878100523629078417e-03,3.913256210983420344e-03,2.236613970703468161e-04,1.690980293961586323e-03
9.863505867082341672e-01,3.369339145360059334e-03,7.059767035144843411e-03,3.887612669960243024e-04,2.831545844264742300e-03
9.510976274383298179e-01,1.060196817411157393e-02,3.411618898831191016e-02,1.128018192656455188e-03,3.056197206590300502e-03
9.199897897313914497e-01,2.132025029310718328e-02,5.362072599646264953e-02,1.513206217124517814e-03,3.556027761914194729e-03
9.592034297958844657e-01,1.263119133299919761e-02,2.473073852536710956e-02,9.631880133880521902e-04,2.471452332361314969e-03
8.866489897945000198e-01,4.295001262521917773e-02,5.724139202645488894e-02,1.457382451407450603e-03,1.170222310241858001e-02
9.597515534479627020e-01,1.167560662303675743e-02,1.589153307095351325e-02,7.275038939308222730e-04,1.195380296411635915e-02
9.576035353002341211e-01,1.401205280175390339e-02,2.229596825601059748e-02,7.114702334096817361e-04,5.376973408591657205e-03
9.777308329867390180e-01,4.891506938119889389e-03,1.377347241847206444e-02,6.343340964810981371e-04,2.969853560187757455e-03
9.175391409321105307e-01,2.716084097641532566e-02,4.444308230558941669e-02,1.305900435579431060e-03,9.551035350305298044e-03
9.312968661815475002e-01,2.150194707229607233e-02,4.263277216810331532e-02,9.813887049365133813e-04,3.587025873116658596e-03
9.736812405694099670e-01,7.455550479786422421e-03,1.526046521811735487e-02,5.649249617918255043e-04,3.037818770894352982e-03
9.867650149689385364e-01,2.665143843258241472e-03,7.865898656231206168e-03,4.273089882944143460e-04,2.276633543277787903e-03
9.829090347802990069e-01,3.565471999547358689e-03,1.024676454885814665e-02,4.788053460306324321e-04,2.799923325264841271e-03
9.728931782695203756e-01,7.009120186866830797e-03,1.626808952998506572e-02,8.166157152863692250e-04,3.012996298341434013e-03
9.692799943208441071e-01,9.508287223987357123e-03,1.508594640476560063e-02,6.245165093172004838e-04,5.501255541085875791e-03
9.507734374419452017e-01,2.039103386489721920e-02,1.968227050126241523e-02,5.842152520953253171e-04,8.569042939799952074e-03
9.378560680857997989e-01,2.758102378740674709e-02,2.975576670166508314e-02,7.656552578073732825e-04,4.041486167320858941e-03
9.608233775157409839e-01,1.709331173676316429e-02,1.774667611694308658e-02,7.435748605807003357e-04,3.593059769971983751e-03
8.304443611452501095e-01,4.523945645274526917e-02,1.168604398386320908e-01,3.460023076627327752e-03,3.995719486745231801e-03
7.764717844148469883e-01,5.302205101371849916e-02,1.614917150622203201e-01,3.930068699877119036e-03,5.084380809337036081e-03
8.526451811099965417e-01,2.912568545818558854e-02,1.091876133699776069e-01,3.799241953243256975e-03,5.242278108596920908e-03
8.908999963270667344e-01,2.262045386316417078e-02,7.312221244714375845e-02,2.485957756186906505e-03,1.087137960643851965e-02
9.816977570499871852e-01,2.829954877711792979e-03,8.787643989129218999e-03,5.625287322615982188e-04,6.122115350910107417e-03
8.950218901859064990e-01,1.801361390841888996e-02,7.747016018365263101e-02,2.740002942349790277e-03,6.754332779672198375e-03
9.668247315991574942e-01,6.967248464878690768e-03,2.093701865763829620e-02,9.739504474749608506e-04,4.297050830850607239e-03
9.621268368871301879e-01,6.950048303280966649e-03,2.774455068620681683e-02,1.191822307430576156e-03,1.986741815951582110e-03
9.840192718777565073e-01,3.259575447337597753e-03,9.760196667370204734e-03,5.514167675107501526e-04,2.409539240024882387e-03
9.678225824591831783e-01,7.239065677088169642e-03,2.081478588456489587e-02,8.490770036598942758e-04,3.274488975503751439e-03
9.654129801767207253e-01,1.101319050145206646e-02,1.622357850890567346e-02,6.495457331011754301e-04,6.700705079820432758e-03
9.624025367288449040e-01,9.246699155624116609e-03,2.540445073575384530e-02,1.003782567851494714e-03,1.942530811925744557e-03
9.574805076844130625e-01,1.125590246766692074e-02,2.877338217990026148e-02,9.904149964839478824e-04,1.499792671535912390e-03
9.890876330210778278e-01,3.000877764844855737e-03,6.227179516875644937e-03,3.213446319104778745e-04,1.362965065291159468e-03
9.755894795072820314e-01,6.724766026725397146e-03,1.449773119066139968e-02,6.991832669276168682e-04,2.488840008403585963e-03
9.749754579568268298e-01,7.187720821251211006e-03,1.455271886693901805e-02,6.348946460333903001e-04,2.649207708949436260e-03
9.893051420061431678e-01,3.134729859544612297e-03,5.792676545059082145e-03,3.052430021288059930e-04,1.462208587124495286e-03
9.409304061052308210e-01,2.312198873088594162e-02,2.685036290567617209e-02,9.411582933074363801e-04,8.156083964899729297e-03
9.622327304267963566e-01,1.443884612361013946e-02,1.818497906921355545e-02,6.288881899712981055e-04,4.514556190408705594e-03
9.777951300950826763e-01,7.042968881262282044e-03,1.002729479764191516e-02,3.619212859479446504e-04,4.772684940065195953e-03
9.610853174093818563e-01,1.346334532550074944e-02,2.059196163888226544e-02,5.796745510203218932e-04,4.279701075214923170e-03
9.899224308898767477e-01,2.433568375964971497e-03,5.747826679736516356e-03,2.224377555602912782e-04,1.673736298861515284e-03
9.923221875287601135e-01,2.055244952443055755e-03,3.099208713689161152e-03,1.444784401487556264e-04,2.378880364958974817e-03
9.774837448781480420e-01,7.610396427315275353e-03,1.131621388429488589e-02,3.389188168342664145e-04,3.250725993407522791e-03
9.210237952770374825e-01,2.763092509201484082e-02,4.109067508317901241e-02,8.710116622754906189e-04,9.383592885493214839e-03
9.078596283957309776e-01,4.246811421321872865e-02,4.308380928417801514e-02,7.462370053011502160e-04,5.842211101571151595e-03
9.540569245900376583e-01,1.634569297951285818e-02,2.794080044443853286e-02,5.157566981479537547e-04,1.140825287863040521e-03
9.169668236403657469e-01,2.999638172088233204e-02,5.035039838054412159e-02,9.650235950033125365e-04,1.721372663204591598e-03
9.477138489506509167e-01,2.101935330346409864e-02,2.503551601654668141e-02,6.238126278992638975e-04,5.607469101439175110e-03
9.353310314434525319e-01,2.181884671989097260e-02,3.717771650129080008e-02,7.760554373911397958e-04,4.896349897974603023e-03
9.271285070540526974e-01,3.054506866779215998e-02,3.605320742526998273e-02,8.788911149723335455e-04,5.394325737912630467e-03
9.207298552132220371e-01,2.430853999004262828e-02,4.862069763205968675e-02,1.024402459335185984e-03,5.316504705340351772e-03
9.923935380762474168e-01,3.095850305082025865e-03,3.987887027591136696e-03,1.535333644089978183e-04,3.691912266704208733e-04
9.817895239947870278e-01,7.015021835440476104e-03,1.002543007809937083e-02,3.012473369418335761e-04,8.687767547309892171e-04
9.525203876834181793e-01,1.729382355302388694e-02,2.838703030150564743e-02,7.747476138837643524e-04,1.024010848168548310e-03
9.503433058114042487e-01,1.578834491611877389e-02,3.133486653442930925e-02,1.051737010726015633e-03,1.481745727321607045e-03
9.637611526258296202e-01,9.080385768042417705e-03,2.473942036036826109e-02,8.927667167511250555e-04,1.526274529008560905e-03
9.312733107293587054e-01,1.693253165644834080e-02,4.872590072201649775e-02,1.409010010349873556e-03,1.659246881826593155e-03
9.814895312600329103e-01,5.159774619299962659e-03,1.250022659976075291e-02,3.721706159681131680e-04,4.782969049382202408e-04
9.919519962811945701e-01,2.379913966712553317e-03,4.715843250975446099e-03,1.813991135063782898e-04,7.708473876111813930e-04
9.955498366162753854e-01,1.348855588474070621e-03,2.468158534863061637e-03,1.155809705053678166e-04,5.175682898821909938e-04
9.978842497452382609e-01,6.751895632950587938e-04,1.095419606122110655e-03,5.743225699725328022e-05,2.877088283473950886e-04
9.962477038912592731e-01,1.569800228465765722e-03,1.812316624619658527e-03,6.732865418338705677e-05,3.028506014720624387e-04
9.879853124935141784e-01,4.050760736188141302e-03,7.382885962416641662e-03,2.135878773931533026e-04,3.674529304879847768e-04
9.823497816701912688e-01,5.498752077993844870e-03,1.132833174814557031e-02,2.754849211383185014e-04,5.476495825310792424e-04
9.964043049625126436e-01,1.429611322373921080e-03,1.792216775349821795e-03,7.388043827256696476e-05,2.999865014911870346e-04
9.767287323277769051e-01,1.090152157852934678e-02,1.120501054127510249e-02,3.011460043118662053e-04,8.635895481067498757e-04
9.852466263715948802e-01,7.597040018874418738e-03,6.101566510773652648e-03,1.594887592252171749e-04,8.952783395316622284e-04
9.545938156737541203e-01,1.591742791477215521e-02,2.791538578843708041e-02,5.970593867172741334e-04,9.763112363193561169e-04
9.762548883290161905e-01,4.852741302751640423e-03,1.788747879235241117e-02,4.877957968344790026e-04,5.170957790452334561e-04
9.166784974377621964e-01,2.536473336306332288e-02,5.549235624252496502e-02,1.110950700059884716e-03,1.353462256589541002e-03
8.155296057007386246e-01,4.093615729388945523e-02,1.399246001203833800e-01,2.521904483588863558e-03,1.087732401399498384e-03
8.007012088386495918e-01,4.272463888918650449e-02,1.528132954960344791e-01,2.504170296633798261e-03,1.256686479495786090e-03
9.376875304359492125e-01,1.570696500109379848e-02,4.058593301177097767e-02,9.995416302470340898e-04,5.020029920938860399e-03
9.004014675730576123e-01,3.624742026883193136e-02,4.500299748001907602e-02,9.403958041561754711e-04,1.740771887393501721e-02
9.595449776151168120e-01,1.118753812126407031e-02,2.333414400930502661e-02,8.107683781205728439e-04,5.122571876193662138e-03
9.032951757306713070e-01,2.538033591464390615e-02,4.460553886901616472e-02,1.188869812561931753e-03,2.553007967310673074e-02
9.335065225239517206e-01,1.454395520577494647e-02,3.652813013057028962e-02,9.779078368140376332e-04,1.444348430288913687e-02
9.907714030646223025e-01,1.630737559701325376e-03,4.670366355712735756e-03,2.261923187198585077e-04,2.701300701243696152e-03
9.759691192971835516e-01,5.841455627477559233e-03,9.724098112229347807e-03,3.321501853658113739e-04,8.133176777743849131e-03
9.474947095596423230e-01,1.633550491413130606e-02,1.801096335422017539e-02,3.885948907870765074e-04,1.777022728121914821e-02
9.764122061161274457e-01,4.046642999946922607e-03,5.945224107965696968e-03,1.880559928324752644e-04,1.340787078312741763e-02
9.700619613610598213e-01,7.189389910395608749e-03,8.959467294809200094e-03,2.915855682034999515e-04,1.349759586553188860e-02
9.738834058293228679e-01,6.693819523712068661e-03,1.259760410823859700e-02,4.404227929013265655e-04,6.384747745825087965e-03
9.813119187154920597e-01,4.927419894384246074e-03,1.100374675239403424e-02,3.020737206093520081e-04,2.454840917120336072e-03
9.897587498704262243e-01,2.042141230767118010e-03,5.944551667912877958e-03,2.439637585336432678e-04,2.010593472360162025e-03
9.913382487607438343e-01,3.141097625740098872e-03,4.124110833181891811e-03,1.568241270769432487e-04,1.239718653257292557e-03
9.951472874894550236e-01,2.311900662464168137e-03,2.055285344012853805e-03,7.970906845579159143e-05,4.058174356122173530e-04
9.957909146551492396e-01,1.687415066253439852e-03,1.975044496039515037e-03,1.237226515813035529e-04,4.229031309765415966e-04
9.951329045314880606e-01,2.154822571139045594e-03,1.892557956372232716e-03,1.118089999883815672e-04,7.079059410123456205e-04
9.980413256964865143e-01,6.265953283850304043e-04,7.639445113847250553e-04,5.899563276452231145e-05,5.091388309790051327e-04
9.833221602938431172e-01,5.958777702341447324e-03,9.238889607624074449e-03,3.255515520380338162e-04,1.154620844153311787e-03
9.883883924953759115e-01,4.987391760164295966e-03,6.002424470135746433e-03,1.664628993434781135e-04,4.553283749804329502e-04
9.862899612479676392e-01,6.231887896233319520e-03,6.786179439970851240e-03,1.824234798251442964e-04,5.095479360029832967e-04
9.833911876442773536e-01,6.972413485755884523e-03,8.801991986906981813e-03,1.850213358559176511e-04,6.493855472037101230e-04
9.629686401014296848e-01,1.124655709113677078e-02,2.482317689087694054e-02,4.333437051517450341e-04,5.282822114048076490e-04
9.783217872892471245e-01,7.534734007750278247e-03,1.327885097980492819e-02,2.727842222298158033e-04,5.918435009680006898e-04
9.916459740783964971e-01,2.855186608279973708e-03,4.522885567855805707e-03,1.495313221387050090e-04,8.264224233289103883e-04
9.905207975175103208e-01,2.357157260783780770e-03,5.783702464358196800e-03,3.600463545175175439e-04,9.782964028302422801e-04
9.960192868009055678e-01,9.581817200678419480e-04,1.489943314422718630e-03,1.203583751537817939e-04,1.412229789450135126e-03
9.841871448933576794e-01,3.793367465761292127e-03,8.532880190998322692e-03,5.462086435820478559e-04,2.940398806300747406e-03
9.901004557371676507e-01,3.468616690849265268e-03,3.593622575615044220e-03,1.961314246967226101e-04,2.641173571671396984e-03
9.942040495169955916e-01,2.039214655729305620e-03,2.368491656328574300e-03,1.256490962528598247e-04,1.262595074693586422e-03
9.849083674165228786e-01,4.775362262359428463e-03,7.245741586761415484e-03,2.314606842448157652e-04,2.839068050111293300e-03
9.785664040716357537e-01,7.551303992664007946e-03,8.457584243087401532e-03,2.224217504930147294e-04,5.202285942119758144e-03
9.964966927262972618e-01,5.909452501185034380e-04,9.110044279737030066e-04,5.570315945427104063e-05,1.945654436156269091e-03
9.912782899661736202e-01,1.346750057424254011e-03,1.368677746160425548e-03,1.007369809171104969e-04,5.905545249324593848e-03
9.963490628448651298e-01,8.767674765946403565e-04,9.203303790863545577e-04,5.997130256338995669e-05,1.793867996890349554e-03
9.969922773707486918e-01,1.541307297739877898e-03,8.051449285807724295e-04,3.894082351838885409e-05,6.223295794120590465e-04
9.984886726116509736e-01,8.140962531276315327e-04,5.000196190327448617e-04,2.887484759808005578e-05,1.683366685904391386e-04
9.981024764043555653e-01,1.073180596159550079e-03,6.479912626297042221e-04,3.466175454750499541e-05,1.416899823076160452e-04
9.971963107569344897e-01,1.318721378909126427e-03,1.049044381462905379e-03,5.748932269666677633e-05,3.784341599968432234e-04
9.940645176533661198e-01,2.991119656725741479e-03,2.373976410497144387e-03,9.070135954888752761e-05,4.796849198621364638e-04
9.913637883929793393e-01,2.684563222201082674e-03,5.358519985786896513e-03,2.268321946449576489e-04,3.662962043876841906e-04
9.911566331732982738e-01,4.472414011598896399e-03,3.938576257683287958e-03,1.213999904719601538e-04,3.109765669476754102e-04
9.790296480475009222e-01,1.145888616226289902e-02,8.729944818149660765e-03,2.957439359709920128e-04,4.857770361155209007e-04
9.788650778429436317e-01,6.608544101333272552e-03,1.316311152378146603e-02,5.590575133306241668e-04,8.042090186110095002e-04
9.121079250871999555e-01,2.618595329167101513e-02,5.869928611346428987e-02,1.203433679703922983e-03,1.803401827960810638e-03
9.711697225634495778e-01,1.193278168559180896e-02,1.581570946791336502e-02,3.394962942300844733e-04,7.422899888151698617e-04
9.920892319751895005e-01,2.625404633011304417e-03,4.568654278409856918e-03,1.714008188154350978e-04,5.453082945738168272e-04
9.958273237617341067e-01,1.537272932244907690e-03,2.067068622326531050e-03,8.764466223215021010e-05,4.806900214622951916e-04
9.966941141916412228e-01,1.208477793726016238e-03,1.332501681012741683e-03,6.869597494374938141e-05,6.962103586761865743e-04
9.819331015446343125e-01,7.405501871018142258e-03,6.389147910962875848e-03,2.388632137092888111e-04,4.033385459675411892e-03
9.801975341774978867e-01,4.079990634882522775e-03,1.045462376181503263e-02,4.657715930553742558e-04,4.802079832748985116e-03
9.663247125683190886e-01,9.551735122735677957e-03,1.704952529395429434e-02,6.774520220020247051e-04,6.396574992988883317e-03
9.864220967072034885e-01,4.641856453112502140e-03,4.995752895814849388e-03,2.509986750430291767e-04,3.689295268826138854e-03
9.868863762722670518e-01,5.389146870430249620e-03,5.580782597971045353e-03,2.126761642000613115e-04,1.931018095131830856e-03
9.882905154481089749e-01,3.538070628086123839e-03,5.420471455750163793e-03,2.568131101298772186e-04,2.494129357924776066e-03
9.882376836144916021e-01,3.652333648977047677e-03,4.021137687920648546e-03,2.251664338730334264e-04,3.863678614737786881e-03
9.911438136944776822e-01,4.491166288166974219e-03,3.042428748503446957e-03,1.596128977970256903e-04,1.162978371054883709e-03
9.494707073142414355e-01,2.942563447648201269e-02,1.850060001015510491e-02,5.259548566517927145e-04,2.077103342469660118e-03
9.921805885657336566e-01,2.595415855018918735e-03,3.459534252995650691e-03,1.892796260221172168e-04,1.575181700229628338e-03
9.940131334368358385e-01,1.369864164503303491e-03,2.289687923030826570e-03,1.277166005598775935e-04,2.199597875070158880e-03
9.919395223231526337e-01,1.630799876817554594e-03,1.838580186365636063e-03,1.238453420837439044e-04,4.467252271580365516e-03
9.632162171113467508e-01,1.080770097928026273e-02,1.628269494014261687e-02,4.862127107718916736e-04,9.207174258458449348e-03
9.864961227769801777e-01,2.887688778320284758e-03,3.408976156739622343e-03,1.600112865886636586e-04,7.047201001371103217e-03
9.820424241929586184e-01,3.726015602205872898e-03,3.408462485547510308e-03,1.683455109457097074e-04,1.065475220834233121e-02
9.736671045775660005e-01,4.852982509617300225e-03,4.236447153946265413e-03,1.743018420643300994e-04,1.706916391680627851e-02
9.860475024513152276e-01,4.927654060662256530e-03,4.365800858057513473e-03,1.430758143038026592e-04,4.515966815661180689e-03
9.974055320976430439e-01,9.015592251693603900e-04,7.083309137969353263e-04,4.112783342662685969e-05,9.434499299638983818e-04
9.973932570590779978e-01,1.104369186178222372e-03,9.270423105873097690e-04,5.485277161230436111e-05,5.204786725441143663e-04
9.980587799090203660e-01,9.787761324601392064e-04,7.068203166141204859e-04,4.140196204113542704e-05,2.142216798641543207e-04
9.941137833617513797e-01,2.757773183975126621e-03,2.813689440053561159e-03,1.008199079926280913e-04,2.139341062272422686e-04
9.955046805833906998e-01,2.121554104080046552e-03,2.154094170492915419e-03,9.321713126973169635e-05,1.264540107665022655e-04
9.976185618041091274e-01,1.082747192602514239e-03,1.089582383165315846e-03,5.368033196110264367e-05,1.554282881619685334e-04
9.924695626973115692e-01,4.340038758677189704e-03,2.664613788227151222e-03,1.096185680806000641e-04,4.161661877035783609e-04
9.980812298721680742e-01,8.125666745214431752e-04,4.949744477115741075e-04,4.321555755465579074e-05,5.680134480441122527e-04
9.978672615780536104e-01,1.274479266583225566e-03,5.810161817735062491e-04,3.391517231743575481e-05,2.433278012721047613e-04
9.982502278503134763e-01,8.962339526327353601e-04,5.093614692803845757e-04,4.034975599950274165e-05,3.038269717738231279e-04
9.977662348720576224e-01,1.231041463557878057e-03,7.456418181267679499e-04,4.515699030730681345e-05,2.119248559505308032e-04
9.928775677976477976e-01,3.511097640478172150e-03,3.060530468833361998e-03,1.473340138379956594e-04,4.034700792026307934e-04
9.951074748213878385e-01,1.750415995124746668e-03,2.053064863398584242e-03,1.200932873882132605e-04,9.689510327005722984e-04
9.951006345444275425e-01,1.538356910038104607e-03,2.329366162203195135e-03,1.509150573172202527e-04,8.807273260139306809e-04
9.976350285485502400e-01,8.150848939742887924e-04,1.001714213443864266e-03,6.177159020189536070e-05,4.864007538298149272e-04
9.982786408263111255e-01,4.447420541742174447e-04,7.851365321382553072e-04,6.383312041827886080e-05,4.276474669580816517e-04
9.975993355417035469e-01,7.070847254314697452e-04,1.145032967027098843e-03,8.021848153085430388e-05,4.683282843072738015e-04
9.965033478563541935e-01,1.486979005881178175e-03,1.570359007275188385e-03,8.163720653008732118e-05,3.576769239593129992e-04
9.966363703082578018e-01,1.126744263230299156e-03,1.827576362868090420e-03,1.034604893945031962e-04,3.058485762492795792e-04
9.936778693066848911e-01,2.074092204484518764e-03,3.857474340676110645e-03,1.646102504368050670e-04,2.259538977177104270e-04
9.924619850579380342e-01,1.817963883492317197e-03,4.769015306311550489e-03,4.018573496714532896e-04,5.491784025867378106e-04
9.869575017730914945e-01,5.464232275984163764e-03,6.626952303132503663e-03,3.238673601734852014e-04,6.274462876183210152e-04
9.927721599665102481e-01,2.762004464844341600e-03,3.771785562186045267e-03,1.814556674408244954e-04,5.125943390185018619e-04
9.931756143782310975e-01,2.551533878311194534e-03,3.727253585645109481e-03,2.010910199449132641e-04,3.445071378675764861e-04
9.799479957206318481e-01,7.755442151976469148e-03,1.121489271274391832e-02,4.383670552494630984e-04,6.433023593982431553e-04
9.391130993742525801e-01,2.095057914668343665e-02,3.806475835981956712e-02,8.991601557371284650e-04,9.724029635074023670e-04
9.684854115587878676e-01,9.536143349051050613e-03,2.074621459566316356e-02,7.602511310575509702e-04,4.719793654403227801e-04
9.908691826260453972e-01,3.889355768483807561e-03,4.853204662170203069e-03,2.000028190984929309e-04,1.882541242020832736e-04
9.868115527816608834e-01,6.684874266941806704e-03,5.967909517722433041e-03,2.130925877252266257e-04,3.225708459497810335e-04
9.761466945332410994e-01,1.188379303337316201e-02,9.989850188948481632e-03,3.597218383876259456e-04,1.619940406049622363e-03
9.970430340896800914e-01,1.258498697938928261e-03,1.287857193996838233e-03,8.797656885651393584e-05,3.226334495276599545e-04
9.974980779249883467e-01,9.989630338298029558e-04,8.845435126876915674e-04,6.759945574989387976e-05,5.508160727441536704e-04
9.837632586517062183e-01,7.132746198142369404e-03,7.325944647294832350e-03,3.168222974707519393e-04,1.461228205385723799e-03
9.951502539588829022e-01,1.249884795790490947e-03,1.865439863058939406e-03,1.618067829373935629e-04,1.572614599330098960e-03
9.880898135915394676e-01,1.935735639545440754e-03,8.849336145606989321e-03,3.433248540208125050e-04,7.817897692874772181e-04
9.875326263198818122e-01,2.392338489023343884e-03,6.121281828610132883e-03,3.051110761833459814e-04,3.648642286301671724e-03
9.821533310591652466e-01,4.014554452934330706e-03,8.828758297819171152e-03,4.531961704449707484e-04,4.550160019636197324e-03
9.934934635588724694e-01,1.849945994155077680e-03,3.397566651195812852e-03,1.662087026594787434e-04,1.092815093116939742e-03
9.939154263856477822e-01,1.696939125781942760e-03,2.324575646706574742e-03,1.422915619840977772e-04,1.920767279879757698e-03
9.954509787281410338e-01,1.099217022042729393e-03,1.166045433997217606e-03,8.664564975441729755e-05,2.197113166064536358e-03
9.954799139719174850e-01,1.181673112207312941e-03,1.553234294008339284e-03,1.062885655569434498e-04,1.678890056310115148e-03
9.847421267932776612e-01,4.180269190453554315e-03,8.081118494587891457e-03,3.849392455945794991e-04,2.611546276086219170e-03
9.812795925630541927e-01,4.925259864912230785e-03,8.719520665069093249e-03,4.040545667710630697e-04,4.671572340193513688e-03
9.976129751740578921e-01,1.068775123932315906e-03,9.491807610398306444e-04,5.295569101596270918e-05,3.161132499540116720e-04
9.940685619443370147e-01,3.264379978177323408e-03,2.285315352984749505e-03,1.098108387262995472e-04,2.719318857745645318e-04
9.792688832927538556e-01,9.680775961601193608e-03,1.037670619863660486e-02,4.571464611985909449e-04,2.164880858098301936e-04
9.651278286371517412e-01,1.445400598621489341e-02,1.935125089014767472e-02,8.490781300735560566e-04,2.178363564119810978e-04
9.845774309379011768e-01,4.833019600279623781e-03,9.506660741646310447e-03,8.103238806441668022e-04,2.725648395286412004e-04
9.620051826567749265e-01,1.032953035525779710e-02,2.513740043685516040e-02,1.891372249059922964e-03,6.365143020523303299e-04
9.266328934118194249e-01,2.330418699508454011e-02,4.624413726124492613e-02,2.345890968344962156e-03,1.472891363506168352e-03
8.889467432208113529e-01,2.880405913663362100e-02,7.571246753615254454e-02,4.144588297657464913e-03,2.392141808745052237e-03
9.330782590304071977e-01,1.460206306077922907e-02,4.450862675307651339e-02,3.261922270409002046e-03,4.549128885328206084e-03
9.046317741907458077e-01,2.275126504674768180e-02,6.513450710055057602e-02,3.602347955873048350e-03,3.880105706082934321e-03
9.649065821755927752e-01,8.937908969266073270e-03,2.123725707892267639e-02,1.338502159387787351e-03,3.579749616830624464e-03
9.818476111269206497e-01,6.273070026930667280e-03,9.367813611157359971e-03,5.877260090968048018e-04,1.923779225894357067e-03
9.828914417976586382e-01,3.745391305735929453e-03,6.407969609808566828e-03,4.812795360325436943e-04,6.473917750764206051e-03
9.650409141741386199e-01,9.076397059470497908e-03,1.844355909780194883e-02,6.630525009883611685e-04,6.776077167600539491e-03
9.438211951276006539e-01,1.173214182565691759e-02,3.089700277758204716e-02,9.373157134468094228e-04,1.261234455571347453e-02
8.304578095867427567e-01,2.990087649125168154e-02,5.091156467511582379e-02,1.455589787533271423e-03,8.727415945935640407e-02
9.503262927684835715e-01,9.111883202206932930e-03,2.259772260213064113e-02,5.682819034135214165e-04,1.739581952376546836e-02
9.704418754359346311e-01,4.945034138417897865e-03,1.673990276797120841e-02,4.696054388675347619e-04,7.403582218808628032e-03
9.945438547772068594e-01,1.298872971798928615e-03,3.147605883866498588e-03,1.199087998235089960e-04,8.897575673042858223e-04
9.942496852849297406e-01,1.671765594342686147e-03,2.976386301467416270e-03,1.205826499443753293e-04,9.815801693158422887e-04
9.729706534545575769e-01,7.208773223538010935e-03,1.709566045394504685e-02,5.020942569066822554e-04,2.222818611052681213e-03
9.921217407141718070e-01,1.222691664414475403e-03,4.201177488156141761e-03,2.133268417356549019e-04,2.241063291522015898e-03
9.870847199569733332e-01,2.235066801215602507e-03,5.461025720510119009e-03,2.611009628855802465e-04,4.958086558415492236e-03
9.681805890422916505e-01,5.063441670766185773e-03,1.911006314148507371e-02,6.006509655847115702e-04,7.045255179872380279e-03
9.891672415126332440e-01,1.535369525503729911e-03,5.001382720877065036e-03,1.937185223427838310e-04,4.102287718643360566e-03
9.468085913297913381e-01,8.438096496462665214e-03,2.272780061245995020e-02,5.818603050372558871e-04,2.144365125624883572e-02
9.705496437566063506e-01,5.303990059809716821e-03,1.218828145395818401e-02,3.048697543407085883e-04,1.165321497528498326e-02
9.810040538056671311e-01,2.008317875478018554e-03,3.699524572475749139e-03,1.690706477749109740e-04,1.311903309860422591e-02
9.757110939327227062e-01,4.875459637573179537e-03,7.962100960611093875e-03,2.437149204806922831e-04,1.120763054861224906e-02
9.850416365815927167e-01,1.888879664500158883e-03,6.879441659352082510e-03,2.996147419586086690e-04,5.890427352596479954e-03
9.901327640046149181e-01,1.412601195769913609e-03,3.761667667098433573e-03,1.414105561731667285e-04,4.551556576343727088e-03
9.945572116469592050e-01,1.097124295931689412e-03,1.979811077771688552e-03,8.774430577914095919e-05,2.278108673558250016e-03
9.911915950735652459e-01,1.849364646500870676e-03,3.531430266090120756e-03,1.357227452492850664e-04,3.291887268594386167e-03
9.898045856226956873e-01,2.158042181638909849e-03,3.897888065226351190e-03,1.960811765441471078e-04,3.943402953895092621e-03
9.986727678798710262e-01,3.683030027158169383e-04,5.160455310686654128e-04,3.908395369310012368e-05,4.037996326513892714e-04
9.996097942467091491e-01,1.920146245500609008e-04,1.270852866661559624e-04,1.154667318829502461e-05,5.955916888626478563e-05
9.990768680982213823e-01,3.294215771023597584e-04,2.524175590045554872e-04,4.056254488621490622e-05,3.007302207856108519e-04
9.984338129915687476e-01,6.408014355628098655e-04,2.064731636238673984e-04,2.418150516402187817e-05,6.947309040806232561e-04
9.991796629760366644e-01,4.759321727302013813e-04,1.558094856849627052e-04,1.444249761811061556e-05,1.741528679300367150e-04
9.989998477202264304e-01,2.643192134188041150e-04,1.100765752829102926e-04,2.006032183219130284e-05,6.056961692395703518e-04
9.981307360297713149e-01,6.606352646527551345e-04,2.622591527699341110e-04,4.900591609179666197e-05,8.973636367143137402e-04
9.903313572535838993e-01,4.033814465734623760e-03,1.066955481489281245e-03,1.162688219982746963e-04,4.451603977194019436e-03
9.968612155643655770e-01,1.966631218384722133e-03,3.300485028152808889e-04,2.066255802798358616e-05,8.214421564065614492e-04
9.986544353141986186e-01,4.382484436531786706e-04,1.748912598782637821e-04,2.333507921466185098e-05,7.090899030551845459e-04
9.973669403354432639e-01,4.687187511262942132e-04,1.916872206160186273e-04,3.725238924141319831e-05,1.935401303572981645e-03
9.941346431730677669e-01,5.401048740609740075e-04,2.655755460530191984e-04,5.564340887234532591e-05,5.004032997945929290e-03
9.948488012444094419e-01,3.905337875728392841e-04,1.604060556238822181e-04,3.504050825654436485e-05,4.565218404137272486e-03
9.966909360335552970e-01,3.818241348397164413e-04,1.748865552919921492e-04,3.251940599411616572e-05,2.719833870318746818e-03
9.979017967372224573e-01,1.057413903568058151e-03,2.328425349158245029e-04,2.262892105429288432e-05,7.853179032393961491e-04
9.991530952323952608e-01,4.439843096352408106e-04,9.743992009065676743e-05,1.108822927269118934e-05,2.943923086060502565e-04
9.969479441439642597e-01,2.239402856784071354e-03,5.286894026627739392e-04,3.118532640895350954e-05,2.527782701799694866e-04
9.997109541342336092e-01,1.970107112096766678e-04,3.514475802866941689e-05,3.170486991404772799e-06,5.371990953657180260e-05
9.996215070117484558e-01,2.006585761808500905e-04,3.175277955254930662e-05,3.731290865631124636e-06,1.423503416527124052e-04
9.994792343775046328e-01,3.325937063214210614e-04,4.222445012386178228e-05,4.045976057126659126e-06,1.419014899929669322e-04
9.995107032817671655e-01,1.959753577410669196e-04,3.675324972886117827e-05,5.334584899038588377e-06,2.512335258636601916e-04
9.994471869865270142e-01,3.069388207329093498e-04,5.353387517377760214e-05,5.674879124678131775e-06,1.866654384417221939e-04
9.990641045307823154e-01,6.365727972476580444e-04,7.972469812380403005e-05,6.377185823701056599e-06,2.132207880225122558e-04
9.994277537555635860e-01,3.417501440106293078e-04,4.443327481435682425e-05,4.341099549099626096e-06,1.817217260625238282e-04
9.995987794723922848e-01,2.764182847119848454e-04,2.902802773915167447e-05,2.707487002383063011e-06,9.306672815424944084e-05
9.995891390790346831e-01,3.125057962911488812e-04,3.888298611897430396e-05,3.098362756819679557e-06,5.637377579842444759e-05
9.995485823231995415e-01,3.375926797913187251e-04,4.449124093911464563e-05,4.352248901161883093e-06,6.498150716871233445e-05
9.983914718895734453e-01,1.332426671359606633e-03,9.205489338543978734e-05,7.277616128231148996e-06,1.767689295532636254e-04
9.994247374490191627e-01,2.332443396661498802e-04,3.123625960436056143e-05,4.994753129449451494e-06,3.057871985808407545e-04
9.974246631314944711e-01,1.214247626986617251e-03,1.392928550981522597e-04,1.404438309616112371e-05,1.207752003324654658e-03
9.987833957823440967e-01,6.592057700975402631e-04,9.512756041552783925e-05,8.966565752450802909e-06,4.533043213904549618e-04
9.996906742682086788e-01,9.845580943071145417e-05,2.501530793438090246e-05,3.722203119994919080e-06,1.821324113062530508e-04
9.997657607636980526e-01,7.489114129778817904e-05,2.085970749724814585e-05,2.957717536883566484e-06,1.355306699701380952e-04
9.997609016224696665e-01,9.486482599060575200e-05,1.974900868356800799e-05,2.836341261285704975e-06,1.216482015948285158e-04
9.995721468068469173e-01,2.245366809617817879e-04,8.655570804667738762e-05,2.386021558309564796e-05,9.290058856157474307e-05
9.957489954114533415e-01,4.217279774634625426e-04,8.679383679986769516e-04,2.722055332109246922e-03,2.392829109752640587e-04
9.360003546071242742e-01,1.011993300273777725e-03,5.111568644776660376e-03,5.743541521247286230e-02,4.406682353524284264e-04
8.783425361647260177e-01,1.277234853444384963e-03,5.702579352966841673e-03,1.140684581582208507e-01,6.091914706420022878e-04
7.695826013835764812e-01,1.128315967398431721e-03,9.547743908303386526e-03,2.193593122270622586e-01,3.820265136593495835e-04
