1.464125389251376141e-01,1.517195266668365516e-01,5.066039908550842297e-01,1.599806961258472965e-02,1.792658739403570067e-01
4.462755268224258831e-01,4.746504030148763348e-02,1.406342763689925057e-01,7.340487640951937932e-03,3.582846688661419643e-01
8.724367676064219701e-01,1.052723752842714584e-02,2.066269763112165911e-02,3.747313794426776045e-03,9.262598343960240510e-02
6.829364809339014686e-01,2.373851163940522008e-02,1.112269291989128640e-02,8.282821551249290246e-04,2.813740323516771280e-01
4.545426443555035667e-01,4.252995069504392905e-02,1.168425753659591004e-02,3.635323681255632510e-04,4.908796150447311546e-01
7.499842806559171571e-01,5.768235854702192383e-02,7.245208428466413768e-03,1.348031077925315366e-04,1.849533492608019802e-01
7.627407064272470061e-01,8.015157274724396541e-02,1.785857115762307101e-02,3.247763536579686148e-04,1.389243733142279946e-01
8.522591952865601339e-01,5.189715679489331074e-02,1.297131416058846555e-02,2.565027230914772977e-04,8.261583103486669355e-02
8.530486103175329848e-01,4.292633384542410280e-02,1.508681154586781134e-02,3.240393562593009555e-04,8.861420493491577177e-02
6.069734798716489577e-01,1.009321179184608647e-01,3.207209237691606429e-02,4.191704580862864191e-04,2.596031393748877703e-01
4.341737045774105574e-01,2.692508052570145027e-01,1.162644156604712431e-01,8.596268074883893582e-04,1.794514476976153960e-01
3.870354469229361771e-01,3.790681100516851698e-01,1.517722221545396155e-01,8.651858670156171559e-04,8.125903500382332389e-02
4.533467382670477996e-01,3.823009085253710193e-01,7.871721810904876160e-02,4.351565618236545130e-04,8.519997853670877030e-02
4.406979457446286164e-01,5.432661851535845743e-02,3.538659275322731529e-02,5.967285406772114813e-04,4.689921144461082769e-01
8.586661109089687161e-01,1.382873663538630553e-02,7.189292274572836594e-03,1.923876170158656733e-04,1.201234725640564216e-01
7.615791986677853398e-01,2.359849299900646652e-02,1.252803914091039743e-02,2.918860756966886534e-04,2.020023831166012362e-01
4.759357924100886539e-01,3.599879495545817154e-02,1.624821465865156425e-02,2.993157969358032949e-04,4.715178821788658658e-01
6.200594810693371706e-01,4.560967630705752701e-02,2.119455368376513965e-02,3.847303832475731196e-04,3.127515585565924794e-01
4.953608128077697237e-01,2.409746075448541275e-02,1.249166787199959029e-02,4.344093640513471948e-04,4.676156492016939614e-01
5.695862689419769476e-01,1.144309472610132855e-01,3.226149207259513402e-02,5.003982884774769210e-04,2.832208934359372043e-01
4.740049716834096594e-01,1.195883658485739770e-01,3.238286490312781291e-02,4.280859106292266253e-04,3.735957116542593104e-01
5.439070696319223686e-01,1.803625465333634215e-01,5.134534299917746514e-02,4.940253394420495965e-04,2.238910154960946919e-01
5.927765526528629980e-01,1.661758579644310452e-01,3.874989214718965042e-02,3.605578174261781887e-04,2.019371394180899115e-01
6.212567656362693036e-01,2.187479972510989190e-01,5.325496947148269933e-02,4.385555231888720864e-04,1.063017121179603008e-01
6.996657346198720262e-01,1.705830527401796248e-01,5.397792093748517150e-02,4.186303601363284958e-04,7.535466134232682300e-02
6.037812437884314543e-01,2.271086094249826492e-01,1.014544700229925295e-01,5.928250007407630858e-04,6.706285176285263494e-02
7.096597771988039094e-01,1.098394250076270701e-01,4.652298757826708875e-02,4.974807149091964179e-04,1.334803295003927359e-01
6.886238902860037925e-01,7.579150464858891434e-02,2.879759311834443128e-02,3.259025980637661924e-04,2.064611093489991112e-01
6.524256460863542273e-01,1.091469953638894569e-01,3.379299843307317919e-02,2.948851756568066388e-04,2.043394749410262778e-01
4.959825844853176791e-01,2.654389888904489792e-01,9.220303227394523182e-02,4.861447631445124130e-04,1.458892495871435546e-01
5.780682459737137568e-01,2.157420182959953192e-01,7.718958903463542243e-02,5.326206426823746915e-04,1.284675260529733187e-01
5.469155539817068812e-01,1.213589477447236109e-01,4.374321445865242408e-02,6.743459377963657592e-04,2.873079378771206671e-01
4.502740954553647312e-01,1.512071754435103110e-01,4.106239776093746630e-02,4.104564563735958304e-04,3.570458748838138963e-01
3.837949780942550015e-01,4.877837614228693053e-02,4.754794762873176123e-02,5.676364897079246540e-04,5.193110616450183903e-01
4.527577290264873655e-01,8.782523212440232485e-02,4.791618597180044570e-02,5.908095948515190363e-04,4.109100432824582816e-01
6.292000308925695951e-01,6.342723374734750286e-02,4.464026780764038249e-02,8.547406621956514950e-04,2.618777268902471866e-01
5.766701057751182358e-01,1.276304614515625380e-01,8.814073647453964100e-02,1.061078469703375391e-03,2.064976178290762743e-01
5.319257418799121506e-01,1.964778763410399420e-01,1.599364198193569120e-01,1.440190572666775592e-03,1.102197713870241708e-01
5.990080234345178667e-01,1.732985833757199334e-01,1.739813862830299207e-01,1.583348040053319215e-03,5.212865886667903542e-02
8.654415524328680220e-01,1.568518524730176320e-02,2.257471403897205742e-02,5.248557445144709770e-04,9.577369253634368529e-02
9.078970152426965035e-01,1.656317220448547817e-02,2.033588026757274236e-02,8.526037558575156380e-04,5.435132852938765607e-02
9.129378975454534029e-01,2.782436526568436361e-02,3.176562109523592414e-02,9.284332422052937912e-04,2.654368285142096398e-02
8.904931112247909120e-01,1.939340023598180515e-02,1.423995047598687613e-02,4.102451700184708188e-04,7.546329289322209477e-02
9.741763930040264752e-01,8.735607549114118159e-03,3.277058176292313874e-03,1.378719861928242847e-04,1.367306928437427710e-02
9.826261220770201588e-01,9.265781168608336338e-03,1.741675183031381972e-03,7.741866399216113643e-05,6.289002907348022371e-03
9.773972896313521952e-01,1.174816524964766851e-02,1.833752978285299248e-03,6.690542348398878601e-05,8.953886717230685743e-03
9.523938311472958107e-01,2.243734608906232733e-02,2.843484449537452691e-03,8.955538265314417546e-05,2.223578293145117915e-02
9.308365173568632356e-01,4.232418556923514541e-02,5.249957342719509430e-03,1.243482112836532887e-04,2.146499151989856094e-02
9.208210756294101795e-01,3.708105563363873342e-02,9.638491875721683436e-03,2.537924460700240973e-04,3.220558441515928433e-02
9.582252013878865826e-01,1.115219471791097441e-02,4.040549622479423092e-03,1.605236689059387305e-04,2.642153060281704491e-02
9.486946617111763347e-01,1.459936731986515024e-02,9.217430580279198371e-03,4.170170831966656978e-04,2.707152330548264971e-02
9.697379939192216636e-01,1.084287838401364751e-02,7.228382914465238118e-03,2.938095221940570032e-04,1.189693526010532007e-02
9.157482969312100707e-01,3.399606391546142192e-02,1.603913525408874607e-02,4.512882902187479524e-04,3.376521560902104313e-02
8.847716418581872411e-01,5.274028071950842556e-02,2.392116262737910282e-02,4.220696803821896216e-04,3.814484511454296206e-02
9.183654565571749417e-01,2.737303098332128509e-02,1.425333914789044670e-02,4.066607752061706716e-04,3.960151253640722957e-02
8.900904639849691602e-01,3.196990597254051325e-02,1.855277354049706534e-02,4.211098069794209724e-04,5.896574669501381677e-02
9.614848885206863649e-01,1.735633315834494636e-02,5.443189293143814965e-03,1.328222634390064457e-04,1.558276676438592745e-02
9.162072576801080226e-01,3.997366702039735487e-02,1.464993278236815556e-02,3.198190919864070392e-04,2.884932342513998882e-02
8.671425537092177782e-01,6.567041701638635931e-02,2.558563688638576181e-02,4.620280338443887871e-04,4.113936435416579857e-02
8.254454525428278622e-01,8.895363337387668379e-02,2.861082153729908178e-02,5.955372341166053751e-04,5.639455531187980569e-02
7.939595668451731036e-01,1.045511550071083484e-01,4.261425857705840314e-02,9.786760982682628229e-04,5.789634347239198259e-02
6.828479994724290236e-01,1.828239032529252739e-01,7.922162975497325232e-02,1.415425650897906423e-03,5.369104186877454721e-02
5.444273770848349070e-01,2.408794883638131767e-01,1.859715075766170955e-01,2.345576888125885159e-03,2.637605008660901668e-02
5.652142827282475857e-01,2.200357467701389846e-01,2.001653086089591749e-01,1.605763510376722724e-03,1.297889838227756290e-02
6.097929709848747271e-01,1.945769769678913352e-01,1.819401461737012449e-01,1.798301622570401027e-03,1.189160425096208451e-02
7.461672969025096025e-01,1.435075345502036526e-01,1.000908008935472854e-01,1.369440443198789064e-03,8.864927210540532801e-03
8.214757572429707277e-01,1.105223083205109924e-01,5.891756986300013266e-02,1.119262930913972201e-03,7.965101642604235921e-03
7.735907107892762147e-01,1.374319975951474593e-01,7.556752550890544207e-02,1.337459695116455976e-03,1.207230641155443082e-02
8.968112730294063306e-01,6.894223282772618533e-02,2.890519487628681258e-02,5.417515546963917218e-04,4.799547711884261103e-03
9.245974124524853899e-01,4.757347740618753096e-02,2.260297849860526745e-02,5.927763273343161646e-04,4.633355315387470072e-03
9.217232598277842470e-01,5.196565756331803648e-02,2.263835477016203079e-02,4.109163281420524783e-04,3.261811510593801058e-03
9.655903573537861773e-01,1.799387652618867142e-02,1.224433662348419979e-02,4.223514987707691071e-04,3.749077997770227516e-03
9.938568953256239347e-01,4.166623122529269224e-03,1.264666290786395191e-03,4.201253757754996995e-05,6.698027234828095181e-04
9.752733531036356096e-01,1.698876675995335261e-02,4.324877000726055909e-03,1.068466568870886959e-04,3.306156478797817131e-03
9.837872760435896202e-01,6.373210529361273378e-03,1.899412117447670141e-03,8.616773255824837269e-05,7.853933577043161959e-03
9.653201207763316694e-01,1.468952459741449876e-02,7.280719474416896125e-03,1.988029284065454471e-04,1.251083222343033104e-02
9.683273985628588765e-01,9.748310663843023569e-03,3.256331515551259565e-03,1.341998081351746582e-04,1.853375944961159830e-02
9.873019462937228097e-01,3.307641013658242559e-03,9.354691745639771763e-04,4.746070033047218573e-05,8.407482817724361290e-03
9.775337370687082750e-01,8.704692469060007834e-03,3.181741464763762281e-03,1.292593461684585937e-04,1.045056965129948293e-02
9.792197937509771188e-01,8.491805596475611798e-03,4.319853539465574876e-03,1.102375451153097928e-04,7.858309567966447265e-03
9.445318161677086488e-01,2.896882361751559193e-02,2.068668150271859782e-02,3.964404702052492678e-04,5.416238241851949360e-03
9.702558683498011538e-01,1.428186551436949267e-02,1.241528547510712191e-02,3.593182650391052641e-04,2.687662395683266484e-03
9.655771300136546387e-01,1.642149834227404903e-02,1.316770518076405480e-02,3.814970399759688886e-04,4.452169423331398326e-03
9.323778897277148481e-01,2.125199578333730396e-02,3.963886059202591239e-02,1.194800959402203067e-03,5.536452937519624300e-03
9.529153456408017142e-01,7.811988052219456802e-03,1.572163325064116629e-02,8.217060679182754514e-04,2.272932698841944460e-02
9.601315565595195389e-01,3.967692579645155752e-03,4.012365797620010346e-03,2.547947285049211291e-04,3.163359033471035975e-02
9.709538437478704154e-01,6.515882365447467177e-03,6.255071341991288655e-03,3.939045010557510771e-04,1.588129804363520511e-02
9.603333992686261533e-01,7.824012972279258821e-03,6.560196143470847958e-03,4.997964664085693693e-04,2.478259514921527309e-02
9.513851486627853404e-01,7.170713105556827602e-03,6.100390060712874638e-03,4.681899063871561252e-04,3.487555826455789043e-02
9.855235763711177599e-01,3.643051080679606674e-03,2.694225800856094727e-03,2.062753002523020653e-04,7.932871447094202999e-03
9.936269067536819266e-01,2.871687492718778042e-03,8.680441604121804993e-04,4.995775252422583827e-05,2.583403840662710192e-03
9.720823630560884165e-01,8.598609967476456700e-03,2.215023534808310043e-03,1.140790513774362578e-04,1.698992439024910386e-02
9.469229232709928112e-01,1.973105402402652864e-02,6.797374382478465690e-03,1.925646872971150216e-04,2.635608363520521719e-02
9.789428226028792368e-01,4.569514889754988651e-03,1.736656097548824971e-03,7.970989364918017401e-05,1.467129651616776512e-02
9.978731151862793025e-01,6.826953138845018136e-04,1.148913360051733866e-04,7.459006127583175367e-06,1.321839157703567436e-03
9.990717463463083536e-01,5.830502201835849026e-04,6.358975546866348809e-05,4.082478635913186205e-06,2.775311994033801159e-04
9.994039210657835737e-01,3.979669760582178425e-04,3.806303516714906407e-05,2.952985219183822027e-06,1.570959377720177808e-04
9.992958171069545870e-01,4.879611670725310748e-04,6.322885021771663613e-05,4.737159339163859510e-06,1.482557164159982173e-04
9.990628632697352574e-01,6.773447073513017436e-04,8.167250993423313152e-05,5.895247173415438982e-06,1.722242658056455161e-04
9.973832934876345480e-01,2.122795867959660111e-03,2.351527307854911226e-04,1.323873212320251937e-05,2.455191814971856941e-04
9.987408931809172996e-01,8.683943943695316943e-04,1.223235170561354842e-04,9.910096074560929933e-06,2.584788115823321826e-04
9.988803424468600811e-01,6.489571485125509177e-04,7.674703854296074967e-05,8.364940938556017210e-06,3.855884251459812135e-04
9.980972529494622769e-01,1.285460491741664303e-03,1.325062264344286701e-04,1.147424617354702729e-05,4.733060861880335419e-04
9.953257108726426550e-01,3.121111095584116774e-03,2.745906822101359967e-04,1.874809366788460322e-05,1.259839255895368057e-03
9.936608907764483689e-01,4.140697794966487211e-03,5.781223183083832647e-04,3.362804460471468084e-05,1.586661065672045770e-03
9.975678635804773320e-01,1.699895213275325447e-03,1.609036332188760435e-04,1.000940096926525076e-05,5.613281720593239722e-04
9.957411315055209045e-01,3.440661768813478832e-03,2.008645309333032967e-04,9.658732540136234491e-06,6.076834621919085817e-04
9.989651865663699004e-01,8.766246985370499279e-04,4.763316649487942997e-05,2.638367055920253060e-06,1.079172015422247125e-04
9.985458037795017505e-01,1.276924971790999262e-03,5.450901458621099208e-05,2.977498430314261396e-06,1.197847356907616510e-04
9.941913154717183509e-01,5.294298362486754388e-03,2.238000357287876232e-04,7.287872732949542470e-06,2.832982573331638623e-04
9.934411579110031809e-01,5.981388803373750146e-03,2.878637942177988593e-04,7.463433469641426446e-06,2.821260579357232783e-04
9.871524202699109019e-01,1.126408057018178643e-02,3.742779727074520280e-04,8.615060382740094582e-06,1.200606126817210274e-03
9.958286033209674537e-01,3.543866639171455030e-03,1.391581109939137246e-04,4.409286075903111466e-06,4.839626427911762965e-04
9.833755198932591091e-01,1.511675006061976440e-02,6.839327983293561238e-04,1.347337372961916280e-05,8.103238740620928322e-04
9.957683677775827080e-01,3.709091833136479808e-03,2.161808255725385889e-04,5.993561909812426026e-06,3.003660017982951185e-04
9.957410946433115084e-01,3.839190618408448285e-03,2.324331974838216291e-04,6.586574376825770702e-06,1.806949664193474494e-04
9.969747523852139359e-01,2.733730535994698899e-03,1.764808274448105498e-04,5.070525207405122782e-06,1.099657261389613871e-04
9.958351225097046289e-01,3.701634666896547188e-03,2.978453871655590310e-04,8.143953842991604039e-06,1.572534823903228571e-04
9.914921183114909775e-01,7.718861576343337243e-03,5.170656153255775295e-04,1.031838468455986177e-05,2.616361121554083738e-04
9.896604598998874902e-01,9.385668530514257313e-03,6.859190402411268405e-04,1.206328839911861016e-05,2.558892409579862867e-04
9.908545953075744706e-01,8.363694829221704832e-03,5.317742126078059753e-04,1.000905203988866441e-05,2.399265985562772487e-04
9.808671375122367531e-01,1.755134751453518369e-02,1.226300025069728891e-03,1.806197526602093176e-05,3.371529728922365130e-04
9.860445308411707188e-01,1.279002444579592501e-02,8.477953529187857041e-04,1.259615546558518659e-05,3.050532046489667264e-04
9.677045822189939139e-01,2.969123672858670071e-02,1.800620720281148049e-03,2.388001951176819981e-05,7.796803126264634969e-04
9.895814961355371420e-01,9.507210516189086580e-03,4.513487805277358305e-04,9.746705556871705783e-06,4.501978621892443696e-04
9.952588019511731110e-01,4.223148389102406031e-03,2.326218475743405947e-04,6.644012561984765137e-06,2.787837995880722980e-04
9.881893985728128493e-01,1.078475027560795406e-02,6.788168558920274452e-04,1.317412899618191000e-05,3.338601666909384014e-04
9.877700877534055790e-01,1.116834589614004725e-02,7.034503383889617037e-04,1.194182692501045737e-05,3.461741851405474068e-04
9.898564183583518084e-01,9.134722462366870119e-03,5.371274105645895778e-04,1.106402285200177090e-05,4.606677458645807091e-04
9.955790799065761254e-01,3.855524094047274239e-03,2.361467222646347229e-04,5.827392108021058147e-06,3.234218850039064820e-04
9.962256093547756652e-01,3.351798506396717545e-03,2.155518388806563969e-04,5.731818423547718960e-06,2.013084815232682847e-04
9.971248975327197117e-01,2.458565021578894283e-03,1.409755401239288705e-04,4.697194510899614520e-06,2.708647110666748885e-04
9.917904843808469373e-01,7.202886696536003712e-03,4.131154747697015576e-04,9.888755846810241444e-06,5.836246920006374914e-04
9.956867141278047395e-01,3.789883260317654986e-03,2.765524286088932816e-04,7.296987329248919122e-06,2.395531959394461613e-04
9.922009844997450312e-01,6.997673042689721810e-03,5.099701796846739304e-04,1.174353177458968543e-05,2.796287461059270138e-04
9.538362093332317659e-01,4.289304492189349727e-02,2.615237297091002264e-03,2.949035588737073819e-05,6.260180918963246383e-04
9.240280351862640851e-01,6.984836017460806235e-02,4.418892521199043778e-03,4.307564092993644008e-05,1.661636476998653005e-03
8.840670263887733249e-01,1.057431606153643178e-01,8.073752275487533839e-03,6.467104850741198620e-05,2.051389671867352368e-03
9.766708488172461955e-01,2.028138797918863784e-02,2.500521928939022399e-03,2.884834561241278908e-05,5.183929290136899846e-04
9.933211897752383113e-01,5.731526167469782641e-03,7.403992899150704495e-04,1.525076591398985548e-05,1.916340014628190849e-04
9.922827956853818021e-01,6.690881778107414524e-03,8.408883223219765397e-04,1.822876944661952009e-05,1.672054447421941314e-04
9.732081788566180336e-01,2.389358061979815831e-02,2.559603436997053266e-03,3.643630627624233858e-05,3.022007803105768143e-04
9.735428286181799784e-01,2.267918206790000071e-02,3.423627332212206362e-03,4.323347320368704094e-05,3.111285085041611215e-04
9.814390383342243007e-01,1.617039589023964302e-02,2.139121592279628892e-03,2.562783507006729172e-05,2.258163481864232098e-04
9.829497845568841985e-01,1.496886409072377758e-02,1.810850382165446124e-03,2.303409899015948040e-05,2.474668712365639097e-04
9.715098689648885566e-01,2.442293042991055055e-02,3.689842337588769040e-03,4.097213895665343482e-05,3.363861286557028865e-04
9.766372525682672778e-01,2.056241780606660186e-02,2.288093834227821529e-03,2.820928278935439984e-05,4.840265086489918263e-04
9.821921504484680820e-01,1.561712979268762777e-02,1.618447231754900281e-03,2.045816265575943260e-05,5.518143644337660143e-04
9.919353579146128475e-01,7.167647623165145435e-03,6.032473605740131450e-04,9.772716602242891275e-06,2.839743850456995233e-04
9.645404264286772111e-01,3.067910969890472878e-02,1.526508287180965628e-03,1.807133355452713195e-05,3.235884251682557677e-03
9.528852603610815653e-01,1.935151247036667396e-02,1.414039968282352700e-03,2.348668505709161197e-05,2.632570051521253979e-02
9.831143796883158315e-01,6.513457429705460724e-03,3.998649565138595922e-04,1.046916235917327669e-05,9.961828763105700854e-03
9.922977924186917598e-01,4.323708035084821225e-03,2.189944867857544439e-04,5.669578029781172456e-06,3.153835481407897719e-03
9.967339790620616258e-01,2.234673555866572344e-03,9.869914430002944307e-05,3.397454967887528630e-06,9.292507828038486066e-04
9.818534688468795180e-01,1.262772847275861129e-02,5.450455150637702499e-04,1.059519238596792278e-05,4.963161972912192438e-03
9.699353902352568779e-01,1.126325161784789280e-02,6.198792009046715261e-04,1.357872128957579240e-05,1.816790022470097035e-02
9.916352047265079017e-01,5.233459863358387587e-03,2.632080992786184933e-04,6.074276440149984651e-06,2.862053034414869645e-03
9.757680491858292671e-01,1.550631330039886450e-02,6.654963875258247024e-04,1.127977445279473719e-05,8.048861351793423421e-03
9.891392656298109154e-01,7.410553789743629279e-03,3.279647136289844437e-04,6.022610393104192310e-06,3.116193256423457729e-03
9.177760034809079315e-01,5.275178649110048162e-02,1.835226838012178445e-03,2.232500040842282817e-05,2.761465818957088009e-02
9.769082464566950508e-01,5.209921382150033142e-03,3.117116877449445963e-04,9.467923399717337256e-06,1.756065255001029030e-02
9.766596769267882339e-01,6.092622680090382242e-03,3.250451974851109897e-04,9.421543032944723538e-06,1.691323365260336692e-02
9.920803719452777614e-01,3.021426125847987212e-03,1.391348107941937874e-04,5.226030973211579553e-06,4.753841087106834735e-03
9.792722480990443401e-01,1.037246064895681885e-02,7.010663660429006065e-04,1.642221017357574399e-05,9.637802675782415271e-03
9.829065338983803413e-01,5.927811015294955251e-03,3.252435333907927593e-04,8.583190205939224206e-06,1.083182836272820158e-02
9.958189705310565021e-01,1.701424843657894188e-03,8.109381179611351703e-05,3.196809199787668699e-06,2.395314004289809777e-03
9.974113219389466600e-01,1.411455483930892799e-03,5.789344257500181638e-05,2.745399776596469207e-06,1.116583734770740764e-03
9.981885987003302763e-01,1.106018693121213481e-03,4.398646004877990949e-05,2.201970760333230458e-06,6.591941757395151620e-04
9.993707487219988250e-01,4.030373151654474207e-04,2.116367753604063911e-05,1.093549066605427064e-06,2.039567362331556682e-04
9.992000960280145172e-01,5.421591211175602739e-04,2.718921953991636038e-05,1.659363537870208533e-06,2.288962677903227927e-04
9.983402953482014563e-01,8.919451411564374493e-04,3.740629471159329198e-05,3.021444521559198470e-06,7.273317714088699476e-04
9.983977486278998725e-01,9.988806075511863936e-04,4.799209772994106007e-05,3.072523943130579813e-06,5.523061428758793343e-04
9.987409079282726365e-01,9.202061758407942011e-04,5.774887409419733554e-05,2.886418322182036045e-06,2.782506034702311032e-04
9.989401218117788250e-01,8.373257348094688976e-04,5.281084457349731075e-05,2.175484297487934883e-06,1.675661245407892902e-04
9.995048934706431965e-01,3.980285516623022430e-04,2.219771146987675457e-05,1.253555304288923595e-06,7.362671092032060786e-05
9.993895363393262565e-01,4.241288746580211566e-04,2.101008523028225067e-05,1.427454354823600739e-06,1.638972464305505326e-04
9.993790968087011839e-01,3.555672961768321840e-04,1.607538436128136294e-05,1.306562598897694380e-06,2.479539481617487433e-04
9.991618157477174522e-01,5.422684155875414237e-04,2.028633059027487009e-05,1.631444355618669289e-06,2.739980617491677515e-04
9.977086573829243576e-01,1.024305697328443563e-03,4.174683160892075375e-05,3.426918983186105950e-06,1.221863169155047073e-03
9.982876905903377285e-01,5.925614501222355125e-04,2.672580879612917689e-05,2.614852335558755599e-06,1.090407298408299424e-03
9.821386445596383963e-01,7.201308427978993405e-03,2.201743154780872944e-04,9.859277672570935879e-06,1.043001341923207800e-02
9.878141072311099613e-01,7.289618725492033949e-03,2.228815380002055252e-04,6.654428596092561378e-06,4.666738076801605142e-03
9.973325861231228107e-01,1.827545630378210433e-03,6.481121795786693764e-05,2.193035210967373503e-06,7.728639933301638268e-04
9.981542591415840660e-01,9.018224583359210145e-04,3.494595687653106629e-05,1.812142072154702228e-06,9.071603011313210049e-04
9.949530957868515380e-01,3.202763690002198137e-03,8.862463308684531444e-05,3.811033363625600347e-06,1.751704856695892373e-03
9.981082805717603756e-01,1.232646712396997732e-03,5.559127589398188537e-05,2.195402497944746069e-06,6.012860374507817633e-04
9.982017749005998031e-01,9.952542222827782253e-04,6.197868607654068054e-05,3.454936411256017187e-06,7.375372546296486611e-04
9.983411699579077814e-01,1.199714568840922879e-03,8.521094017104036394e-05,4.749373817399445491e-06,3.691551592628524434e-04
9.973483079759927206e-01,1.701087736951714061e-03,1.499635910345547402e-04,9.941567092899871163e-06,7.906991289280929872e-04
9.991233134329772225e-01,5.166498006523421614e-04,4.747452373104420989e-05,3.820447960068271067e-06,3.087417946792372545e-04
9.992215386693504842e-01,5.421124359932201269e-04,4.521236475820651553e-05,3.016761217151927525e-06,1.881197686809867205e-04
9.990876044513923304e-01,4.786329347763308793e-04,3.791642116311433997e-05,3.077934013484749153e-06,3.927682586548601621e-04
9.967538664804302950e-01,9.099265962508467937e-04,7.764024988769547859e-05,8.122908167721346238e-06,2.250443765263301921e-03
9.988429041758332128e-01,3.703011399243638343e-04,4.010556302978893222e-05,4.031028130600001086e-06,7.426580930819140199e-04
9.979177429446771663e-01,8.558855464145516487e-04,9.982379035015975842e-05,9.684188497243156535e-06,1.116863530060936823e-03
9.984100722171389553e-01,3.501361435807271382e-04,7.456019061794898770e-05,1.145507902804828720e-05,1.153776369634255082e-03
9.986716820285072016e-01,3.282981020878556182e-04,5.209547166905623112e-05,6.763087609839733999e-06,9.411613101261537447e-04
9.958088292263198582e-01,5.724378390382738307e-04,8.957251935808225891e-05,1.192111602147430169e-05,3.517239299262301701e-03
9.979827059511673371e-01,7.686581540597747829e-04,1.207569067615016394e-04,9.842613221814528905e-06,1.118036374789488927e-03
9.957659945250979527e-01,8.573274979865989649e-04,1.404762233174757598e-04,1.643950444556171057e-05,3.219762249152282284e-03
9.986987020080110300e-01,3.808953557677711098e-04,7.859798468531510444e-05,1.271774171055968731e-05,8.290869098254292262e-04
9.987645838617771332e-01,4.437102233708069775e-04,9.635298964521418178e-05,1.298831609548195609e-05,6.823646091114203473e-04
9.983619030410333384e-01,5.915735152792790663e-04,1.901419633706960229e-04,2.988961607964095795e-05,8.264918642370738854e-04
9.993674222574173704e-01,3.542840254110393326e-04,6.369274428367351049e-05,7.217597981841702912e-06,2.073833749060256066e-04
9.944164655870609826e-01,3.514744811044601038e-03,4.262232257710502265e-04,2.120257391417956856e-05,1.621363802209010822e-03
9.904347191369621273e-01,5.253682255785198547e-03,7.368136558435485310e-04,2.974359309234545144e-05,3.545041358316729230e-03
9.820436978746787116e-01,1.334494477645824760e-02,1.131196423693598329e-03,2.916111153556715993e-05,3.450999813633937735e-03
9.752879326995591569e-01,1.658783713417390573e-02,1.312516618658695353e-03,2.832396068739719027e-05,6.783389586920764505e-03
9.581823860567291185e-01,2.391459404553785556e-02,1.691089671896739638e-03,4.607285421730673440e-05,1.616585737161907801e-02
9.453372745955551659e-01,1.658469151443549630e-02,1.686167770590194003e-03,4.907198228986619880e-05,3.634279413712943746e-02
9.257224673930176673e-01,7.716958775740467846e-03,1.402358474666959851e-03,4.498285328870171092e-05,6.511323250328615586e-02
9.355665899371441441e-01,1.537680539348256110e-02,2.013583771507755030e-03,4.826252697320574715e-05,4.699475837089217567e-02
9.070142900857426360e-01,3.626408998135791095e-02,4.273856715247681751e-03,8.651489583794786872e-05,5.236124832181392880e-02
9.208081432824327672e-01,4.965377785515750347e-02,7.954003247406787186e-03,1.427804879316114679e-04,2.144129512707129009e-02
8.684913642314204818e-01,8.636363559114924870e-02,9.706743263733120727e-03,1.336803162528259095e-04,3.530457659744431348e-02
8.717558987838667228e-01,8.457915014023514866e-02,1.045494118912389421e-02,1.361325688517166981e-04,3.307387731792239827e-02
8.855561638474629405e-01,1.505781737072956449e-02,3.997542838953567837e-03,1.364076840709916758e-04,9.525206825878280992e-02
8.690381454954015927e-01,2.470224095489473651e-02,8.935571255182414921e-03,3.501822257445697277e-04,9.697386006877660447e-02
9.746088258016241124e-01,7.665927169113935860e-03,3.074883854616820063e-03,1.806396011298779067e-04,1.446972357351540041e-02
9.844718163097744279e-01,8.197319040640178509e-03,3.438134729092564776e-03,1.855938721879800250e-04,3.707136048304901076e-03
9.907803325117099380e-01,3.471078521625120972e-03,1.864035021165971317e-03,1.677551328098264864e-04,3.716798812689101669e-03
9.866018792748230126e-01,4.572238606917827797e-03,2.794991336835272490e-03,2.807661819865149436e-04,5.750124599437274678e-03
9.883477351133281852e-01,3.301153003317028323e-03,1.861664261606168873e-03,2.361047368351317833e-04,6.253342884913569780e-03
9.774659349461105595e-01,6.909058590766816582e-03,4.334522959943363889e-03,4.343599675356895804e-04,1.085612353564342596e-02
9.671345297440857580e-01,5.670720350566156587e-03,2.933552655641034814e-03,3.782125125356354100e-04,2.388298473717124018e-02
9.630341200803715918e-01,5.910037454172966526e-03,3.261572652211615353e-03,3.729602370022308631e-04,2.742130957624146562e-02
8.915242530411502386e-01,1.337892873426309651e-02,1.022833347125465080e-02,1.041657997918284768e-03,8.382682675541375250e-02
8.663644942856973952e-01,2.425563186581933262e-02,2.866924730065548502e-02,2.015575203495873716e-03,7.869505134433191218e-02
8.631160272172322401e-01,2.354758527265205653e-02,3.372300320406215052e-02,2.651633018226538796e-03,7.696175128782706265e-02
8.933517345293302547e-01,1.511884273554557970e-02,2.330365145973144550e-02,3.030964514746659934e-03,6.519480676064599856e-02
8.789095978802775599e-01,1.070422527974894920e-02,1.423284658773394870e-02,2.313315696092710632e-03,9.384001455614662812e-02
9.257640712211614442e-01,1.043589486151788939e-02,1.184086835232725510e-02,1.728178555954758278e-03,5.023098700903882302e-02
9.343578241509371551e-01,7.197645352962382323e-03,6.684987660563408533e-03,9.778441441737660902e-04,5.078169869136332087e-02
9.172375505606570334e-01,2.012690810080402029e-02,1.883262130881304536e-02,1.677729842820799896e-03,4.212519018690494277e-02
9.710082425509108939e-01,3.199519133897519869e-03,2.120561705330928619e-03,3.187111829838607619e-04,2.335296542687667967e-02
9.731212444044829990e-01,3.494339353746471737e-03,1.851460552113508859e-03,2.540016470025020399e-04,2.127895404265445559e-02
9.941046672123667882e-01,1.533451620427038432e-03,3.829532497352862203e-04,3.678745641680564101e-05,3.942140461054144743e-03
9.710858436904160618e-01,1.136625236973241686e-02,6.619320072345521652e-03,4.116199564722001656e-04,1.051696391103384802e-02
9.581605859622526200e-01,1.926078645129333453e-02,1.608513733983134297e-02,8.402360717464957447e-04,5.653254174876313869e-03
9.214827507074550006e-01,2.393036905847975571e-02,3.570191129323202484e-02,2.112506775676146684e-03,1.677246216515716759e-02
7.254975372194445438e-01,4.793448879288271514e-02,2.016241324077683306e-01,8.214302129800895441e-03,1.672953945010361917e-02
9.403571436844717635e-01,1.286967640270136708e-02,3.393047539982860239e-02,2.442008616964524894e-03,1.040069589603369142e-02
9.618497932839540354e-01,1.077210580531822066e-02,1.997814601510662647e-02,1.298724950617062297e-03,6.101229945003879516e-03
9.655852747923214796e-01,5.613964765373040920e-03,8.265113101129237944e-03,7.556253527209051126e-04,1.978002198845513204e-02
9.538554286555960271e-01,1.630716183220642587e-02,1.167171122758481859e-02,6.098807162337345749e-04,1.755581756837898411e-02
9.451239258168280255e-01,6.382038274736760719e-03,4.934571618109796429e-03,4.415209561510002141e-04,4.311794333417450636e-02
9.735186361948663381e-01,8.206389959980303281e-03,3.223884040666178535e-03,2.290143066364113170e-04,1.482207549785078890e-02
9.562127193336460440e-01,2.160369102319724746e-02,1.064136979255023673e-02,4.372334493179295218e-04,1.110498640128853264e-02
9.665623838574388671e-01,1.315481124215967489e-02,5.010805825325142550e-03,2.639884270849562615e-04,1.500801064799131210e-02
9.557857058157495089e-01,1.364965325637179823e-02,1.163781216854444141e-02,4.180040078055636816e-04,1.850882475152873172e-02
9.781938518172214048e-01,7.645718499017573055e-03,8.227925629391567158e-03,2.688129309402260037e-04,5.663691123429401460e-03
9.875504857803834025e-01,5.226996602226006289e-03,2.848683208757778716e-03,1.311280200262659329e-04,4.242706388606689964e-03
9.762979491870260595e-01,1.129991563503814599e-02,5.804575154492457208e-03,2.077216104991827950e-04,6.389838412944201518e-03
9.857057363104375636e-01,4.610939850659890281e-03,3.139578129131762648e-03,1.751704465548398096e-04,6.368575263216039693e-03
9.903454195835011964e-01,3.033304368423019211e-03,9.992084427637791099e-04,6.102093882834559230e-05,5.561046666483856864e-03
9.681627295008230494e-01,8.263012263317184164e-03,4.278433248610042164e-03,1.809895740641003447e-04,1.911483541318581211e-02
9.814011878106518871e-01,5.512459792824601044e-03,3.704062086540153235e-03,1.930024370381976302e-04,9.189287872945173588e-03
9.764731703570609378e-01,6.270591485217843174e-03,8.422309292772331771e-03,4.331260094499268841e-04,8.400802855498861604e-03
9.612137349487467342e-01,5.882240620099652567e-03,1.104858204973682527e-02,5.842162363785824300e-04,2.127122614503837092e-02
9.775749141260107189e-01,5.871531321935221683e-03,6.813904652715518755e-03,2.816607205620030602e-04,9.457989178776434608e-03
9.853258797496849963e-01,3.973432992979487530e-03,6.052578766282742419e-03,2.646650906740228974e-04,4.383443400378699700e-03
9.589209557422034846e-01,7.015097595795652917e-03,1.506080360717433099e-02,5.639492280153048836e-04,1.843919382681126831e-02
9.380222362438613848e-01,7.963977709512407716e-03,1.286024139107761442e-02,6.410428804088543061e-04,4.051250177513993772e-02
9.310803036405161937e-01,6.762727237493414319e-03,1.650342475599571659e-02,1.027567698353299298e-03,4.462597666764127335e-02
9.610264781753455887e-01,6.276391682230137922e-03,6.008597390375168892e-03,3.343144932706074634e-04,2.635421825877860835e-02
9.631814683602726301e-01,6.965643503575967045e-03,6.421908338279655633e-03,3.627596460010441490e-04,2.306822015187084268e-02
9.457491527164444411e-01,1.226612135493052730e-02,2.051813990454470424e-02,9.561468180004940040e-04,2.051043920607954069e-02
9.278577431143547605e-01,1.504740538745692746e-02,2.520962645698814758e-02,8.994727295077234452e-04,3.098575231169238900e-02
9.009579144367851899e-01,2.862185043358227848e-02,2.631884674945943886e-02,8.560656666967467838e-04,4.324532271347627382e-02
9.237576220255560022e-01,2.292473328744625005e-02,2.251695806183211593e-02,8.551560367703610983e-04,2.994553058839540330e-02
9.584915306241118538e-01,1.253488423881606202e-02,1.557036118388820979e-02,5.687011859450168865e-04,1.283452276723882554e-02
9.453067085787585366e-01,2.081464192727423487e-02,1.620663688059205063e-02,4.629927899351528949e-04,1.720901982343995065e-02
9.466794316516874419e-01,8.734524450278127738e-03,8.859145509918101360e-03,4.066706529325225371e-04,3.532022773518365966e-02
9.019459564338003776e-01,1.981149834067651855e-02,1.372723601513891126e-02,5.026146323240945294e-04,6.401269457806006702e-02
9.085342660756382527e-01,3.017662635244037356e-02,1.660602720346860198e-02,4.343273820262989185e-04,4.424875298642641508e-02
7.406530156853590174e-01,1.216862754385246714e-01,6.616057681286316439e-02,9.348209336747885772e-04,7.056531112957840912e-02
7.108806557232106860e-01,1.173701592392684401e-01,1.017515193752066421e-01,1.948864643709532964e-03,6.804880101860473485e-02
8.444600055960658214e-01,3.819616489232820211e-02,4.074783685153393620e-02,1.157038162721791110e-03,7.543895449735014969e-02
8.274592017734516691e-01,4.801631949508070735e-02,8.246330838364288041e-02,2.503670373335204272e-03,3.955749997448951283e-02
7.633258726270348848e-01,9.193964623382938628e-02,1.203478548592088471e-01,4.051831231306490984e-03,2.033479504862053741e-02
6.740252228350585018e-01,1.105931690029464676e-01,1.306397566648591635e-01,3.225316235587913100e-03,8.151653526154799267e-02
5.177833773224280733e-01,1.399757084462892320e-01,2.923197932030908164e-01,7.205519129978438242e-03,4.271560189821348857e-02
5.069444851955514642e-01,8.671363727519885989e-02,3.563543655252398579e-01,1.477239898131702325e-02,3.521511302269274279e-02
4.724780381479973812e-01,1.011256872944792939e-01,3.855700776787127082e-01,1.198805875855845325e-02,2.883813812025211656e-02
4.609647652596186584e-01,4.839189300908871422e-02,4.186301573326512426e-01,2.167567854422406542e-02,5.033750585441731235e-02
2.498758261967945205e-01,6.032328999344781922e-02,6.377840447846229166e-01,2.605247392133272499e-02,2.596436510380206036e-02
2.842955526591899873e-01,6.267289241086072826e-02,6.085387965338864280e-01,2.550425531744390101e-02,1.898850307861891379e-02
4.290275759247003662e-01,7.019783995377772146e-02,4.519901176044734403e-01,1.733805907247498723e-02,3.144640744457332521e-02
4.223249196672116956e-01,6.062252071834498685e-02,4.428584491089520569e-01,1.946339109704229783e-02,5.473071940844898703e-02
4.414007238676040945e-01,5.639199056911321783e-02,3.697746268335201925e-01,1.331633056936493316e-02,1.191163281603975083e-01
2.628603432439681198e-01,5.598987043603927127e-02,5.437776175611270801e-01,1.640089139974115068e-02,1.209712773591244406e-01
1.476909591347151385e-01,3.217738393386111034e-02,6.424846921723645909e-01,2.402162468028389009e-02,1.536253400787753465e-01
2.678763780410019502e-01,2.891638032216475168e-02,4.270021855221853846e-01,3.052796786567369206e-02,2.456770882489742736e-01
5.544511363935192838e-01,1.413908853464490405e-02,1.373538882631571145e-01,1.307901575426950215e-02,2.809768710544091053e-01
5.722397658186635372e-01,1.018372696402954081e-02,6.674056239239600785e-02,7.056516211468953984e-03,3.437794286134420174e-01
7.551462291027679630e-01,5.228388109191069860e-03,1.272234916470967384e-02,1.994514458415828483e-03,2.249085191649153048e-01
7.749518841463571839e-01,5.351448747102411155e-03,5.085631592235437953e-03,5.374212592201383591e-04,2.140736142550847820e-01
6.468672308285905448e-01,2.786357324763930748e-02,3.102900087461489195e-02,1.778260476400934367e-03,2.924619345727543784e-01
8.635337569189743823e-01,1.201586818446754787e-02,3.553227767240377255e-02,2.298395585365827377e-03,8.661970163878855711e-02
9.065225491999484575e-01,8.983706871888407983e-03,5.335963834554496854e-02,4.428068246055823567e-03,2.670603733656214812e-02
6.850332882840207693e-01,1.967978560441647345e-02,2.093267394619201527e-01,1.374910567085696478e-02,7.221108097878559118e-02
6.645774768852347192e-01,2.183117151012779755e-02,1.086885856722738519e-01,9.082699200214955360e-03,1.958200667321486899e-01
5.195824791280416743e-01,2.459185419220198329e-02,2.328002672769791115e-01,2.271417316435883627e-02,2.003112262384183773e-01
7.860313537410317242e-01,1.132872427030059970e-02,6.812162376609143255e-02,7.042329044703764078e-03,1.274759691778724613e-01
8.664242543215644465e-01,1.145361099056853293e-02,2.728441317466436672e-02,2.409465722900140747e-03,9.242825579030240768e-02
8.676910538778328519e-01,1.142842535042493286e-02,5.717242299337630534e-02,5.955666275684886463e-03,5.775243150268108416e-02
7.173476790378543466e-01,1.977600431046312029e-02,2.035681344233405965e-01,1.678671300033364802e-02,4.252146922800817408e-02
9.904378603940580117e-01,2.004204806756024280e-03,3.318192012281680637e-03,3.455170784018817671e-04,3.894225708502496979e-03
9.885714579580731076e-01,2.197025367500689622e-03,3.408209624013484266e-03,3.957858570250967294e-04,5.427521193387636021e-03
9.641947440214423404e-01,5.472676892515416711e-03,7.271363064531563558e-03,8.009566676295122416e-04,2.226025935388115107e-02
9.689355236646031155e-01,6.794006743640462580e-03,6.432044831965028596e-03,5.351949122934543347e-04,1.730322984749790849e-02
9.733718939918877266e-01,3.810386886867966026e-03,3.205442668082746430e-03,3.643711651519980325e-04,1.924790528800948697e-02
9.546611180461136437e-01,1.029163601274879491e-02,9.778535566887350955e-03,8.178400975015755149e-04,2.445087027674857846e-02
9.662840186251772101e-01,2.012733034234088711e-03,1.754109942777256877e-03,2.116295943287429746e-04,2.973750880348276920e-02
9.451501085533799973e-01,2.376151439952530527e-03,3.524203619059143415e-03,3.563932912820397085e-04,4.859314309632623702e-02
9.297617033528693398e-01,3.985042007059801800e-03,6.840561357226323386e-03,6.012583508483502863e-04,5.881143493199614269e-02
8.810856088599400282e-01,8.777473509427043130e-03,1.234142749197738968e-02,7.649276382664693978e-04,9.703056250038905040e-02
8.728233653479097187e-01,5.863582970926231770e-03,9.322092388729975865e-03,6.613037204783704529e-04,1.113296555719557879e-01
8.651865659609389025e-01,3.267032553181167982e-03,6.649351049912400127e-03,5.690673362909393551e-04,1.243279830996765895e-01
8.238045911171709701e-01,1.565837566269708339e-02,4.067646042629788350e-02,2.506090642573025485e-03,1.173544821512609859e-01
8.302122168678331970e-01,1.631343893248239640e-02,3.724296349793997096e-02,2.569172638200913333e-03,1.136622080635436571e-01
8.690225869569693229e-01,5.484777664046303763e-03,8.491537333463103007e-03,7.842516724786412641e-04,1.162168463730427065e-01
9.663031753543390723e-01,2.672108603845195062e-03,1.890794200010724024e-03,1.304729361245132952e-04,2.900344890568054210e-02
9.967902934564542017e-01,1.157027989145340430e-03,2.597864313739120371e-04,1.573643152120996603e-05,1.777155691505410756e-03
9.972938818871170952e-01,1.768135074660476258e-03,2.271533687725081478e-04,1.031058674824392750e-05,7.005190827017839308e-04
9.872480651054532652e-01,9.621162627516827506e-03,9.054078084082534247e-04,2.308733030506267381e-05,2.202277128316517448e-03
9.789021972440472563e-01,6.363176598063958501e-03,1.139323077276917749e-03,4.621659088715259498e-05,1.354908648972455616e-02
8.762887877339773368e-01,6.526636197703258868e-02,1.785490758001197567e-02,2.783974803920502474e-04,4.031154522858607786e-02
6.840341890727987817e-01,8.401411417397543213e-02,2.453656728669102380e-02,2.613036325636734812e-04,2.071538258339709060e-01
6.838345341470527528e-01,1.375550143674362027e-02,1.274121325168025079e-02,3.780510825661691416e-04,2.892907000819571750e-01
7.123475271243573381e-01,5.416652946381597666e-02,1.889157776144860870e-02,3.187588364567218524e-04,2.142756068139212988e-01
7.303980800259823880e-01,1.165679402056478964e-01,4.780509025620528762e-02,4.165424521721187013e-04,1.048123470599924556e-01
9.820031461394682637e-01,6.238476765835961231e-03,1.290990628474183825e-03,2.738479541669596319e-05,1.044000167080477194e-02
9.958672929085474745e-01,2.497348235753901573e-03,4.774549672927127651e-04,2.009238239634852038e-05,1.137811506009541200e-03
9.989411917304389377e-01,6.735550556462195637e-04,1.117714401744027841e-04,6.065297771559382930e-06,2.674164759689157860e-04
9.987325055360856130e-01,9.445692385807377689e-04,1.463734986146688569e-04,6.621753966726301052e-06,1.699299727521957481e-04
9.990908715855516542e-01,5.661037998443474223e-04,1.310341261682987694e-04,7.512108866074069869e-06,2.044783795695014159e-04
9.976726834534299648e-01,1.346361395985627880e-03,1.765645222287058212e-04,1.249830396808890907e-05,7.918923243875677920e-04
9.913607322816938572e-01,5.003696452432693058e-03,6.430507950459944709e-04,2.556896818471936401e-05,2.966951502642737118e-03
9.928818602036495466e-01,3.251143818475160218e-03,4.907379562334389898e-04,2.202244571906827571e-05,3.354235575922692898e-03
9.931827176652825440e-01,4.293373873724487359e-03,5.910374568396789194e-04,2.430559360602412917e-05,1.908565410547457663e-03
9.982990989135246407e-01,1.064157765539732337e-03,1.661056487779282408e-04,7.331205472223833273e-06,4.633064666854082802e-04
9.988496068523765592e-01,5.635827981083424074e-04,7.753010375736711667e-05,5.189712145884042312e-06,5.040905336117605792e-04
9.990615895017509462e-01,5.984916572956710569e-04,8.019373699616935670e-05,4.799017200733642184e-06,2.549260867564919560e-04
9.966687423473318264e-01,2.605137687166018089e-03,3.030458720458602696e-04,1.145082342597040443e-05,4.116232700302109864e-04
9.836332180603080122e-01,1.389415743113347687e-02,1.548858745413985057e-03,2.653613151969758628e-05,8.972296316246797894e-04
9.960253104736882523e-01,2.843056759520577563e-03,5.158398000297624141e-04,1.392136953602520246e-05,6.018715972254787315e-04
9.986663215679849603e-01,9.853914804793305424e-04,1.432980597504123366e-04,6.482284956690861062e-06,1.985066068285647601e-04
9.983480545036241827e-01,1.197144602177138695e-03,1.879274462028435590e-04,7.784248369736002557e-06,2.590891996261014013e-04
9.975412657762146029e-01,1.926087847713693233e-03,1.805737788599534545e-04,7.631814272378623334e-06,3.444407829392980860e-04
9.970463505310183105e-01,2.156249518739301353e-03,1.868415351666512919e-04,8.815477439658784669e-06,6.017429376359406234e-04
9.948829566868491181e-01,3.947545568173266468e-03,3.264759889788722193e-04,1.211285440352004136e-05,8.309089015951365417e-04
9.933856194092082204e-01,4.731980003402999450e-03,3.714974316715812224e-04,1.407390499101749975e-05,1.496829250726068247e-03
9.852082537798086959e-01,1.141687978175264656e-02,9.529608518305561623e-04,1.958590672578505438e-05,2.402319679882389085e-03
9.949899549829196443e-01,3.986120628326626954e-03,3.279549645996446641e-04,9.615799614947489348e-06,6.863536245392643865e-04
9.937907366737656067e-01,5.338835110265833031e-03,3.566176083907985055e-04,8.910937426544463162e-06,5.048996701511957721e-04
9.924457357676217395e-01,6.467938293159738138e-03,3.882272904977265631e-04,8.557753276402325359e-06,6.895408954443708752e-04
9.913180226569008324e-01,5.730508749135281195e-03,5.861369372474478515e-04,1.914763995306625221e-05,2.346184016763420369e-03
9.824534078005486837e-01,1.244500255348705495e-02,1.288066592693287715e-03,3.542608834653480920e-05,3.778096964924297033e-03
9.908667395313681681e-01,4.920775935351883248e-03,5.945148241360745768e-04,2.131120294850982774e-05,3.596658506195333452e-03
8.863997603169166961e-01,8.957453319742916809e-02,9.550237424500057984e-03,8.655530119195620968e-05,1.438891375996204612e-02
7.989770730500908025e-01,1.714609188250933725e-01,1.857585127280914419e-02,1.191210205719696514e-04,1.086703583143481741e-02
7.247032029560727118e-01,2.217263140488348327e-01,3.561378251826716884e-02,1.429692762712974036e-04,1.781373120055387838e-02
7.087304720414954184e-01,1.255216977930236066e-01,1.630295972751674358e-02,1.026157697213444484e-04,1.493422546682429131e-01
5.760216283046374341e-01,2.830652733987569780e-01,4.366936535404220693e-02,1.709847901937508474e-04,9.707274815236963117e-02
6.408071163226654043e-01,1.438377388752050123e-01,6.528096950788424280e-02,4.312194648968000854e-04,1.496429558293485007e-01
6.386893839755040103e-01,1.178689288738034024e-01,3.193397164078327910e-02,2.136314644557591326e-04,2.112940840454535785e-01
9.538192468993520468e-01,1.696034522995969185e-02,3.055299241072677481e-03,3.304772247631242236e-05,2.613206090713916796e-02
9.170195992325619327e-01,2.403015652446087100e-02,5.701843276789179960e-03,1.096318748192502246e-04,5.313876909136865112e-02
9.756906966706051509e-01,8.288648337393896698e-03,3.348498151963786272e-03,1.102312717810794893e-04,1.256192556825607570e-02
9.823562986264940955e-01,5.901536993315998660e-03,3.550698098545849134e-03,1.719680068292265738e-04,8.019498274814913785e-03
9.732804214330770254e-01,1.069264092448540988e-02,3.279028590481073997e-03,1.254994278129887284e-04,1.262240962414338044e-02
9.572256316051883651e-01,1.887275121219275653e-02,2.847190781053526853e-03,7.820962992074927947e-05,2.097621677164464640e-02
8.569168833000910812e-01,4.326729532538120537e-02,1.081413647796881927e-02,2.609994661544585526e-04,8.874068543040428136e-02
7.427805843428405552e-01,1.261640414640727570e-01,3.659958150575178676e-02,4.591192630025985608e-04,9.399667342433225270e-02
7.445972709533901224e-01,9.020057847459030109e-02,6.570760666920938409e-02,1.140319363337983062e-03,9.835422453947234578e-02
6.303835871515074407e-01,1.045400670140123472e-01,2.027946286793031461e-01,3.666051823494669189e-03,5.861566533168232479e-02
4.610880578944303032e-01,1.317723584413297011e-01,3.736308242989557216e-01,6.064427585803992826e-03,2.744433177948021191e-02
7.126437353219877702e-01,8.404653974616840828e-02,1.223758853314528827e-01,2.125235548341727551e-03,7.880860405204927199e-02
4.720493870667467062e-01,2.040520306920293458e-01,9.216240879875647884e-02,8.065946780283571966e-04,2.309295787644391473e-01
5.255731165333226151e-01,1.669156469118664721e-01,1.440398734826904559e-01,1.319785634571371980e-03,1.621515774375491270e-01
3.447149557508862872e-01,2.155202346321722084e-01,2.179680893157216193e-01,1.382463267157525277e-03,2.204142570340625051e-01
3.507270264012000704e-01,1.168178328580552344e-01,1.131233662567302373e-01,8.202473175989670592e-04,4.185115271664155978e-01
3.718424585152150241e-01,2.088466805111070801e-01,1.791044307714886596e-01,9.445422439469692167e-04,2.392618879582422420e-01
7.368774435478813167e-01,6.507798149080569472e-02,4.238835825720528583e-02,4.071778062307841685e-04,1.552490388978769176e-01
6.511180653187470524e-01,6.084323840115905824e-02,6.740429584664225926e-02,6.234387091292205437e-04,2.200109617243223292e-01
5.972911759999148806e-01,2.966666098473552671e-02,2.629748975802764788e-01,5.513593736039612732e-03,1.045536716990334292e-01
4.891005066007805824e-01,2.532223705789552956e-02,3.857556060420182231e-02,1.006771045869452388e-03,4.459949246912525145e-01
8.441206461422402496e-01,7.519533716279195798e-03,4.450416401988618181e-03,1.408061072159350437e-04,1.437685976322759518e-01
8.940846680776473043e-01,1.021539843236756936e-02,3.232982782838255721e-03,1.107987457618789462e-04,9.235615196138485805e-02
8.496914017315559953e-01,4.134392701582101197e-03,1.259099400731088789e-03,5.959666312639753298e-05,1.448555095030043816e-01
8.263092577382856740e-01,8.747411934526851812e-03,1.858170526820518984e-03,5.986070950855385063e-05,1.630252990908585553e-01
9.862302383418704022e-01,2.869110483441462446e-03,4.189266973618575168e-04,1.625867961298837566e-05,1.046546579771333481e-02
9.956756536659120416e-01,2.277782888578413437e-03,2.407826668573674622e-04,9.467834997372165113e-06,1.796312943654851087e-03
9.987634940819707374e-01,6.861545935904789792e-04,7.223199444426110251e-05,4.783133713147376744e-06,4.733361962811100544e-04
9.974032228166680447e-01,1.839134418723400001e-03,1.914077313094578344e-04,1.282839963883841653e-05,5.534066336602037287e-04
9.978370114893176934e-01,1.768346348201492446e-03,1.577226411830927907e-04,8.829137594527259892e-06,2.280903837032481770e-04
9.992678713415661385e-01,5.811378847358306208e-04,6.740173477952886164e-05,5.881162951749408675e-06,7.770787596654229632e-05
9.991508879284936029e-01,6.772903667103150971e-04,7.515178015042269693e-05,1.100963562128254388e-05,8.566028902448346736e-05
9.990400397953046463e-01,7.431864787590201221e-04,8.485092791901478108e-05,1.235496340134971109e-05,1.195678346159697897e-04
9.936271023300322636e-01,5.366537245153463719e-03,5.721950669804348223e-04,3.878439452843331970e-05,3.953809633056861133e-04
9.937706367957214182e-01,5.234091922886686954e-03,6.699463377631485446e-04,4.641360174249315905e-05,2.789113418862142852e-04
9.929167574974470112e-01,5.492413589509590258e-03,8.912042864617447744e-04,5.514947259961890038e-05,6.444751539818738403e-04
9.818408055510852162e-01,1.417105321279448285e-02,2.654993262538218619e-03,1.437827895240609971e-04,1.189365184058090120e-03
9.965529271819140167e-01,2.644194055589156860e-03,5.341483750494831380e-04,4.556264078738836253e-05,2.231677466599601240e-04
9.943319528182436029e-01,4.566752649496798669e-03,7.021958252493366078e-04,4.740511727933223939e-05,3.516935897309658656e-04
9.932866958236356014e-01,4.994029651048476938e-03,9.689133896947430121e-04,5.978087758205568382e-05,6.905802580390383704e-04
9.972661382598840829e-01,2.084851091668058973e-03,3.148265592955637308e-04,1.930657614023411080e-05,3.148775130119618780e-04
9.949643467222645254e-01,3.872487216462599992e-03,6.820436091396799017e-04,4.864781657926743754e-05,4.324746355537485926e-04
9.814280258066061524e-01,1.428251327724977537e-02,2.204077634476032943e-03,1.315699061976117416e-04,1.953813375470295037e-03
9.931721190480732320e-01,4.925580940147424036e-03,8.906304842251735240e-04,5.171981141385061727e-05,9.599497161402244672e-04
9.940182112862485653e-01,4.066372312032938939e-03,7.716889866437985374e-04,4.625272834562609031e-05,1.097474686729166780e-03
9.984930927484975127e-01,1.006673412061258842e-03,2.231086224678869873e-04,1.747979589835139508e-05,2.596454210750442698e-04
9.971288947476283360e-01,1.791270589089075452e-03,5.223180434791159467e-04,4.429226049912486391e-05,5.132243593041049736e-04
9.986851656964725876e-01,7.635292399512791026e-04,2.215482217008751472e-04,2.265278208920436524e-05,3.071040597859987353e-04
9.975764632268171450e-01,1.731895486934167906e-03,3.637455139422552438e-04,2.693066061729048328e-05,3.009651116891464730e-04
9.931200045566925816e-01,5.592994694651492148e-03,7.839153722811330501e-04,3.392256383276734530e-05,4.691628125421163460e-04
9.966246070651236799e-01,2.501464307495503570e-03,4.992879035066458615e-04,2.603221665753452114e-05,3.486085072165501534e-04
9.960544148857830571e-01,2.955954547001335506e-03,6.667272236571329495e-04,3.562239842667354924e-05,2.872809451318375940e-04
9.973899879303228522e-01,1.936459869121469638e-03,4.615405226832066418e-04,3.021680654822136839e-05,1.817948713242981552e-04
9.984411894226339346e-01,1.162723808794870108e-03,2.680494063167982084e-04,2.487664264998573120e-05,1.031607196043810015e-04
9.991125017039039768e-01,6.731460299948601204e-04,1.177205560980351380e-04,1.493648082385362673e-05,8.169522917905173607e-05
9.989673434196112423e-01,7.863896158586329392e-04,1.396626510092943024e-04,1.656296470830015031e-05,9.004134881244373273e-05
9.986262930638795110e-01,1.041521301703175794e-03,2.295433861407229065e-04,2.642546167138380933e-05,7.621678660520046702e-05
9.987420358152285793e-01,9.425774449059834718e-04,1.993101341033268192e-04,2.757706851159071190e-05,8.849953725061713010e-05
9.986370705450146046e-01,1.052545700379870853e-03,1.639079732544291440e-04,2.198240472091009623e-05,1.244933766300793262e-04
9.958070338566162860e-01,3.328058324992280541e-03,5.213196003669070275e-04,5.169326565489544209e-05,2.918949523695524230e-04
9.961704784128767587e-01,3.136492127043440277e-03,4.080349257889373093e-04,3.457880897666683047e-05,2.504157253142255441e-04
9.972361155251868725e-01,2.205586721134110157e-03,3.314972303033034877e-04,3.079760726118863052e-05,1.960029161146873637e-04
9.985111089815916774e-01,1.131111584661505156e-03,2.006041444228344559e-04,2.177320568853441135e-05,1.354020836353762825e-04
9.994936495813003807e-01,3.441476235463990815e-04,7.062637211719073724e-05,9.029637840888562081e-06,8.254678519513393398e-05
9.986207902781104595e-01,6.162230833602509381e-04,1.293904658902177412e-04,1.664502813980395750e-05,6.169511444992769331e-04
9.990539120675601126e-01,6.129783315369937390e-04,1.066561772354624208e-04,1.285689019019578985e-05,2.135965334772643503e-04
9.992083211004718635e-01,5.932186704709613680e-04,8.194541153344716059e-05,1.008127701488725451e-05,1.064335405089267218e-04
9.991047353779909379e-01,7.084555712114918224e-04,8.262056440194974212e-05,1.023985342279632936e-05,9.394863297276154202e-05
9.939772839669290816e-01,5.113796221972054766e-03,6.354298000444825577e-04,3.797023843979266069e-05,2.355197726144662800e-04
9.901163952390376055e-01,8.519729628991550008e-03,9.223866921812023034e-04,3.909703543207643033e-05,4.023914043575204389e-04
9.851962554044748632e-01,1.126996597189767156e-02,1.743233602936562505e-03,7.884890422018521938e-05,1.711696116470756614e-03
9.971703866610682754e-01,1.780139017246321368e-03,4.638029666038774807e-04,3.821174248205942714e-05,5.474596125994471126e-04
9.914252307549961118e-01,5.969370536411006643e-03,1.285728785185816410e-03,6.645186275812834460e-05,1.253218060648851346e-03
9.952242159547234346e-01,3.386348955811897907e-03,7.568782965565604495e-04,3.747351106106220844e-05,5.950832818472087064e-04
9.630559039263063559e-01,2.559729387531927552e-02,8.874571512952858510e-03,2.534988441772056825e-04,2.218731841244556916e-03
8.996888986957596313e-01,5.133223510225748409e-02,4.495888838139896343e-02,9.782040879254992258e-04,3.041773732658281919e-03
9.915139552917879850e-01,5.940324535273569691e-03,1.981018046819652077e-03,6.929059509882177874e-05,4.954115310200149242e-04
9.841631244419760671e-01,9.057921419116312864e-03,5.523580971084806474e-03,1.814549027021121171e-04,1.073918265120779158e-03
9.984552584869844649e-01,9.265330542099635587e-04,3.665328153015226173e-04,2.156724824620319118e-05,2.301083952579048835e-04
9.990729219990929222e-01,6.516949915135456092e-04,1.486135430235822040e-04,9.180459135256979755e-06,1.175890072348017217e-04
9.848294979502190127e-01,1.258568521962389643e-02,1.434894302905319894e-03,4.182330960898818250e-05,1.108099217642827348e-03
9.742007578824378733e-01,1.749544678776692591e-02,4.316154543609904484e-03,8.172021126262643531e-05,3.905920574922581122e-03
9.852322145708536372e-01,1.105621294686874242e-02,2.324717299321645610e-03,5.819901372031996103e-05,1.328656169235708021e-03
9.900561067231258283e-01,7.235357782201043073e-03,1.824534597985134335e-03,6.135294533949025957e-05,8.226479513486318436e-04
9.937600734211238240e-01,4.213282062312968639e-03,1.594848089878683327e-03,6.381855481877527761e-05,3.679778718657836342e-04
9.982582970580915482e-01,1.178824484501389503e-03,4.340824939607297096e-04,2.571910867431264735e-05,1.030768547719280569e-04
9.992989962881045907e-01,5.039731056614737189e-04,1.304016247789297508e-04,1.062511618654702254e-05,5.600386526846615599e-05
9.992636252698041677e-01,5.467665010252224659e-04,1.246297571851912988e-04,1.193039570127615955e-05,5.304807628429621282e-05
9.986899361224070848e-01,9.590688043552884163e-04,1.837986659991220804e-04,1.807053075422994530e-05,1.491258764842142066e-04
9.984974919397645587e-01,1.044092409377393466e-03,2.122579508987984336e-04,1.785583559508476412e-05,2.283018643640889116e-04
9.977514549082966422e-01,1.597177528730737333e-03,3.394101167312646330e-04,2.000432657912375322e-05,2.919531196621503208e-04
9.975207814728952460e-01,1.859528184177650393e-03,3.882338947462668044e-04,2.536748037657318188e-05,2.060889678042988015e-04
9.974383905278766393e-01,1.910517807410499385e-03,3.233224183992289107e-04,1.788978538386161148e-05,3.098794609297574618e-04
9.835491560476993245e-01,1.185945506628585840e-02,1.302614386121889569e-03,5.643287145122619466e-05,3.232341628441712852e-03
9.778764870879137483e-01,1.119147942069596315e-02,1.717563081793356452e-03,1.001009687016872588e-04,9.114369440895171703e-03
9.845512350470264629e-01,5.297992309784609055e-03,1.731919441447573758e-03,1.553114582900284217e-04,8.263541743451403854e-03
9.950200267969624424e-01,1.356038190556476579e-03,7.434037857153082563e-04,9.573179777961208820e-05,2.784799428986351345e-03
9.972432407209088634e-01,1.039412373360771528e-03,4.706885134660995849e-04,6.762710840422111417e-05,1.179031283859984219e-03
9.963970691998950135e-01,1.050185434567520995e-03,3.726906927605750991e-04,8.833540860605551255e-05,2.091719264170655099e-03
9.959893537108065464e-01,7.914259804948817981e-04,3.948017605010409564e-04,1.921869222783643624e-04,2.632231625919367185e-03
9.927998544565315164e-01,1.735071774746160594e-03,6.500572327799539500e-04,1.747088789771778351e-04,4.640307656965174735e-03
9.943242787148450779e-01,2.029366826807569787e-03,1.167029172087235070e-03,1.225079000928788633e-04,2.356817386167333120e-03
9.878793148537636792e-01,2.152884265891774184e-03,1.677298702530202008e-03,2.219611850885956118e-04,8.068540992725747873e-03
9.924542681741750361e-01,1.265660885804847273e-03,7.951616677259092450e-04,1.379899630722304269e-04,5.346919309221922698e-03
9.947024533901697163e-01,8.726984935164686704e-04,2.785986537603983744e-04,5.488918801596742156e-05,4.091360274537500855e-03
9.899332324082537049e-01,2.292730259687167371e-03,1.393979345711852426e-03,1.515372567281180762e-04,6.228520729619111199e-03
9.877303542910043088e-01,2.247663205381800547e-03,1.360224820973083074e-03,1.813815214620960144e-04,8.480376161178738298e-03
9.878304018935483155e-01,1.929013742899053727e-03,1.201981242167536428e-03,1.669511302981168950e-04,8.871651991086991484e-03
9.960318141010654491e-01,4.261704092685681669e-04,1.795624589502865472e-04,4.105730599903734416e-05,3.321395724716670345e-03
9.986938502594748801e-01,3.434283875377375293e-04,7.422471082314768375e-05,1.111029511002882157e-05,8.773863470543282741e-04
9.993603753515707400e-01,2.274067892294652396e-04,4.696718331183459002e-05,9.555677953148560062e-06,3.556949979348365863e-04
9.974804389464161369e-01,1.094267764802759864e-03,2.123771027730405421e-04,4.337635611322498107e-05,1.169539829894863806e-03
9.994487426913939432e-01,2.901604044560167199e-04,5.957491178481967955e-05,9.696556172734359234e-06,1.918254361924410134e-04
9.973757488665486726e-01,1.480501394163000802e-03,2.934153470696181033e-04,2.677184881220647750e-05,8.235625434064810678e-04
9.867605736226504609e-01,8.931898301782819835e-03,1.262934384286903793e-03,5.292293162827312178e-05,2.991670759651609505e-03
9.898508806210604138e-01,6.265474873919331909e-03,1.616777211179499033e-03,6.185602092808456780e-05,2.205011272912648854e-03
9.964490082186012732e-01,2.433774498108821644e-03,4.879610615082493664e-04,2.106865976671343587e-05,6.081875620147838288e-04
9.972415762851076781e-01,2.128642552770561129e-03,2.940820759281303001e-04,1.386616206983014550e-05,3.218329241238670341e-04
9.986826596961160263e-01,1.082298142547345222e-03,1.384550974975785886e-04,7.221738328065717842e-06,8.936532551111481661e-05
9.987906553111589592e-01,9.900352445858017023e-04,1.232598335261797387e-04,6.362958680953988577e-06,8.968665204818116366e-05
9.993868042992167799e-01,4.742379415518656284e-04,5.534598321255220670e-05,3.617214899717557833e-06,7.999456111913770626e-05
9.989890232566552841e-01,7.877071439257138071e-04,8.484046154346240565e-05,4.558517134340357490e-06,1.338706207411346995e-04
9.991668242553002344e-01,6.488251437105330664e-04,8.138994095404912359e-05,4.747403092481596947e-06,9.821325694263508606e-05
9.991417512122431344e-01,6.006739700184525249e-04,1.138846090913643637e-04,6.074310255912949104e-06,1.376158983910576487e-04
9.919906394155886264e-01,6.532718882958158703e-03,6.544357266460349874e-04,1.987416627032227492e-05,8.023318085367600995e-04
9.980611832278154516e-01,1.440435018580797383e-03,2.059604506900453830e-04,8.972340670529941069e-06,2.834489622429567021e-04
9.957098633288938849e-01,2.984522477871886896e-03,3.103473669507323209e-04,1.323204979147555012e-05,9.820347764920105658e-04
9.948938730076666292e-01,2.961926910789474798e-03,3.577125002374540461e-04,1.316821025162636265e-05,1.773319371054615399e-03
9.754177843688625060e-01,1.676444588438708722e-02,1.334373587816746259e-03,2.520458712531033576e-05,6.458191571808317988e-03
9.913931489965041033e-01,6.197233704965785309e-03,5.221340330176497567e-04,1.092481130567437441e-05,1.876558454206670281e-03
9.871779140152850962e-01,1.020636448219791950e-02,7.500498565894243115e-04,1.658185515572029020e-05,1.849089790771889317e-03
9.171412342954944341e-01,7.476228949201342566e-02,3.798696821351932058e-03,3.045362388540806515e-05,4.267325767254791583e-03
9.918322980091491825e-01,4.091854285657775016e-03,4.372766820941318875e-04,1.378210535233251599e-05,3.624788917746678881e-03
9.858924677628704281e-01,9.683348576284124196e-03,1.751172181433775614e-03,4.641049711690646150e-05,2.626600982294778272e-03
9.607118678927825117e-01,1.254344660814087596e-02,2.086433568387894861e-03,6.350144781862167678e-05,2.459475048287013479e-02
9.127707373652232947e-01,2.474443934916678925e-02,3.451051333618660160e-03,6.982131312317041243e-05,5.896395063886809840e-02
9.188882909974910307e-01,3.892710076054096274e-02,3.833925042186294568e-03,5.437385527237729641e-05,3.829630934450942853e-02
9.899167383895508543e-01,7.402365061568117084e-03,6.459295485131820880e-04,1.386936600691131287e-05,2.021097634360903127e-03
9.955027568265382154e-01,3.547642056762923077e-03,4.388789051528901625e-04,1.195389277754862956e-05,4.987683187685103053e-04
9.977705279849058417e-01,1.777501807057708764e-03,2.171038288062905369e-04,1.087619147589466483e-05,2.239901877541513394e-04
9.964920243291440771e-01,2.910551582039329864e-03,2.849687504823155879e-04,1.398142357649312189e-05,2.984739147577069739e-04
9.954709920850803861e-01,3.817284580434198316e-03,2.862271991142063604e-04,1.274583968305776433e-05,4.127502956881326469e-04
9.971579576280706902e-01,2.371494269101563548e-03,1.842702473511954571e-04,7.370974374088402107e-06,2.789068811025019836e-04
9.847708369794129224e-01,1.340205839768069014e-02,1.224477635737305104e-03,1.896396565315835859e-05,5.836630215159679339e-04
9.476883221715612926e-01,4.514597153384176248e-02,4.004071103068944544e-03,6.210537282150617293e-05,3.099529818706348548e-03
9.960729333508820948e-01,3.068397112595346726e-03,3.798747825773476938e-04,1.187701762112233637e-05,4.669177363239752779e-04
9.987156156573079313e-01,8.872046834573427479e-04,1.031842592723967853e-04,5.787295810123793331e-06,2.882081041522140097e-04
9.995377395326909831e-01,3.299934061753703523e-04,4.257490634568242738e-05,3.291416522790180047e-06,8.640073826528766124e-05
