8.791198328808220719e-01,2.507128333580973395e-02,2.897885240815557817e-02,9.563253941985998610e-03,5.726677743322665382e-02
9.000173091685303994e-01,7.586288560362534211e-03,3.295991886076190137e-03,1.039200050271120923e-03,8.806121033475981796e-02
9.726431662966850134e-01,9.511427878815974235e-03,1.569630839036944333e-03,1.492842611151907106e-04,1.612649072434702360e-02
9.946924904184165639e-01,2.882874198558074176e-03,3.545897005166976984e-04,2.550382844626090535e-05,2.044541854062461358e-03
9.883032270539550135e-01,5.505557955524607687e-03,1.577257265549970562e-03,1.221923365730901703e-04,4.491765388397281344e-03
9.560269576491237098e-01,1.757658125335989641e-02,1.877608009285009968e-02,7.572240965040411128e-04,6.863156908162238584e-03
8.588959175071411156e-01,6.619000409243407101e-02,5.727032619913891703e-02,1.158677143182525616e-03,1.648507505810349605e-02
7.727241513442244525e-01,1.311440734094876936e-01,7.104393865949530651e-02,8.608529070154509770e-04,2.422698367977713443e-02
8.394657407482208900e-01,1.127434869273813561e-01,3.549670735992740966e-02,3.989937688285456340e-04,1.189507119564177720e-02
8.773432824811362440e-01,8.421993298126285998e-02,2.728171117621306513e-02,2.547919067883091886e-04,1.090028145459936287e-02
7.130596706173057964e-01,1.808332039208080111e-01,9.766859662964280653e-02,4.221331116130003008e-04,8.016395720630413793e-03
6.103792757954014103e-01,1.807698404603776954e-01,2.014337317298623420e-01,6.567233083661506553e-04,6.760428705992354605e-03
9.069315886074427180e-01,5.960273010193657683e-02,2.922586269567643835e-02,1.602553316589951245e-04,4.079563263285087768e-03
9.577537406774917494e-01,3.085897658618076689e-02,9.815715132216648250e-03,9.356356004784288443e-05,1.478004044063004757e-03
9.880375449082238193e-01,9.287106023056013529e-03,2.259491454635424116e-03,3.121944875940488090e-05,3.846381653254647703e-04
9.820868176829244955e-01,1.471652884803844284e-02,2.764709641152868821e-03,4.082811173905334271e-05,3.911157161451548812e-04
9.822321511045378761e-01,1.517683031410722860e-02,2.265963159735640258e-03,3.129051863381500560e-05,2.937649029853100753e-04
9.837048986584713273e-01,1.419238723449573782e-02,1.808298354537662966e-03,2.124156600026321417e-05,2.731741864948639283e-04
9.960948397799144205e-01,3.377233153694491914e-03,3.415221956293592025e-04,7.801039527692322655e-06,1.786038312342068163e-04
9.946563556505592096e-01,4.508259184082668083e-03,3.876510099364826592e-04,1.207662203461783410e-05,4.356575333871372398e-04
9.949592978302176371e-01,3.240450851478778732e-03,2.677163888076850864e-04,1.199787974613621216e-05,1.520537049749795186e-03
9.906698790541796917e-01,7.493031037315899326e-03,4.530738332647231349e-04,1.451837638181730502e-05,1.369497698857677142e-03
9.759216533074663857e-01,2.096804606922675340e-02,1.323371056501866389e-03,2.565852755785711769e-05,1.761271039247203161e-03
9.137262843306521720e-01,7.757603769641636948e-02,4.735244353904920558e-03,4.187289484624857487e-05,3.920560724180196729e-03
8.297784107361325656e-01,1.476635552403794682e-01,1.086363189055519589e-02,6.366943504773734004e-05,1.163073269788509820e-02
7.168695871640403672e-01,2.430505825307237022e-01,2.022391824186269005e-02,9.949616087596455203e-05,1.975641590249735749e-02
7.047667526618589529e-01,2.439775988758179082e-01,3.288182367896786557e-02,1.590405012910436368e-04,1.821478428206420308e-02
6.210463760144835366e-01,3.021486106171271113e-01,4.309276367609572722e-02,1.778365398964636731e-04,3.353441315239717724e-02
5.550584588811589004e-01,3.542441507051799499e-01,6.165311897876273040e-02,2.348676803849706533e-04,2.880940375451347679e-02
3.865036049304936272e-01,4.479724021966404179e-01,1.380398291589058080e-01,4.738386362572034709e-04,2.701032507770293953e-02
4.538321998448872630e-01,3.869494353917135032e-01,1.162861757699059778e-01,3.971020928101383525e-04,4.253508690068304177e-02
5.855575435878526136e-01,3.091764323192590092e-01,6.449177381994251890e-02,1.876089422453619722e-04,4.058664133070052915e-02
7.384886282796615520e-01,1.572601519134852188e-01,3.641161404464222234e-02,1.730152428260645092e-04,6.766659051938489489e-02
3.482916417418739363e-01,3.926762972109937300e-01,8.641548294055836910e-02,2.325538482656686252e-04,1.723840242583083437e-01
4.609874519785480684e-01,2.587111954406227099e-01,5.081567487870240069e-02,2.109098840371172829e-04,2.292747678180895865e-01
2.614246788807246813e-01,2.072217901927814188e-01,4.578341721876835746e-02,2.714571014266850438e-04,4.852986566062988394e-01
2.330051604385479647e-01,2.291383210190165443e-01,1.621739869353156227e-01,9.872229817423283302e-04,3.746953086253775322e-01
1.775728206614794191e-01,2.197407666913354651e-01,1.354221173631146302e-01,7.108271901358836301e-04,4.665534680939346091e-01
1.411026257536503459e-01,2.244267038348299881e-01,1.654630862200504315e-01,7.904937339951819851e-04,4.682170904574740611e-01
6.547428764128553069e-02,2.223506585166457328e-01,2.938352195376897069e-01,1.296080009617352940e-03,4.170437542947615928e-01
1.252915039909569261e-01,1.807676013144020599e-01,1.063448088881824155e-01,5.039145509364651235e-04,5.870921712555221550e-01
1.082675621136251626e-01,1.883485830075547207e-01,1.061057869162492090e-01,5.541332920264952725e-04,5.967239346705442982e-01
9.014540579498396544e-02,1.431967116932410244e-01,7.047209627860605285e-02,2.005521255450775351e-04,6.959852341076240290e-01
9.551898701704332473e-02,1.578471965105873454e-01,6.292452753311580937e-02,2.310082594133385425e-04,6.834782806798401777e-01
7.373135429515333128e-02,2.105287879869899292e-01,7.388795950657675582e-02,2.567573150857475135e-04,6.415951408961942937e-01
1.343544049874248469e-01,1.488053469502194914e-01,6.573708532340483135e-02,3.543474867128873604e-04,6.507488152522379332e-01
1.025146599698575911e-01,1.044828602572818455e-01,7.378735574499971361e-02,5.759446254601614194e-04,7.186391794024004076e-01
1.064483949622407749e-01,1.340830064052279391e-01,2.577822549763855720e-01,1.786155369176159469e-03,4.999001882869696378e-01
5.652105591677651641e-02,1.325746096141893482e-01,2.452009435935615378e-01,1.187904926277174580e-03,5.645154859491955390e-01
6.634643752645073833e-02,1.412100070007613062e-01,1.167866415111247086e-01,4.892268014691917351e-04,6.751676871601940411e-01
6.665273269915465704e-02,1.147250317578878964e-01,7.551271537054596306e-02,3.454659725485374039e-04,7.427640541998627999e-01
2.101521894448261929e-01,1.590365283730464652e-01,9.878325652232798626e-02,6.193011746834122108e-04,5.314087244851160019e-01
1.229391061871398794e-01,1.617755640765100034e-01,8.408589175358972823e-02,3.507010567286115293e-04,6.308487369260318278e-01
1.522275510178874025e-01,1.949151291575517142e-01,1.415374293012338358e-01,4.045305178501650977e-04,5.109153600054768818e-01
1.694495023783031129e-01,2.476844121303317936e-01,1.348216102560867158e-01,5.277050622460783581e-04,4.475167701730322634e-01
1.830843710712352079e-01,2.377840483877088351e-01,1.631308689619555274e-01,5.771522672285518338e-04,4.154235593118719150e-01
1.036568270757425303e-01,1.772943122491490164e-01,2.538182081040964433e-01,9.359486852815549493e-04,4.642947038857304642e-01
1.444146971859658068e-01,1.629933915932747779e-01,1.631657291562279843e-01,7.021851020674170453e-04,5.287239969624638602e-01
1.970787166341814445e-01,1.897121943107516195e-01,1.262427234180072411e-01,5.038015549401459294e-04,4.864625640821196306e-01
2.272984654464075827e-01,1.696752482016384012e-01,1.095943236368670110e-01,4.994155124218299180e-04,4.929325472026652721e-01
1.359857912428713567e-01,2.041879793778996199e-01,1.571689861850350534e-01,5.638534194361032644e-04,5.020933897747578145e-01
5.408557644194365854e-02,1.315532466597466033e-01,7.798086165762611877e-02,2.633370118687041427e-04,7.361169782288149444e-01
3.495578870127862697e-02,6.049196321913102165e-02,3.239792716298181552e-02,1.423370420113313740e-04,8.720119838745969965e-01
1.012655142175293566e-01,1.113920056467486708e-01,9.792864328473352420e-02,3.380993040392532632e-04,6.890757375469491741e-01
1.538966586649619384e-01,1.069361239192286733e-01,1.647140785862356016e-01,8.094868186538346040e-04,5.736436520109200465e-01
1.531321917369073138e-01,1.416811657387161139e-01,1.733658125230729541e-01,7.777913198297693384e-04,5.310430386814739556e-01
1.565365024760226875e-01,2.014590302709133307e-01,1.567876909272857555e-01,4.771315468776538352e-04,4.847396447789004692e-01
7.132694355442184553e-02,1.505207004359274403e-01,1.585946114715182931e-01,4.949335815939250646e-04,6.190628109565384785e-01
1.984753710269152316e-01,1.509182419527983487e-01,8.840951622256876252e-02,3.652295124698438054e-04,5.618316412852479846e-01
8.353088801799934959e-02,2.327593222181407739e-01,1.137931943354319603e-01,3.462807426354925144e-04,5.695703146857924448e-01
6.057546486858483153e-02,1.982068938965419191e-01,1.350965294970166708e-01,3.493083317091680512e-04,6.057718034061473356e-01
5.575789713315627144e-02,1.734478552455886169e-01,2.464544752436028385e-01,5.234965740795198465e-04,5.238162758035727062e-01
6.818403672634162915e-02,1.417088763389500461e-01,2.320814871234415100e-01,6.914762346143856495e-04,5.573341235766524626e-01
9.705185625573166386e-02,1.033974266931890484e-01,1.613234176556904154e-01,5.483884099248065780e-04,6.376789109854641424e-01
9.771869225783197388e-02,1.599029110714128010e-01,2.186604934846776704e-01,6.430195871654351874e-04,5.230748835989121881e-01
9.190402385575760502e-02,5.678926706255018469e-02,1.508737046619680888e-01,5.281450020268146353e-04,6.999048594176972005e-01
1.276539154486593108e-01,7.919249649281948078e-02,1.118257181570398995e-01,4.478139587876800312e-04,6.808800559426937404e-01
1.251283646813214911e-01,1.106903878368324101e-01,1.312539421290028485e-01,4.440728938356391302e-04,6.324832324590075050e-01
9.229348790866157004e-02,1.109251963154219423e-01,1.887905872453397582e-01,4.903217907733359695e-04,6.075004067398033225e-01
4.808894269586925369e-02,9.409069978682156610e-02,1.636273923931400587e-01,5.105563983599653577e-04,6.936824087258091076e-01
7.618592599147031019e-02,5.387703556869919558e-02,9.604298980539290043e-02,4.199961730171697188e-04,7.734740524614205359e-01
1.011983969477450868e-01,2.956408183776639692e-02,4.490869536785654231e-02,2.522327509706536841e-04,8.240765930956612806e-01
1.179289782321051305e-01,2.263294280332962816e-02,2.648649477920585193e-02,1.953853735013961665e-04,8.327561988118580283e-01
1.079136956599899139e-01,1.958588082720837467e-02,2.450167891980422480e-02,1.705896647217485266e-04,8.478281549282756790e-01
1.856948323275340595e-01,4.597621776899610269e-02,2.775593533644260189e-02,1.988492216840674989e-04,7.403741653453430605e-01
1.020931605520409013e-01,4.287756487656405741e-02,3.661012561966348750e-02,3.787997596873494618e-04,8.180403491920439363e-01
9.760604839532119326e-02,5.027149733212980115e-02,4.907072569589335242e-02,4.065597574122835215e-04,8.026451688192433043e-01
1.354228166845033998e-01,8.992596084226810171e-02,6.592441271888895005e-02,3.966796309325268063e-04,7.083301301234070646e-01
1.142550416047914408e-01,8.396651876939789649e-02,1.246669234322291958e-01,6.363777440516961599e-04,6.764751384495297781e-01
1.190842592819717910e-01,5.562222073920771587e-02,8.946765665315931093e-02,5.032391099328487917e-04,7.353226242157281378e-01
1.522225985917283753e-01,9.810144060988955361e-02,1.384025843270804690e-01,6.003148401500566335e-04,6.106730616311514259e-01
1.195455337964452108e-01,1.235264187365967270e-01,1.912611482316370903e-01,7.194231552693257847e-04,5.649474760800518025e-01
1.045061224125951732e-01,1.363412560346800861e-01,1.709143661655322943e-01,6.024677503446342758e-04,5.876357876368477617e-01
9.210468489002947290e-02,1.514284235409802670e-01,1.581742624800883401e-01,4.884721163030903085e-04,5.978041569725989213e-01
1.209798158442775134e-01,1.706311436921645885e-01,2.075123995027851886e-01,7.135005754636685208e-04,5.001631403853089575e-01
1.256863041032272310e-01,6.893094761302212548e-02,6.740816959924821050e-02,5.100848303691577152e-04,7.374644938541333739e-01
1.988375008223636775e-01,9.922751035105487061e-02,6.312287515094659740e-02,3.642123584435540693e-04,6.384479013171913131e-01
2.226667267361464031e-01,1.107917921736359945e-01,9.085891228450074242e-02,4.685684846403607648e-04,5.752140003210766128e-01
2.841274861219051373e-01,1.028967122308619836e-01,8.324881767426817181e-02,6.761763339122042141e-04,5.290508076390526560e-01
2.096964695910415455e-01,8.678076608756320198e-02,4.389275778099478026e-02,4.152856087934340057e-04,6.592147209316071566e-01
3.116415242240171413e-01,7.483189709558635272e-02,4.264030660170038678e-02,2.899977197280031158e-04,5.705962743589682029e-01
5.539142006621139425e-01,8.859437485048099470e-02,2.329022220018921868e-02,1.901442059843536255e-04,3.340110580812314933e-01
5.011510268065190177e-01,1.010748096137904922e-01,2.985376998460485820e-02,2.076140553862607444e-04,3.677127795396994414e-01
3.173050379411407329e-01,1.691468969686088508e-01,9.700267942681688182e-02,5.132269418384888000e-04,4.160321587215952133e-01
1.484265830021156418e-01,7.541727798553844730e-02,8.286486783180077587e-02,3.378382225170314121e-04,6.929534329580279151e-01
1.988661585992985426e-01,4.109416155053386560e-02,5.508563992779350049e-02,3.393393419706392769e-04,7.046147005804034302e-01
3.620321152604325521e-01,3.306940721947128348e-02,4.458555196762491180e-02,2.903082369753573868e-04,5.600226173154959630e-01
2.445719058858201733e-01,9.172687161130059497e-02,1.470405187685377701e-01,5.727288918566732527e-04,5.160879748424849200e-01
2.152117661235381507e-01,5.002088334400021236e-02,1.158996986213893798e-01,8.214920943626314795e-04,6.180461598167096282e-01
2.984615856096962117e-01,3.617136857518919724e-02,5.786316338168730200e-02,3.777734608219593436e-04,6.071261089726053273e-01
2.080198925915019703e-01,7.966638392679685488e-02,5.479233142762231917e-02,2.235606512190260319e-04,6.572978314028598001e-01
1.781777058083693910e-01,1.393159159280260295e-01,1.259082283987342232e-01,4.623972051074135546e-04,5.561357526597630052e-01
2.089840795830222864e-01,9.675990470220847961e-02,8.998276005957855928e-02,3.761049511524486755e-04,6.038971507040381548e-01
4.676313194471036216e-01,4.984419882584860406e-02,5.348318205969394834e-02,3.235836844034995397e-04,4.287177159829503315e-01
3.661737384164484022e-01,8.226461693607478587e-02,4.457781735902376086e-02,2.259509077919816581e-04,5.067578763806610542e-01
2.390108915352667229e-01,8.061709415933153433e-02,5.253432567105063150e-02,1.725773300128283553e-04,6.276651113043382191e-01
2.990402991577980618e-01,1.089534199210317050e-01,6.858514142325136675e-02,2.466452720994417001e-04,5.231744942258192976e-01
2.860223450211182294e-01,1.146479905027344981e-01,8.324191568914157680e-02,4.156151406621277629e-04,5.156721336463435668e-01
1.908273223627534598e-01,1.445167956326612047e-01,1.065162446211007502e-01,5.145107764099056923e-04,5.576251266070747503e-01
1.609885894847836729e-01,1.379126774559689406e-01,1.318665734723035166e-01,6.227111207566904220e-04,5.686094484661871062e-01
1.540286178711817722e-01,1.730383940685927546e-01,8.884808314081597824e-02,3.082779754428372648e-04,5.837766269439667033e-01
1.229790836828571626e-01,2.359440111488699809e-01,1.144717224398401623e-01,3.197247288183104074e-04,5.262854579996143478e-01
1.801481110914743000e-01,2.429913636726827586e-01,8.795154269584906648e-02,2.730664131151302435e-04,4.886359161268787887e-01
2.039164997947610636e-01,1.246671287816447926e-01,4.420191264058628139e-02,2.778997928401182277e-04,6.269365589901676472e-01
1.542912828876624454e-01,1.517404516935207670e-01,4.990020670646758832e-02,1.948180749508928269e-04,6.438732406373982586e-01
2.300764960501013034e-01,1.630030049618020060e-01,3.960186533017927973e-02,1.358353856182817213e-04,5.671827982722992267e-01
1.947921688467811607e-01,2.743802745989566971e-01,6.910776496923630441e-02,1.907100037171703384e-04,4.615290815813087311e-01
1.067690542299112588e-01,2.316804624124428891e-01,3.727706391228176319e-02,1.210507020309098739e-04,6.241523687433332412e-01
1.265376352694891626e-01,2.315409293595779017e-01,2.882593197489215220e-02,8.900888007558217915e-05,6.130064945159652279e-01
7.770333711538124355e-02,1.562080642297619115e-01,3.701633682744118192e-02,9.443211395184679868e-05,7.289778297134639207e-01
7.625579693233530687e-02,1.644488596585637064e-01,3.933667478655527433e-02,1.168320745785940960e-04,7.198418365479669623e-01
9.158377913396835435e-02,9.904019793297899610e-02,2.154216541179169650e-02,8.669535372529007557e-05,7.877471621675355973e-01
9.211199499143242486e-02,1.161272769237390590e-01,5.219325695299928403e-02,3.065026109632447318e-04,7.392609685208659798e-01
1.200506374134394927e-01,8.187414481143145961e-02,8.123803124911917195e-02,6.382733476883964852e-04,7.161989131783214058e-01
8.158461845127217005e-02,3.259429303661266764e-02,2.279213178502502435e-02,3.106915571807170756e-04,8.627182651699093485e-01
6.343131358858634938e-02,7.589906429623878570e-02,1.567864077400722145e-01,1.272083544315074158e-03,7.026111308307876335e-01
1.002180345427774594e-01,1.044210028258100442e-01,1.026302484474805599e-01,7.108901103904479140e-04,6.920198240735413453e-01
1.128317168137808468e-01,9.206928391426703884e-02,9.202232744405626497e-02,7.525880955277729732e-04,7.023240837323680985e-01
9.195314212714589264e-02,6.886817861963531739e-02,5.874690349359813074e-02,4.899929338408430535e-04,7.799417828257798613e-01
6.720304690799712433e-02,3.403061953599435113e-02,4.624343208393725396e-02,3.589094241185967170e-04,8.521639920479526786e-01
7.925617004227705764e-02,6.307179554046743464e-02,7.001013602398327429e-02,4.612028412431261781e-04,7.872006955520290949e-01
4.496460254892858943e-02,8.896988304580678852e-02,8.519911544049979524e-02,3.320705084592849945e-04,7.805343284563054373e-01
4.689027629748965253e-02,9.980233831668226807e-02,7.956148200279522520e-02,2.489334631203324040e-04,7.734969699199125692e-01
5.440955162871798784e-02,6.190603610877744301e-02,4.657305119257756920e-02,2.541470668203358631e-04,8.368572140031067530e-01
4.105760183208129188e-02,7.535768923208992220e-02,8.112544621966155667e-02,3.193890952646802599e-04,8.021398736209024438e-01
5.051623309090660929e-02,9.910628332079721159e-02,9.990784558833921969e-02,4.047984249281094595e-04,7.500648395750286745e-01
4.215445498501703414e-02,4.375462384097951463e-02,4.215643613542970763e-02,2.135944869419353703e-04,8.717208905516319328e-01
9.543137178283529753e-02,3.154600293736074118e-02,3.478369043996134419e-02,2.396053431546323617e-04,8.379993294966878725e-01
1.522258076170104335e-01,8.409037222135022638e-02,1.032439573391573800e-01,6.827902012051806227e-04,6.597570726212768077e-01
1.705976803616592041e-01,6.205192694823476185e-02,6.013856891504981705e-02,4.178525168268379148e-04,7.067939712582295142e-01
2.200855448364518463e-01,6.248136927816777542e-02,4.338982681139272324e-02,3.487073805083802506e-04,6.736945516934792488e-01
1.389633959474258218e-01,4.309567068207336565e-02,4.107386661442172932e-02,5.537786329277912282e-04,7.763132881231514792e-01
1.054269111274931392e-01,8.896762833922340630e-02,7.874047734404937549e-02,4.976464411698256320e-04,7.263673367480643073e-01
1.320944731164633290e-01,3.936190546495254433e-02,2.243095659297032751e-02,1.939051392291294405e-04,8.059187596863846004e-01
1.406205348756072449e-01,3.514972656499901205e-02,1.397909840556064293e-02,1.391607204382468632e-04,8.101114794333946767e-01
2.660180844206928505e-02,3.469738815858872637e-03,1.834444819729780761e-03,4.572123210187601305e-05,9.680482866902401229e-01
7.388859053350588235e-02,2.246078679256169851e-03,5.761742047380444872e-04,3.318345981486404489e-05,9.232559731226849253e-01
2.346050877220521094e-02,2.574970503683824460e-03,5.235935212687783990e-04,2.049760769764326850e-05,9.734204295951445207e-01
1.503507515580262688e-01,3.231994967532314435e-03,5.184425067849480259e-04,3.432891389387312197e-05,8.458644820537625231e-01
4.844884109290119034e-01,4.038372031525817689e-03,5.491438888722868479e-04,3.306924200034451201e-05,5.108910039085896582e-01
7.815697339826662704e-01,4.977792310136173667e-03,5.787714366934598818e-04,3.812677457923579447e-05,2.128355754959248003e-01
6.669313347936294267e-01,3.592160087158633233e-03,4.695624633263746910e-04,4.125879035827913926e-05,3.289656838655272142e-01
7.086234807194714547e-01,3.280786618910944575e-03,6.360424209408576572e-04,5.349243606345560349e-05,2.874061978046132393e-01
7.706721171721903074e-01,4.687908272337745416e-03,1.033633202951774258e-03,7.560591192324577078e-05,2.235307354405970948e-01
7.892921915240161956e-01,5.808136658632429179e-03,1.210668733256178463e-03,8.530583111810289870e-05,2.036036972529769729e-01
9.782026186086139052e-01,2.167957026563079731e-03,3.223667977713151915e-04,3.019421226740432295e-05,1.927686335478439109e-02
9.776879448998853084e-01,5.021300892838672161e-03,5.398055245620844971e-04,3.633943301130067652e-05,1.671460924970281231e-02
9.171184761534867391e-01,1.870540405293457525e-02,2.696735754410815953e-03,1.484365956409669420e-04,6.133094744352697580e-02
9.218881509641232430e-01,1.645714128303038537e-02,1.925097592236770655e-03,7.546481692543052214e-05,5.965414534368422561e-02
9.234202570242052710e-01,1.371358159923878085e-02,2.563742216153893326e-03,1.428253976988046767e-04,6.015959376270339776e-02
7.620087468246996565e-01,5.940599777290968275e-02,4.204606860488079717e-03,1.252233358193289865e-04,1.742554252060834752e-01
8.505832328787304997e-01,4.671883695278585685e-02,2.288217197186267256e-03,5.770870818437105325e-05,1.003520042631130260e-01
6.656123783709759767e-01,5.524046712313828572e-02,2.255495085461654836e-03,5.488268150500343203e-05,2.768367767389191547e-01
5.471585132826808362e-01,9.990218725076106809e-02,3.229366762026297539e-03,5.427937002546593580e-05,3.496556533345063222e-01
6.127375237445268352e-01,6.140911700529917694e-02,2.114256045332000428e-03,3.625103702534118976e-05,3.237028521678168569e-01
5.311389952178375840e-01,2.193766338615474876e-01,7.765202888648775788e-03,7.781172427117305599e-05,2.416413563076950100e-01
5.646037576032603145e-01,2.235342808381668434e-01,8.624491246055179458e-03,6.091248376280497030e-05,2.031765578287549334e-01
6.927142567838652232e-01,1.638436728487981386e-01,4.961409070105110911e-03,4.076923147694820713e-05,1.384398920657545218e-01
4.107797778101052177e-01,3.460408529230752372e-01,1.265940536363051490e-02,6.754257819016639720e-05,2.304524213249988240e-01
5.781823424147227719e-01,2.529901753590252933e-01,1.254459506083537707e-02,6.829190755173038209e-05,1.562145952578649633e-01
6.678170728949519575e-01,2.449684724003779734e-01,8.346624721391873725e-03,4.741830434617557295e-05,7.882041167893194533e-02
4.881330845477386271e-01,3.709503599341847369e-01,1.338698170898633064e-02,5.912212951846476769e-05,1.274704516795717169e-01
5.103694206623252683e-01,3.117125460154692163e-01,1.360350108165006913e-02,8.595438901473295376e-05,1.642285778515406580e-01
3.843871038710913735e-01,4.476995523432159563e-01,2.994306731997558105e-02,1.376992110208868783e-04,1.378325772546963035e-01
4.102858175980358402e-01,3.340946724480484686e-01,3.171901140898276961e-02,1.610023337672340533e-04,2.237394962111656782e-01
3.813088487693555018e-01,2.930791314923869573e-01,2.586443596741760595e-02,1.614124657694806749e-04,2.995861713050705366e-01
4.720073645746711288e-01,2.904518784257644204e-01,3.289336926011799528e-02,1.726114354469426957e-04,2.044747763039994892e-01
3.310691512341232268e-01,4.808408578257626353e-01,4.506371214822707527e-02,1.684042124124658537e-04,1.428578745794746030e-01
3.096327519589434085e-01,5.361948826593117001e-01,3.256083185686797776e-02,1.120453744667642126e-04,1.214994881504101176e-01
2.505583537463088595e-01,6.260537891888415807e-01,4.342020220984013634e-02,1.190751629369812164e-04,7.984857969207244388e-02
2.641617646752943416e-01,5.794265359446285624e-01,5.840508026771713823e-02,1.684322477328117115e-04,9.783818686462704417e-02
1.455339835112297864e-01,6.837607222288446529e-01,6.733299201919555610e-02,1.183450140395471461e-04,1.032539572266902850e-01
2.598151464884242978e-01,6.337332380515021679e-01,5.113875362503515765e-02,6.686499164776370273e-05,5.524599684339074473e-02
1.751265020507100090e-01,7.018879460501833423e-01,7.039295291611280536e-02,8.154549906977744025e-05,5.251105348392425681e-02
1.880401952375566343e-01,6.819318499517357246e-01,6.078306168736316573e-02,8.962943047604164551e-05,6.915526369286832675e-02
3.574805317248330727e-01,5.190715728604324841e-01,3.816075766884370613e-02,1.029062820430491604e-04,8.518423146384777878e-02
7.704182592386407125e-01,1.868607290489896766e-01,2.049996399154260796e-02,8.263879079448996714e-05,2.213840893003253193e-02
4.635850800037920605e-01,4.422863192645613006e-01,1.564891382511427245e-02,5.028857700265176406e-05,7.842939832952956769e-02
1.815601446518781137e-01,5.790305533848214559e-01,2.723690903855566572e-02,4.861394430082433996e-05,2.121237789804439056e-01
7.183163835999333002e-02,6.160805846027476163e-01,5.135515446409807255e-02,7.096831568815633652e-05,2.606616542574727302e-01
5.132192804787998747e-02,6.737677895481359869e-01,1.038175886675489906e-01,1.298036147707933583e-04,1.709628901216642127e-01
1.851833887341739204e-01,6.026136905266141763e-01,1.052019116154353368e-01,1.342064292720584876e-04,1.068668026945045479e-01
1.082297739318124896e-01,7.141560527018444571e-01,1.068903394453458305e-01,9.753905273008989598e-05,7.062629486826718650e-02
6.940735046586027357e-02,7.495260325160767456e-01,1.280884338091097252e-01,1.031233983826952087e-04,5.287505981057046694e-02
4.494367819063757596e-02,7.551256429451309593e-01,1.618459654388707258e-01,1.153854406572916015e-04,3.796932798470330911e-02
2.432706629439105456e-02,6.691122557310342778e-01,2.844254564859993173e-01,1.787742757990968645e-04,2.195644721277605765e-02
2.728769947540638299e-02,6.072418214269768022e-01,3.225701985405425853e-01,3.181421499316145320e-04,4.258213840714267229e-02
2.239571872246718526e-02,5.291605977266758964e-01,4.376008285963237654e-01,3.354649576575104196e-04,1.050738999687569550e-02
1.562196210032763474e-02,4.596956769794229847e-01,5.135563230779884858e-01,4.396086089140348319e-04,1.068642923334679057e-02
2.816477636287282801e-02,4.146364102482291147e-01,5.419010986460301993e-01,1.403668883366016246e-03,1.389404585950192866e-02
1.198486927194092680e-02,2.110782146090272315e-01,7.714222106134610568e-01,1.520551184694383029e-03,3.994154320876448436e-03
1.288630412449944494e-02,1.870147443460087322e-01,7.969323427803576276e-01,1.176816714454558465e-03,1.989792034679671671e-03
6.586306801633594332e-02,3.714142506494494955e-01,5.582512735910684087e-01,7.708390871578962942e-04,3.700568655988258938e-03
1.635529107476914878e-01,4.684496196730991158e-01,3.641739437733112483e-01,4.731422127716045523e-04,3.350383593126596195e-03
8.640220706168344478e-02,5.214393306213145340e-01,3.891978480486902869e-01,3.535038852282194693e-04,2.607110383083697299e-03
1.351461590386811573e-01,5.123198838922651266e-01,3.497156136593327913e-01,4.180136594113374477e-04,2.400329750309551126e-03
1.022820831695994276e-01,6.153513263686786194e-01,2.785639358481868944e-01,2.190725239288572818e-04,3.583582089606076986e-03
4.420591725291540125e-02,6.836871789087458628e-01,2.676233072807954194e-01,1.643671033775180872e-04,4.319229454165647748e-03
2.617899295880635885e-02,5.277414523999145457e-01,4.438367746659498403e-01,1.546936840489360296e-04,2.088086291280266682e-03
4.554848248977392405e-02,4.677955519830088171e-01,4.846468646055735463e-01,2.207471675536013434e-04,1.788353754090156325e-03
2.413530460432707081e-02,5.490578337915831275e-01,4.244094725794611001e-01,1.171127759633598778e-04,2.280276248665389846e-03
1.203119375817521090e-02,4.364121272666334206e-01,5.494066470421432591e-01,1.549916687959334769e-04,1.995040264252229915e-03
8.554554735127286105e-03,3.268385303198022007e-01,6.620538199823309267e-01,1.653062306966303027e-04,2.387788732042810114e-03
5.623438149055609570e-03,2.704154900335538070e-01,7.207754615366108730e-01,1.915874308275808662e-04,2.994022849952055615e-03
5.638754163588976728e-03,1.744170405422544035e-01,8.157822293194216812e-01,5.193753151626725236e-04,3.642600659572262436e-03
3.710270758333498314e-02,3.361009980335389891e-01,6.141016777854867437e-01,4.549241386473141667e-04,1.223969245899209080e-02
8.187177023802866271e-02,5.143426345354538132e-01,3.613453220314678527e-01,3.089415176085321215e-04,4.213133167744127772e-02
3.181297781337264624e-02,4.922276112291681383e-01,4.362027796202996854e-01,2.135008734772190879e-04,3.954313046368230361e-02
1.521690296851995437e-02,4.136288357521442638e-01,5.364083568172686167e-01,2.338937491724538554e-04,3.451201071289473898e-02
3.925611532436995565e-02,3.807941114544389771e-01,5.466593665381531686e-01,3.826987809497487715e-04,3.290770790208830121e-02
1.751414998005902113e-01,4.470515910745228028e-01,3.583256042946723618e-01,4.201609304955951146e-04,1.906114389971910739e-02
1.448206200752396589e-01,6.187215394160365811e-01,2.177071626708746155e-01,1.851761977829267047e-04,1.856550164006616141e-02
4.431263333841540392e-02,6.747257764869150076e-01,1.768652114260447217e-01,1.791347742546776879e-04,1.039172439743701326e-01
2.456298946225106070e-02,6.543420609681193101e-01,2.396169358481621270e-01,2.303990507589291788e-04,8.124761467070848453e-02
1.971296239703606082e-02,5.529526917950756681e-01,3.063586302799524708e-01,2.304449517534536683e-04,1.207452705761823952e-01
4.822641230240712340e-02,3.669956675833891402e-01,3.289532779905400828e-01,4.719469327635758484e-04,2.553526951909000919e-01
1.631805441599708598e-02,4.443793886602823706e-01,3.705510162044247102e-01,2.540458385312298556e-04,1.684974948807645700e-01
2.847460616731534513e-02,4.742645617343791420e-01,3.276150886264050932e-01,3.540950029152898802e-04,1.692916484689850898e-01
1.774375623419994011e-02,4.764763571534501585e-01,3.227042621999857697e-01,3.093694695142186674e-04,1.827662549428498984e-01
1.126118919320526907e-02,3.837660181395052272e-01,2.987525592373936334e-01,3.337787454466551568e-04,3.058864546844492494e-01
4.019192848279717900e-02,4.564359445811325688e-01,3.252921505306944905e-01,4.543055950912275515e-04,1.776256708102844917e-01
1.883704823684073104e-01,4.541337214814648027e-01,2.737287382344447129e-01,6.266696963736151848e-04,8.314038821930944123e-02
9.501786736316364390e-02,6.078206570543647214e-01,2.502834264963286759e-01,3.094707552173798473e-04,4.656857833092552246e-02
1.750948981715928499e-01,5.456339988968011978e-01,2.436398433831274968e-01,4.232350751383966939e-04,3.520802447333994806e-02
5.121291544127048317e-02,6.355649761742551140e-01,2.859749513024491541e-01,3.277166278493161343e-04,2.691944045417593578e-02
2.929766764597071388e-02,6.576767305170022615e-01,2.868218724909277761e-01,2.174080485570123499e-04,2.598632129754220588e-02
4.073521972649760126e-02,6.893487182724294948e-01,2.532506066044175608e-01,1.855713528425471611e-04,1.647988404381265856e-02
1.539146923997665173e-01,6.328227332887278456e-01,2.003540707895355710e-01,2.460380792835674684e-04,1.266246544268644428e-02
7.199047982639328325e-02,7.076886783368372402e-01,2.095290597166066526e-01,1.856948118363878841e-04,1.060608730832637500e-02
2.130768931347402917e-02,6.142174601774840204e-01,3.574160626399325302e-01,2.012701782512328955e-04,6.857517690858184502e-03
1.718323292439430383e-02,5.320541903284692342e-01,4.449226076177624778e-01,2.367320262438621955e-04,5.603237103130154217e-03
8.985090584102120234e-03,3.808507885497218748e-01,6.065622105740154923e-01,2.398409091559633574e-04,3.362069383004646743e-03
5.726811018545018006e-03,2.008399709390889243e-01,7.902914425737508353e-01,4.692570701007834104e-04,2.672518398514531733e-03
2.048504305304541251e-01,2.996626635789811366e-01,4.882811264774586935e-01,1.107637650043499138e-03,6.098141763062505175e-03
8.097536022921938414e-01,9.406363973799161671e-02,9.289792381194783566e-02,6.804974843786565017e-04,2.604336673487927384e-03
8.918491364867183746e-01,7.058501486790236257e-02,3.530461399135725875e-02,4.094426718879184447e-04,1.851791982134120326e-03
8.250631017314006277e-01,1.200737968917501286e-01,3.563729059613960498e-02,3.638085523194217220e-04,1.886200222839017407e-02
9.132024771743144642e-01,4.807289162853761039e-02,1.583502308431037481e-02,2.058723105432681399e-04,2.268373580229426922e-02
8.036679857661941373e-01,1.245646468075231050e-01,3.620365273959171015e-02,2.932788705389503944e-04,3.527043581615223883e-02
8.361598517200403702e-01,9.217073129171955703e-02,2.841213163533613112e-02,3.461966421405916804e-04,4.291108871076350362e-02
8.581287141489554182e-01,2.744817845127947228e-02,6.795220688612199633e-03,1.558676154929295083e-04,1.074720190956601068e-01
9.640413899601100178e-01,7.341604163025450616e-03,8.979122138863350261e-04,3.156362408034447958e-05,2.768753003889774106e-02
9.776471691696191346e-01,5.393176813691316109e-03,5.944303478000083699e-04,2.754542984578649921e-05,1.633767823904385894e-02
9.504520503815137022e-01,2.141837935528053197e-02,2.090371818816190788e-03,4.853821669057402144e-05,2.599066022769903200e-02
9.947523124280706064e-01,2.033822362879567774e-03,2.987860107013912657e-04,1.551646593981532068e-05,2.899562732408618622e-03
9.872369008521743039e-01,3.914271479915556497e-03,1.394838531459138657e-03,1.159645903613195798e-04,7.338024546089678100e-03
9.864904455878344969e-01,2.736820777968123133e-03,9.533343255993412344e-04,8.349783379754839715e-05,9.735901474800471439e-03
9.760470160725963629e-01,8.466953694722820223e-03,1.939845845388120773e-03,1.080436664361428658e-04,1.343814072085658916e-02
9.648851169998987620e-01,8.123768532385364921e-03,1.444133094729276945e-03,7.450499204258035691e-05,2.547247638094378777e-02
9.632295499099357006e-01,1.619022678598421722e-02,2.361574047361595513e-03,6.640788671138685487e-05,1.815224137000696555e-02
9.779453744967059325e-01,4.632749429630031446e-03,1.253110883541329497e-03,7.750484105645536511e-05,1.609126034906618527e-02
9.626619038925402494e-01,1.946854443418546922e-03,6.455140659124091298e-04,7.911508545961740049e-05,3.466661251266914268e-02
9.871853205465417336e-01,1.958556909402495768e-03,3.647463296190723734e-04,4.020362594962905150e-05,1.045117258848692228e-02
9.822058030346538793e-01,2.692201117491446229e-03,3.156521884778093479e-04,3.753429035832675471e-05,1.474880936901860375e-02
9.606366241743278245e-01,5.371470445993929872e-03,6.421879565676124561e-04,5.882190780834361881e-05,3.329089551530217683e-02
8.966579919532847720e-01,2.911146052733335973e-02,3.589271169521590123e-03,1.357888503425454772e-04,7.050548749951771055e-02
8.588270753690232517e-01,5.233961942178981530e-02,9.523177126282979590e-03,2.864055309208012935e-04,7.902372255198329698e-02
8.495395273115341483e-01,2.221632150690908830e-02,6.939245763152490122e-03,3.150412930717731838e-04,1.209898641253324969e-01
9.354418777707986798e-01,6.375649616944562004e-03,1.739644663957352465e-03,1.015805959996612175e-04,5.634124735229965181e-02
9.930105640682403978e-01,2.634331293787467183e-03,9.547442738261362367e-04,1.175813627905470050e-04,3.282779001355505544e-03
9.870467462735215136e-01,3.622991568739376660e-03,9.467979112251416560e-04,9.694016247329649831e-05,8.286524084040722271e-03
9.735516672644669578e-01,5.594672634010863961e-03,1.372161374579423899e-03,1.404783306461725027e-04,1.934102039629656544e-02
9.549922083970147080e-01,1.342224352282093101e-02,5.669165695633255307e-03,4.218411558108293557e-04,2.549454122872023276e-02
9.646098950908122971e-01,9.576253787370099524e-03,1.751267670479245836e-03,1.104071182488881679e-04,2.395217633308933947e-02
9.915776061664424157e-01,5.266213618050071682e-03,4.884259466314485893e-04,2.393560635890541849e-05,2.643818662517041264e-03
9.913262521409262895e-01,6.780878424899618694e-03,4.913839201721068809e-04,1.680018517324405984e-05,1.384685328828687018e-03
9.921587995480338762e-01,6.573233352427864176e-03,4.849727468200419698e-04,1.354482725721522216e-05,7.694495254610966839e-04
9.779290565535414537e-01,1.820889113818805610e-02,1.424551374519192597e-03,2.155978216109592966e-05,2.415941151590080341e-03
9.949064130290274921e-01,3.697317256693732120e-03,3.307127008048775497e-04,8.407807453936562666e-06,1.057149206019963742e-03
9.937335363301593727e-01,3.977551849025594798e-03,2.375284603706700592e-04,6.245629374075651909e-06,2.045137731070318255e-03
9.812197486148170888e-01,1.427350093863120548e-02,5.040340304219160638e-04,9.603515111065004601e-06,3.993112901018621742e-03
9.074854742004103691e-01,7.576165351607817844e-02,2.464646950472690595e-03,1.749440825835213176e-05,1.427073092478041948e-02
8.619204185233705351e-01,1.164920432753024648e-01,5.129586430774214258e-03,2.365402091711870191e-05,1.643429774963579143e-02
9.543951521352003198e-01,3.794755452912504379e-02,2.224614207077644287e-03,1.682278143376329441e-05,5.415856347163208045e-03
9.898620151906982745e-01,8.285366895727033082e-03,7.190656634681277283e-04,8.365773818848938891e-06,1.125186476287739308e-03
9.115704298870250799e-01,6.961454133319472382e-02,9.841770703691174460e-03,7.628906819735012531e-05,8.896969007891624218e-03
6.806274550133247780e-01,2.263515940992473774e-01,4.698442063042679306e-02,2.699381453853357720e-04,4.576659211161573232e-02
4.869979940829091136e-01,3.187433453245264725e-01,1.100388200725667398e-01,5.016812958089348793e-04,8.371815922418870959e-02
4.963636299952699504e-01,2.520132664828803604e-01,1.546910400425516863e-01,5.781371412620283853e-04,9.635392633803595286e-02
4.408006021981503708e-01,2.925263029775270751e-01,1.461611390503566033e-01,7.741832447183705787e-04,1.197377725292475409e-01
5.050415236120655571e-01,1.621893422653446493e-01,1.394597084013765032e-01,1.153056391398818697e-03,1.921563693298145026e-01
6.578880982871843086e-01,1.309869137897816671e-01,6.499213724896588107e-02,5.890600764900257675e-04,1.455437905975781043e-01
9.013580289370726195e-01,4.602964402593190396e-02,1.713512220758739435e-02,1.915214267321565264e-04,3.528568340267591169e-02
6.541389951142307924e-01,1.186148651079475674e-01,5.155902781937855839e-02,7.892494909521239038e-04,1.748978624674910054e-01
5.742384803440722107e-01,1.285885504323951434e-01,5.533615923362089628e-02,8.988391379278912402e-04,2.409379708519838736e-01
4.365135320400261310e-01,2.126189407010622701e-01,6.511178829891905995e-02,5.382146186191956580e-04,2.852175243413733186e-01
3.423938821507828134e-01,2.589068876444372558e-01,7.610326552303335601e-02,8.780682784609003576e-04,3.217178964032856303e-01
3.367493998786964537e-01,2.073842788989285479e-01,4.431014529905651783e-02,4.556505051125415724e-04,4.111005254182060198e-01
3.120692105598505406e-01,2.337700633568088604e-01,6.038129877484076091e-02,5.213089000175443822e-04,3.932581184084822934e-01
2.212899107565573786e-01,2.852957269108574168e-01,9.865467026846296006e-02,6.464927660417332236e-04,3.941131992980804188e-01
1.474549183474875569e-01,2.595181487560714317e-01,6.038122955777203843e-02,5.127150034713285438e-04,5.321329883351975099e-01
1.510397803793588900e-01,2.300041860017247308e-01,2.387641869810813999e-01,2.698559792300492255e-03,3.774932868455344592e-01
1.586425855138357544e-01,1.627865362315409070e-01,1.320495913428736401e-01,1.771264275047482227e-03,5.447500226367023579e-01
2.762016551049294999e-01,1.597616314150694383e-01,1.157186941361614541e-01,1.225677073579404391e-03,4.470923422702601235e-01
1.862596545595507358e-01,1.837333298758095368e-01,1.673893537602545167e-01,1.663926179876885772e-03,4.609537356245084760e-01
1.333595762361243775e-01,1.695030560073829684e-01,2.215575192864010223e-01,2.598544874905959687e-03,4.729813035951857536e-01
1.187594257608415721e-01,1.656614759503277912e-01,1.802815978185811630e-01,1.655365717376692776e-03,5.336421347528726988e-01
1.446805065788641376e-01,1.565984356784155263e-01,1.325890167411750975e-01,1.758335243728866492e-03,5.643737057578163130e-01
2.179231824413062901e-01,9.530148888118970818e-02,1.097213513547083963e-01,2.121192568698570050e-03,5.749327847540970371e-01
3.322110283618210369e-01,1.080141445948622492e-01,7.450482686297145440e-02,1.328131809030079881e-03,4.839418683713152536e-01
3.031359381323870394e-01,1.181006862424768544e-01,7.397119966066176278e-02,9.332229772047442515e-04,5.038589529872695705e-01
2.627885469919412076e-01,1.031048384528837902e-01,1.637755019375354837e-01,2.003419347087614065e-03,4.683276932705518480e-01
2.214615136940573936e-01,1.479444680510055565e-01,1.482575193005855885e-01,1.490666370679826977e-03,4.808458325836715841e-01
4.919900428746402099e-01,1.152593229790914581e-01,7.971344201737050328e-02,6.986672790024172361e-04,3.123385248498953826e-01
3.169028787258215130e-01,1.680532686030964395e-01,2.187540219180929557e-01,1.621083398288561362e-03,2.946687473547005554e-01
3.949981078215999419e-01,2.344949153991256474e-01,1.334678499854844991e-01,8.337394074922351668e-04,2.362053873862976772e-01
3.893657971826940400e-01,2.623502488691402679e-01,7.657901040664161219e-02,5.048572391225414780e-04,2.712000863024015551e-01
5.644735942697216569e-01,1.682440207662100895e-01,6.449095971887751355e-02,3.677352015202668386e-04,2.024236900436705289e-01
3.087716054958027367e-01,2.608878524513568720e-01,6.904966632070091981e-02,2.643888161238838090e-04,3.610264869160156320e-01
1.724939293307100607e-01,3.393878421943756774e-01,9.448093542915451948e-02,2.872782430247834261e-04,3.933500148027349597e-01
1.785184587622262453e-01,2.886001146450070109e-01,1.210936791904650006e-01,4.735636534612635402e-04,4.113141837488404340e-01
1.822970012425340902e-01,3.029923245339221083e-01,1.560276158452293116e-01,4.016139217477395417e-04,3.582814444565668444e-01
1.787519379556840038e-01,2.255643923779802884e-01,1.837965440021280261e-01,5.234674262137087569e-04,4.113636582379939788e-01
1.753882371534327411e-01,2.426830340162868804e-01,1.469716930624125895e-01,6.803539341658583527e-04,4.342766818337019386e-01
8.926850311861685150e-02,2.655611301984621142e-01,2.538304267791242075e-01,1.018762304468640066e-03,3.903211775993282173e-01
1.230115137063586828e-01,2.463862039054361963e-01,1.708875821735782730e-01,7.175038321718902939e-04,4.589971963824548973e-01
1.598823937785936733e-01,2.272423099474842056e-01,1.417506642173734233e-01,5.234125631340192427e-04,4.706012194934146575e-01
4.284433954317337645e-01,1.691242304563287668e-01,6.107061317372165093e-02,4.095356911704268695e-04,3.409522252470453818e-01
1.951080136863004300e-01,3.035620991249018963e-01,1.065314962831773737e-01,5.081511725500767462e-04,3.942902397330701469e-01
6.578445782211536641e-02,1.006176347031866869e-01,5.246291191795367931e-02,3.144861998666399999e-04,7.808205093568775235e-01
1.713644014326572707e-01,1.716314578814477354e-01,7.603287495699172227e-02,4.703104670119318811e-04,5.805009552618912716e-01
1.464636565780704780e-01,1.959797512562947708e-01,1.198064634754580360e-01,5.649314212377701044e-04,5.371851972689389854e-01
1.324094210574602859e-01,2.399661188667024381e-01,1.719456638763763590e-01,8.563830254848155956e-04,4.548224131739760923e-01
1.512798366682008566e-01,1.570413773211252750e-01,3.138335382919289485e-01,1.901127097526556561e-03,3.759441206212184028e-01
1.833179905421352951e-01,1.501390692888163181e-01,1.809598409008615627e-01,1.096786562708153279e-03,4.844863127054785945e-01
1.185992728901732185e-01,1.293655275682893402e-01,2.420254473827231911e-01,1.240540847099867077e-03,5.087692113117142645e-01
1.578367905619684208e-01,1.128851623565083062e-01,1.321688812874782515e-01,9.984480608762260224e-04,5.961107177331687046e-01
1.413086049473098738e-01,6.539548168374759163e-02,9.563079045872084627e-02,1.117090590284404959e-03,6.965480323199371160e-01
7.489274564496095632e-02,5.531857988711266771e-02,1.642234775399246394e-01,2.218352699665971685e-03,7.033468442283358213e-01
7.437352104676442366e-02,5.393457740382514437e-02,1.054113834182489745e-01,1.089072207842926637e-03,7.651914459233184473e-01
1.477439429114419667e-01,6.247220160074457712e-02,4.904328597361292535e-02,5.780917771239322406e-04,7.401624777370765518e-01
1.601865850993690055e-01,4.211823776244491557e-02,3.074472705166868269e-02,4.479209135910573866e-04,7.665025291729263834e-01
2.419865043416973283e-01,1.302353466251323921e-01,4.832917845330181317e-02,3.234751675455546757e-04,5.791254954123228327e-01
2.735881846194582745e-01,8.420799992600447315e-02,4.294969963739393715e-02,4.237969693484358222e-04,5.988303188477949179e-01
1.404044986147174878e-01,6.866594229939917970e-02,2.995802676726381716e-02,2.783303070302915717e-04,7.606932020115892978e-01
7.153419561469961940e-02,9.635967365617426061e-02,3.797450997780769250e-02,3.198490139265967804e-04,7.938117717373919247e-01
1.857858846954430487e-01,9.366144909453788525e-02,2.859311596131447475e-02,2.155492384632294882e-04,6.917440010102412495e-01
1.621398544930314212e-01,8.527121149245922571e-02,3.843378053283856566e-02,2.601267327797838016e-04,7.138950267488910484e-01
2.570813918870007431e-01,1.035925663547810766e-01,4.778994110544042273e-02,3.610083848264617769e-04,5.911750922679512854e-01
1.649916120302298561e-01,6.609077937613042075e-02,3.931546689327037464e-02,3.124773416068909104e-04,7.292896643587625238e-01
8.173626456436050569e-02,2.709322307543126501e-02,1.452516188324438559e-02,2.042089029468378716e-04,8.764411415740170908e-01
1.866891505342649638e-01,5.045669196750374175e-02,1.658776961075399126e-02,1.520359114093329230e-04,7.461143519760679022e-01
2.886660712707691534e-01,7.947584499491383569e-02,1.935014153105070814e-02,1.683856613070336373e-04,6.123395565419591513e-01
3.967702264822145497e-01,6.621867200066583470e-02,1.329684443330524102e-02,1.593475229438824018e-04,5.235549095608704739e-01
3.884729702736727242e-01,1.423193990651942520e-01,7.340731240583073247e-02,7.362431818034422329e-04,3.950640750734987772e-01
2.609533339763557835e-01,2.004396597547385139e-01,7.114264110871972024e-02,4.780302146076867670e-04,4.669863349455782298e-01
3.263477942894086326e-01,1.284512502425559644e-01,6.070720495558082352e-02,5.235984873688711823e-04,4.839701520250856426e-01
1.754330353034131429e-01,1.208789917667685426e-01,5.725328390808623324e-02,3.920592951715776587e-04,6.460426297265603468e-01
2.031998650732584344e-01,1.652829974148137815e-01,7.098198471615430050e-02,3.729233412396717670e-04,5.601622294545336445e-01
1.731900634547957896e-01,1.829417000705382268e-01,8.897658102778675804e-02,4.188983737351156767e-04,5.544727570731441402e-01
1.365905930429295034e-01,1.659105126599576818e-01,5.921436131600071179e-02,3.379707230227279430e-04,6.379465622580894335e-01
5.666486247270857007e-02,1.498443314194644604e-01,8.304241982933713295e-02,3.684589945562902983e-04,7.100799272839335430e-01
5.583686488927892821e-02,1.734665486172316806e-01,1.131100263192193200e-01,3.264926618113923678e-04,6.572600675124585790e-01
5.727468614405434311e-02,9.177889781968723293e-02,6.648426439293468604e-02,4.785747485307756139e-04,7.839835768947929218e-01
2.383957879390372070e-01,1.154476752584892019e-01,7.177497051310467724e-02,6.076243913922178656e-04,5.737739418979767025e-01
1.119173904962177946e-01,6.121520208338235985e-02,5.148779095413238971e-02,5.654048620731056459e-04,7.748142116041943916e-01
1.738442696935440790e-01,4.984978028370669334e-02,2.299057431037409074e-02,3.120181260347337630e-04,7.530033575863401829e-01
2.845459315814518053e-01,1.204977409517795639e-01,2.802190888777623262e-02,3.212361716197832976e-04,5.666131824073725731e-01
3.166681330213808598e-01,5.447365992477563174e-02,1.240269021986587297e-02,1.952781268158360268e-04,6.162602387071619559e-01
2.636955853440501873e-01,1.890050144813741895e-01,5.707837799362702053e-02,6.696739261090470588e-04,4.895513482548395356e-01
2.427677440353952221e-01,1.500349961494375495e-01,4.386272309410035874e-02,4.664104536160849088e-04,5.628681262674507524e-01
1.103120672995549778e-01,1.833755229345392368e-01,1.092264761761517350e-01,1.131434026701620037e-03,5.959544995630523534e-01
8.732889188175162187e-02,1.784967622398796749e-01,1.440103913745255093e-01,1.206449762637282815e-03,5.889575047412060060e-01
7.861801353178549112e-02,1.608757342872068896e-01,1.035310525706126805e-01,9.756408003379516769e-04,6.559995588100568931e-01
1.640457008426177976e-01,1.463075571367379313e-01,6.468289564516949142e-02,8.839064307506807336e-04,6.240799399447241047e-01
1.971504472490281101e-01,1.970273297393053402e-01,6.167098408165728324e-02,6.282099401224165627e-04,5.435230289898868028e-01
2.578539487095455329e-01,2.155312258408604853e-01,6.450896205204523226e-02,4.340939362605856404e-04,4.616717694612881839e-01
1.079586061515794698e-01,1.114033373493168028e-01,4.942400529024279510e-02,3.830928574205161221e-04,7.308309583514404073e-01
1.559796935034515053e-01,6.717108790932231621e-02,5.747888952393268025e-02,7.910968947980322489e-04,7.185792321684955075e-01
4.466439259743418960e-02,4.476288132918661983e-02,2.209531073925796729e-02,2.635563742233183173e-04,8.882138589598977951e-01
4.763998728432627255e-02,5.506572442718388888e-02,1.371366398859151861e-02,1.131235555807902300e-04,8.834675007443175687e-01
2.656011588239341054e-02,7.306180675581316897e-02,1.699360747247837325e-02,1.184626923566161900e-04,8.832660071969584692e-01
2.849865196625387537e-02,7.712125051045623514e-02,2.176558335532552749e-02,2.124109590955928291e-04,8.724021032088686844e-01
2.113176220350713660e-02,5.509362058279775737e-02,3.178608490381113622e-02,3.555444211611977234e-04,8.916329878887226945e-01
4.210694425559186049e-02,4.356280361458267358e-02,4.834865337249968920e-02,1.246692029211022906e-03,8.647349067281147050e-01
1.024306066367388912e-01,8.058737159822842999e-02,4.837831774855011480e-02,1.427637715869704274e-03,7.671760663006127468e-01
2.433249433236905901e-02,5.658364766365497900e-02,5.541616139748295478e-02,1.333304629577710928e-03,8.623343919769154153e-01
2.490803463369006127e-02,7.800182960954184230e-02,6.957203382279450454e-02,1.001006514725677476e-03,8.265170954192478936e-01
1.374049153356597490e-02,6.223027838308708981e-02,9.147979755672663860e-02,1.584319038861080418e-03,8.309651134877594769e-01
9.430408542316227882e-03,1.480179506969166517e-02,1.230645421574230909e-02,2.189167623922202803e-04,9.632424254098574945e-01
1.104300688035280732e-02,1.682674141041640495e-02,1.071303030388856548e-02,2.597611550074257407e-04,9.611574602503346609e-01
1.160754121273983863e-02,1.958397838394529064e-02,1.870348206556646242e-02,4.970261360857425228e-04,9.496079722016628200e-01
4.094693339522961772e-03,7.315437031285924527e-03,3.999190461374519875e-03,1.145508488444105119e-04,9.844761283189722434e-01
5.242641369084323141e-03,4.773941709513935747e-03,1.732265474310911270e-03,5.413683191002705648e-05,9.881970146151808354e-01
2.312441687607484989e-02,5.019539759060234752e-03,9.542435812737323992e-04,3.496840586061449968e-05,9.708668313777305547e-01
3.526992908884361844e-02,1.185995488163745296e-02,3.411361847970409075e-03,9.576603256172373454e-05,9.493629881489867861e-01
4.891117146230144347e-02,4.635701091656720119e-02,2.445472499127395935e-02,4.010789839876967950e-04,8.798760136458695369e-01
5.414000268509095576e-02,6.197845487421131672e-02,3.362481536325788445e-02,4.684803074260359768e-04,8.497882467700137443e-01
2.061195654089692519e-02,1.017930059046347722e-02,3.922457422291368394e-03,8.618335369281385878e-05,9.652001020926552766e-01
4.566420640617851329e-02,1.407113104984615212e-02,4.441146932957823826e-03,1.201573410336491914e-04,9.357033582699838536e-01
2.438583905545476521e-02,1.371862802776907357e-02,5.637240308747393930e-03,7.156421923675500610e-05,9.561867283887919289e-01
8.305594368866298094e-02,5.112510229055316352e-02,1.674223854201810358e-02,2.080318725683409739e-04,8.488686836061973828e-01
8.050940458970634594e-02,3.295203067712042244e-02,1.041966168113645473e-02,2.272106667570967609e-04,8.758916923852796410e-01
4.524709582783623119e-02,3.300367705247187616e-02,1.437196049942579545e-02,3.267092747582916990e-04,9.070505573455078796e-01
1.960127344217023684e-02,1.072401687192456668e-02,6.421595538873276290e-03,1.661830804241419058e-04,9.630869310666078098e-01
3.526064899157409227e-02,2.170074783756134260e-02,1.030504618823603613e-02,1.885915016861884391e-04,9.325449654809422340e-01
4.701088895696192010e-02,4.031638975863701541e-02,2.091507486768198754e-02,3.449351379817128509e-04,8.914127112787373353e-01
1.031108204959808455e-01,6.092614658239697140e-02,2.917259144440289068e-02,5.732405420381863964e-04,8.062172009351811219e-01
7.712705040897245568e-02,7.502982400314849032e-02,3.453370770894809844e-02,6.283662888035949651e-04,8.126810515901273790e-01
7.120116134798115670e-02,7.327469004387388019e-02,4.599592874370090484e-02,8.318439371960721293e-04,8.086963759272480790e-01
6.821996693446391591e-02,5.912181393021541387e-02,3.762119567213202675e-02,5.295999655050868601e-04,8.345074234976834759e-01
3.530900821466369244e-02,4.835779148056645882e-02,2.454436453227902548e-02,2.549812672785643428e-04,8.915338545052122754e-01
3.208109719631295487e-02,5.393150940153458583e-02,3.344675170927814689e-02,4.855976582192502019e-04,8.800550440346550651e-01
4.176034164341984461e-02,4.899021777445646680e-02,5.062108252294605926e-02,6.666897627062109456e-04,8.579616682964713581e-01
3.964297668250164886e-02,3.336517670419859166e-02,2.200844162904256468e-02,2.401464092524058908e-04,9.047432585750045941e-01
1.570149138710058567e-02,3.111940466619071005e-02,1.609342553248833615e-02,1.037173078483901275e-04,9.369819611063719966e-01
5.581413513331470559e-03,1.463463661051940187e-02,8.732849471276954087e-03,5.991777628358793705e-05,9.709911826285885228e-01
1.525652103011164440e-02,3.694428799972341443e-02,1.340724442832229996e-02,8.264898928434235106e-05,9.343092975525583155e-01
1.083982684315595163e-02,5.901578193063883662e-03,2.195445102660648073e-03,3.521301680169628150e-05,9.810279368443177717e-01
2.370172758594251902e-02,1.129370973772731920e-02,3.377544062098805384e-03,4.191687748532046525e-05,9.615851017367460507e-01
2.046593105461880571e-02,8.478146353351010550e-03,2.621680190466746038e-03,4.203885414443620975e-05,9.683922035474190615e-01
4.178945546445521353e-02,2.196027435929436347e-02,5.308735296927395188e-03,6.735623174004041634e-05,9.308741786475829283e-01
3.191497870798264136e-02,6.676822682650964194e-03,4.832908686477072578e-03,1.502653201748037012e-04,9.564250246027145019e-01
4.462334721649567626e-02,7.013434389563586932e-03,3.350613831098619294e-03,1.547750763101438944e-04,9.448578294865319638e-01
1.200210179580139674e-01,5.730048019853244655e-03,3.388834632406199313e-03,2.307444809821041192e-04,8.706293549087444905e-01
1.036376132014631551e-01,4.264050579823790675e-03,1.160515646897200938e-03,1.072788768162231824e-04,8.908305416949995337e-01
4.111033642247384490e-02,2.357738460905629916e-03,5.363136441182905648e-04,2.385763808168218301e-05,9.559717538344206789e-01
1.532944059804730412e-02,2.242986155986209391e-03,6.403985924490540388e-04,2.798868756399745339e-05,9.817591859659533515e-01
9.041076328734279355e-02,2.613927229223174126e-03,3.706757769429360914e-04,2.131934301227207622e-05,9.065833143634789426e-01
2.036050183915003031e-01,8.997695780977333149e-03,3.385753619129626499e-03,2.277252725878767150e-04,7.837838069358049609e-01
7.007743382578651703e-02,7.361326545752792418e-03,2.918693545751656088e-03,1.142384512316827963e-04,9.195283076314773041e-01
1.174241324480062021e-01,1.309816149546948541e-02,3.237620299235106826e-03,9.132516898007146916e-05,8.661487605883092522e-01
4.530836830140637095e-01,1.115536700041817528e-02,2.318064135717667895e-03,8.700298726597405588e-05,5.333558828625343251e-01
2.589437308616032163e-01,6.441211204714245193e-03,9.880224277395172755e-04,4.012500671436516772e-05,7.335869104992285283e-01
3.953380563952466620e-01,1.075823055666623798e-02,1.740743438857499277e-03,7.035964094688110888e-05,5.920926099682826127e-01
3.435602793895816687e-01,8.129525300067500654e-03,1.181121290593099317e-03,4.709684566745302712e-05,6.470819771740904391e-01
3.387542047353266916e-01,5.194901250493618068e-03,1.437252652875848193e-03,8.786263270035747175e-05,6.545257787286035134e-01
4.391487005238772223e-01,6.683525996245285108e-03,1.678590702458241084e-03,9.264414151187707540e-05,5.523965386359074303e-01
4.544475158334483900e-01,8.426896567029246166e-03,2.335854528477083331e-03,1.103102693311461908e-04,5.346794228017140993e-01
3.883911336016334093e-01,1.020778091900530204e-02,4.427828582449234648e-03,2.102465554218181090e-04,5.967630103414902631e-01
3.766548320699439345e-01,1.293387489196420881e-02,3.881121369596272387e-03,1.623925709577513196e-04,6.063677790975380288e-01
6.908743348571004805e-01,1.605799940433399325e-02,4.046891416137193657e-03,1.373907332059659504e-04,2.888833835892222757e-01
7.627270132638431788e-01,9.025145422942804085e-03,1.880958375280348312e-03,9.050476806055966447e-05,2.262763781698728938e-01
7.769226623815053134e-01,1.119577534955292983e-02,2.568814368471632539e-03,1.101683006509003137e-04,2.092025795998192494e-01
6.434406537272292503e-01,8.591431391556943187e-03,5.044885631705089968e-03,2.573282728903481496e-04,3.426657009766185258e-01
8.394638951454975739e-01,5.447353167574937698e-03,2.121505948608800977e-03,1.302772485161300784e-04,1.528369684898025771e-01
8.146338051974413297e-01,1.577265428548344645e-02,3.723458413272812042e-03,1.327339431459682027e-04,1.657373481606564114e-01
9.119198173350213654e-01,7.952163718602913225e-03,1.028981265219822659e-03,5.109779293606340334e-05,7.904793988821978701e-02
7.750073026538576437e-01,1.515531510562214204e-02,2.309303458086938137e-03,9.998099004532661990e-05,2.074280977923880220e-01
9.298102224862254683e-01,8.208352389906298577e-03,1.188509386316660222e-03,5.117780457822179062e-05,6.074173793297336227e-02
8.716744184359436209e-01,1.189099531934967140e-02,1.242045696342744098e-03,5.552599230341287488e-05,1.151370145560605546e-01
6.405715493796400040e-01,6.417970540919610591e-03,7.525425400948104878e-04,4.552214026832969559e-05,3.522124153990773276e-01
5.141501336943612444e-01,1.137784961098540180e-02,1.622767032349263028e-03,7.079185243677774781e-05,4.727784578098673807e-01
5.995048538598662935e-01,5.570884380945152065e-03,1.023496565453456885e-03,5.354911226089078760e-05,3.938472160814742717e-01
8.310883412940792692e-01,4.430149860552491659e-03,5.394057364336448225e-04,3.890667547317394582e-05,1.639031964334613789e-01
8.780050996920456541e-01,4.490019135137756495e-03,1.063217848417159208e-03,7.633805709049033481e-05,1.163653252673088889e-01
9.813018916702627159e-01,2.923233128186457884e-03,4.749345328796552679e-04,4.196585190930130394e-05,1.525797481676180803e-02
8.754361342987131422e-01,7.755877221952499345e-03,1.518047897267315802e-03,1.108193628744983235e-04,1.151791212191923541e-01
7.944641732327938355e-01,7.459949587651151272e-03,2.498694333714624599e-03,1.463161113992263640e-04,1.954308667344412109e-01
8.224989706744384454e-01,7.955015855602933297e-03,1.931167856355588564e-03,9.499599416182349660e-05,1.675198496194411912e-01
6.316405430473748250e-01,1.450965026534985561e-02,2.748547871519502455e-03,1.484609103591295496e-04,3.509527979053966851e-01
3.356611049738379982e-01,1.063293400349107042e-02,1.671503769787897886e-03,1.137242842402844914e-04,6.519207329686427244e-01
5.314544590341088171e-01,1.604355007927820223e-02,1.932634081863832901e-03,8.165120940995683116e-05,4.504877055953391829e-01
5.430887149065702912e-01,1.228112789089794502e-02,2.587974312921685355e-03,1.187620054702071584e-04,4.419234208841399392e-01
5.381480475696402976e-01,3.263990316305559469e-02,6.391789172784249733e-03,1.828643975364591578e-04,4.226373956969833867e-01
4.964215880999076624e-01,8.831715152418435910e-03,1.823800416653225363e-03,6.865717206953715688e-05,4.928542391589511018e-01
3.836421321613383562e-01,7.110709729065550766e-03,1.526303036194419762e-03,6.882258402825689402e-05,6.076520324893733838e-01
4.056871716231451597e-01,5.293038156834985013e-03,9.211893939057813575e-04,4.013318316499149194e-05,5.880584676429491120e-01
7.357777616610943205e-01,6.559457264351547037e-03,1.582922431122872706e-03,6.694933688790552398e-05,2.560129093065432460e-01
7.364579994379832906e-01,1.658860967890371171e-02,3.169789236598873419e-03,9.431050435697606099e-05,2.436892911421570107e-01
5.671454720034906360e-01,3.171982589950533143e-02,6.929623014569386702e-03,1.433213994297474075e-04,3.940617576830048874e-01
3.344838145728066814e-01,9.752854353453639658e-03,4.740843125768249774e-03,1.465180856136768421e-04,6.508759698623578505e-01
7.624949415785130524e-01,4.737292136578340369e-03,1.211892420195393675e-03,6.053356621798093346e-05,2.314953402984951947e-01
7.170224886312484003e-01,6.870254321654710797e-03,1.859698753264458961e-03,8.984677744429265243e-05,2.741577115163880696e-01
5.088816257758800310e-01,5.748566186549712402e-03,2.742825984122645739e-03,2.042651156067183140e-04,4.824227169378408342e-01
6.167364912347953476e-01,4.312333246777530493e-03,1.242132228407811937e-03,9.084738218941541626e-05,3.776181959078298567e-01
8.709963603037956803e-01,1.475507060614135273e-02,2.218194909216792722e-03,5.934967775369460129e-05,1.119710245030926393e-01
6.320641063882028732e-01,1.491750809532563400e-02,3.671428589418105487e-03,1.023890191505868086e-04,3.492445679079027587e-01
4.661865413252738732e-01,4.215569272705148307e-02,5.365538324808466139e-03,7.817821293186477671e-05,4.862140494099342902e-01
3.274860427476361524e-01,3.550914176236611569e-02,6.382058146661606819e-03,8.540089193811471811e-05,6.305373564513980789e-01
4.232951163247487547e-01,3.486153676575120403e-02,9.305362764595414074e-03,1.217879676848552655e-04,5.324161961772196916e-01
2.886764568991158630e-01,1.093794784366253561e-02,3.296300797775504349e-03,7.963306673261051421e-05,6.970096613927134754e-01
4.855028065208644716e-01,1.311232582713012240e-02,7.895304348385862384e-03,5.276155921198166614e-04,4.929619477114997594e-01
3.334101151606617131e-01,2.643543528216295638e-02,8.237128940960791734e-03,4.211600169328401258e-04,6.314961605992818194e-01
2.179860072534659243e-01,2.474779617370666610e-02,4.597295340269738108e-03,1.808461750479220629e-04,7.524880550575097082e-01
2.625857262489074695e-01,3.811580901687638967e-02,1.038708053651291909e-02,2.634745421234252309e-04,6.886479096555797597e-01
2.431668735067258058e-01,3.796742010398511391e-02,8.014106907294076682e-03,1.347800661174498470e-04,7.107168194158773877e-01
1.373433109980513878e-01,4.589676137264891292e-02,8.976679882883547082e-03,1.237126493102763875e-04,8.076595350971058629e-01
7.467762810435546461e-02,2.411276800765895997e-02,3.297386000462361293e-03,6.105353270341013730e-05,8.978511643548197085e-01
9.398917969748378509e-02,2.387568976399541409e-02,2.987866261705630303e-03,4.847605164930981689e-05,8.790987882251657393e-01
1.670016639586236751e-01,1.755352545498395020e-02,2.950797707972593106e-03,7.544931857133611538e-05,8.124185635598485389e-01
2.225082803808560161e-01,2.030460335459251600e-02,2.351690383769543952e-03,6.863249331184432557e-05,7.547667933874699919e-01
2.404307571603372939e-01,2.616236796032117909e-02,2.211061085940316771e-03,5.188057671977355204e-05,7.311439332166814742e-01
1.394428554792264130e-01,3.087297527423744220e-02,2.668522966011277475e-03,5.851935074565763588e-05,8.269571269297791849e-01
1.942541131032947954e-01,4.193620250174642100e-02,4.560929988894148884e-03,6.534895929875975736e-05,7.591834054467657689e-01
1.440750524778216801e-01,4.883428472038015694e-02,4.877687787121612155e-03,6.787147884731924651e-05,8.021451035358291293e-01
4.340386549486167089e-01,1.085990981118725995e-01,1.172008580823711253e-02,1.237541188138985065e-04,4.455184070124597051e-01
2.681445545828046728e-01,9.156004940453650598e-02,6.834541250579094333e-03,7.920870984799965311e-05,6.333816460522315728e-01
2.120011066360345808e-01,3.054025344393350785e-02,3.437045147312977039e-03,6.086525425965324284e-05,7.539607295184593827e-01
1.317222636519966017e-01,3.797536834516153370e-02,9.791571471729744458e-03,1.325488216869350920e-04,8.203782477094252457e-01
9.317565467718651184e-02,8.354346558423854374e-02,2.287851937950705419e-02,2.271471936982512308e-04,8.001752131653695477e-01
1.732840979090680689e-01,8.335834722128315777e-02,1.749880735525225633e-02,1.900763243997940426e-04,7.256686711899965614e-01
8.956116677125183778e-02,4.728250847573867155e-02,5.968894039819262233e-03,8.434837637572104854e-05,8.571030823368145368e-01
1.416382785384136256e-01,3.811701958657168210e-02,5.666805902017059589e-03,1.310452481470424817e-04,8.144468507248505684e-01
1.281667145395711249e-01,4.071056546861667041e-02,1.016376840640342491e-02,2.642527988641140508e-04,8.206946987865445520e-01
1.019179318666452450e-01,1.803614436278809866e-02,3.667182112730630120e-03,1.082108030032179246e-04,8.762705308548328631e-01
2.078156224450125045e-01,3.812073546187293854e-02,4.743282602528433103e-03,7.988851824812799704e-05,7.492404709723380352e-01
1.549326219297672280e-01,3.901288646101512547e-02,3.779218241246547899e-03,6.314397377618353709e-05,8.022121293941949505e-01
1.324931554282974544e-01,2.712252124371045819e-02,2.807412717412460183e-03,4.272159697504970892e-05,8.375341890136046574e-01
1.529722154206121509e-01,2.816555120292643308e-02,2.908586520712152981e-03,4.121111354627140697e-05,8.159124357422029572e-01
3.983847083096296315e-01,3.960058080744568304e-02,3.763672227458519058e-03,5.715815490859343012e-05,5.581938805005575155e-01
5.196455070585658254e-01,4.646160600166742566e-02,7.573468822177006898e-03,9.346207162765829337e-05,4.262259560459621399e-01
3.366013572975958268e-01,7.884895093522524545e-02,7.616819823561782506e-03,7.901752762796205220e-05,5.768538544159891313e-01
1.539087659801205987e-01,9.721791731177929774e-02,1.390968602099139015e-02,1.081479414202875033e-04,7.348554827456883487e-01
1.293826932489133552e-01,1.577318683659358622e-01,9.379974473284960479e-02,7.174404472322941286e-04,6.183682532050689407e-01
3.179178868491490118e-01,1.409426740457074556e-01,4.452189421945752096e-02,3.961962557140367774e-04,4.962213486299720255e-01
2.774929286120597083e-01,3.757994983856089571e-02,1.392514081053555612e-02,2.985188110600120698e-04,6.707034619277837395e-01
7.102138858394833054e-01,4.493783350879400340e-02,7.005795175175191618e-03,1.066786587808269386e-04,2.377358068177666262e-01
9.263259952839451028e-01,2.634207971280235969e-02,2.178214094065031303e-03,3.412859945119075552e-05,4.511958230973626277e-02
9.604473275830689438e-01,2.049910628432762005e-02,9.180839542792261542e-04,1.390065738748507741e-05,1.812158152093683305e-02
9.457079701114640136e-01,3.418751467021705764e-02,1.119740238703753957e-03,1.371402911325589665e-05,1.897106095050193550e-02
8.972886370195435335e-01,6.653464700718393632e-02,2.437289746587242151e-03,1.721055096744650127e-05,3.372221567571784956e-02
9.371073899420473419e-01,2.881883538625879676e-02,7.141285986968108407e-04,8.464057231123722248e-06,3.335118201576589558e-02
8.750109889312092104e-01,7.840381725249423450e-02,2.706613920384193413e-03,1.751700689192042652e-05,4.386106288902057171e-02
5.896768346093969049e-01,3.557877926168101501e-01,9.887864105102282461e-03,2.786358704944350841e-05,4.461964508164120019e-02
5.788575752432690846e-01,3.166691844707443249e-01,1.466557755398163049e-02,3.634654794176243913e-05,8.977131618406326841e-02
6.528168211787052089e-01,2.401515074265668515e-01,9.501287912741126357e-03,2.498287335710616027e-05,9.750540060862976366e-02
4.260586503346561749e-01,4.042263772902659480e-01,1.179690049280983540e-02,3.144109795599193643e-05,1.578866307843121708e-01
3.156987048573812737e-01,3.625957196739600930e-01,1.317084949961449224e-02,3.997470302312491783e-05,3.084947512660209390e-01
2.617599510207747060e-01,4.940746421322547710e-01,3.319192950972678358e-02,6.654068502591767374e-05,2.109069366522178524e-01
2.067790542880734161e-01,5.104792835682250285e-01,3.623285146905424331e-02,9.174648653764720565e-05,2.464170641881097135e-01
2.685926825382147221e-01,2.546861019532569159e-01,1.863496156771081436e-02,8.465818522541667117e-05,4.580015957555921835e-01
3.907291765178619314e-01,2.210292971825722208e-01,1.350354657454620397e-02,6.930600218761527262e-05,3.746686737228320241e-01
7.773997046763202468e-01,1.106820056356544457e-01,7.101255806664754852e-03,4.278072725564799681e-05,1.047742531541048377e-01
4.509087185884702031e-01,2.707382957627724185e-01,1.172587984204040944e-02,7.498882751453731605e-05,2.665521169792023914e-01
3.468411131330108033e-01,2.764410475490470254e-01,1.395726023174884839e-02,7.554169919955552718e-05,3.626850373869937583e-01
1.579199550927330165e-01,1.548827563197434365e-01,1.793958537921953519e-02,1.667806993353524304e-04,6.690909225089687329e-01
1.449664218520106129e-01,1.212193804191700891e-01,1.614842900403789389e-02,1.358938904920456838e-04,7.175298748342893163e-01
1.171834854179349683e-01,9.738195152342082883e-02,1.160841384603265511e-02,7.016667227231471301e-05,7.737559825403392821e-01
2.868076540817251011e-02,4.002898505510579796e-02,5.766634318195447938e-03,5.400100134948891407e-05,9.254696142171767725e-01
5.094355755907227501e-02,1.062343729192104062e-02,2.623611906186259796e-03,5.607345334092210374e-05,9.357533197894795096e-01
6.332849778180044131e-02,2.117154091749182815e-02,6.469658790586562021e-03,1.300218941397526297e-04,9.089002806159813819e-01
1.222388106650573320e-01,3.457809408599280682e-02,1.088901674798619865e-02,1.397944818309348211e-04,8.321542840191326063e-01
1.548820511110952092e-01,3.788620451391618710e-02,1.145295918929601156e-02,1.816390026122199431e-04,7.955971461830804170e-01
2.214939689686016566e-01,4.694334347132216728e-02,1.161636088257987642e-02,1.629182009209382133e-04,7.197834084765751816e-01
2.721970582012539497e-01,7.220323048042283365e-02,1.345665610623419071e-02,9.890123492410372364e-05,6.420441539771649664e-01
4.164190736174453455e-01,4.481674858733741135e-02,6.279763736968515565e-03,9.344540203878259302e-05,5.323909686562099397e-01
2.945711774988116205e-01,3.527465287034056707e-02,9.340602206052006987e-03,1.449445893096007790e-04,6.606686228354862189e-01
2.960921516521043961e-01,3.517706622332624627e-02,1.284959776857744207e-02,2.356655052697889815e-04,6.556455188507223086e-01
1.436835556413477988e-01,7.431733860890109289e-02,3.098835988059318522e-02,2.777760218055906226e-04,7.507329698473523827e-01
2.657344244304230552e-01,9.255270278189144106e-02,3.045036961982218113e-02,2.713957447667229156e-04,6.109911074230967021e-01
2.331347731128186607e-01,5.930146083354109754e-02,1.630705886359379297e-02,1.386517732540682498e-04,6.911180554167923873e-01
1.278865105035983107e-01,1.487282141131247154e-02,3.009461289491592757e-03,4.201891372460657339e-05,8.541891878818729245e-01
1.037194134189928091e-01,1.802981752692547554e-02,2.868179398911669970e-03,3.617660042917191123e-05,8.753464130547409239e-01
1.484584496410371879e-01,1.472813268276852369e-02,1.768774858332998294e-03,3.839950178511225700e-05,8.350062433160763131e-01
2.786140586351378845e-01,3.873321374530514644e-02,5.055796936825444031e-03,9.585325520799253449e-05,6.775010774275234127e-01
2.469916065423929663e-01,6.000329411862373452e-02,5.915806368596250760e-03,8.457398524116282903e-05,6.870047189851460345e-01
