3.012092189577160739e-01,7.466885622320760391e-03,1.332117520906269184e-02,1.131098258681604435e-02,6.666917376240845128e-01
2.396674018469051315e-01,1.029571707139670389e-02,4.458403809483166801e-03,1.086450160779781722e-03,7.444920271114354726e-01
2.874162658755555211e-01,2.354324323684615222e-02,2.153764344093932193e-02,1.749810384931891998e-03,6.657530370617271709e-01
6.203299306128956525e-01,2.201571380735797834e-02,6.589254058824944860e-02,8.244608559484663951e-03,2.835172064320122809e-01
3.827806660053114651e-01,4.915394489485037932e-02,8.379408548974909277e-02,3.027283719297606257e-03,4.812440198907913524e-01
6.729657546917785504e-01,5.766502868178020186e-02,5.873379924384514172e-02,1.424191030544288018e-03,2.092112263520516935e-01
7.785865539125247370e-01,7.126614757432080116e-02,4.151407863133545206e-02,6.638358057887800909e-04,1.079693840760302392e-01
8.192379937961824510e-01,1.064697376280927116e-01,3.243637796038610632e-02,5.285943388773035661e-04,4.132729627646134635e-02
5.805855570331710513e-01,2.781171233554369238e-01,9.212854619505650433e-02,6.962295455615253497e-04,4.847254387077387650e-02
5.934042360353400936e-01,2.082939471277536203e-01,1.398230892910591605e-01,1.056413648364028235e-03,5.742231389748306269e-02
6.820212408271936200e-01,2.065052567870320765e-01,8.463275815410029046e-02,8.920536884860742147e-04,2.594869054318800841e-02
7.525061535606084595e-01,1.850961845404101302e-01,3.766707180431809465e-02,3.812661078384916680e-04,2.434932398682480847e-02
6.872851635805208304e-01,1.110545055416205379e-01,1.251747322766079695e-01,5.035930259087874512e-03,7.144966834216266716e-02
4.250918426571480002e-01,1.401445637732783855e-01,3.079881147585221690e-01,7.629178142413916078e-03,1.191463006686374893e-01
6.512908098838041671e-01,2.283412830805696403e-02,1.334722562051566530e-01,1.189403058290267740e-02,1.805087750200795593e-01
8.395037976322736739e-01,2.385067993545411658e-02,6.469810922197805070e-02,4.104697032589356594e-03,6.784271617770477880e-02
8.723352952405598604e-01,1.349372756572733180e-02,1.725037138853246013e-02,1.109880341718036834e-03,9.581072546346239283e-02
9.349969542492959640e-01,1.321519973246558510e-02,9.650598488559609250e-03,6.606907669747335253e-04,4.147655676270423086e-02
9.520483017591472308e-01,5.307387916196447918e-03,2.698626723327416169e-03,2.815519082901532695e-04,3.966413169303858316e-02
9.277596690572729177e-01,6.262320302071405255e-03,4.852035371468230510e-03,4.907193888839081778e-04,6.063525588030353047e-02
8.487613748643647593e-01,1.385738447682943048e-02,6.511798358679107314e-03,3.288753970992031950e-04,1.305405669030275106e-01
9.808150644857237532e-01,2.546413575036440315e-03,1.916346892909583273e-03,2.362349100439539468e-04,1.448594013628639633e-02
9.603208951006291239e-01,4.076361157315934285e-03,2.836901481444019813e-03,6.325888879341462490e-04,3.213325337267691761e-02
9.878683014610983859e-01,2.552059978235364859e-03,1.983619166150211478e-03,2.481896410653098369e-04,7.347829753450625841e-03
9.216127037527841459e-01,9.462442952216335024e-03,8.975845019499103378e-03,6.568056199720069977e-04,5.929220265552848090e-02
8.212888723138559444e-01,2.930059073709045253e-02,2.400943993785625147e-02,6.683997717483548600e-04,1.247326972394491029e-01
8.563057889226600716e-01,2.892135403270771135e-02,2.539396115635765561e-02,3.232426719897061825e-04,8.905565321628500230e-02
8.270708336401751959e-01,1.324207871484106395e-02,1.258703658686029583e-02,2.405525987518587999e-04,1.468594984593715735e-01
8.170796316583515129e-01,6.875257539947506047e-03,1.275341290836118704e-02,3.298157979311920531e-04,1.629618820954086000e-01
7.768473943523859226e-01,1.051913443861334299e-02,1.511126050584798985e-02,3.816163438121168922e-04,1.971405943593404764e-01
7.495782042593106542e-01,1.146758370662066470e-02,1.606434634773331455e-02,3.891063917216690564e-04,2.225007592946138535e-01
7.377000072241717277e-01,8.602520236392255382e-03,2.003521811548466744e-02,4.347608195881178233e-04,2.332274936043632896e-01
7.505046109673872978e-01,1.073870041978999650e-02,2.934071040698792154e-02,4.492199687101562492e-04,2.089667582371246279e-01
6.896431610144437840e-01,2.894323203725666580e-02,6.119849099358128097e-02,8.000473484343654726e-04,2.194150686062837363e-01
6.975549560703999674e-01,1.419718025731965191e-02,7.224760574247895972e-02,1.135503713418315255e-03,2.148647542163832080e-01
7.361510244106088674e-01,8.211875238098497939e-03,3.016042062146670824e-02,1.211813858862379606e-03,2.242648658709635590e-01
7.744935287654497458e-01,4.278450770746383865e-03,9.369237114933561678e-03,5.899845593999204774e-04,2.112687987894703856e-01
7.865253672147166641e-01,8.636035281063055014e-03,1.867546799415771910e-02,9.956725196354860793e-04,1.851674569904270817e-01
7.642674633228558889e-01,1.792074529199799357e-02,5.169026636007975628e-02,2.904553644156201292e-03,1.632169713809100697e-01
6.947627822426840627e-01,2.491971443753550342e-02,7.859678075128852248e-02,4.138232006389800516e-03,1.975824905621021144e-01
7.529614296268194451e-01,6.748389747768558482e-03,1.118815491426803331e-02,9.667846777924666212e-04,2.281352410333513381e-01
7.449516856424693856e-01,1.029530732308456611e-02,1.582535416911708473e-02,1.042732096884292246e-03,2.278849207684445766e-01
7.765326234293669083e-01,8.973354842698169284e-03,1.175452143256324258e-02,9.130139011996524006e-04,2.018264863941720277e-01
7.702927065563816011e-01,7.296941396627752707e-03,1.402281740184779281e-02,9.990519182709145345e-04,2.073884827268717701e-01
7.508617951315033068e-01,1.109410833482411818e-02,1.927157792317037849e-02,1.402262888439793128e-03,2.173702557220623943e-01
7.415340230214400030e-01,1.034038712986500366e-02,1.299603647189537595e-02,9.160903241346371462e-04,2.342134630526649108e-01
6.743774967578057833e-01,1.062929870266316953e-02,7.958536894639961501e-03,4.552928122574287882e-04,3.065793748326334778e-01
7.995199277938622728e-01,1.197466298242546787e-02,8.617755491203072521e-03,5.768740592974357833e-04,1.793107796732117398e-01
6.576079924147247846e-01,1.523643467896707362e-02,8.092079918991907164e-03,4.990558217222596654e-04,3.185644371655941276e-01
8.206932204671666398e-01,6.439751431760817706e-03,2.126221796938626823e-03,1.669500335371370083e-04,1.705738562705968742e-01
7.938234020336102370e-01,1.878293330675537970e-02,7.824809164877443574e-03,3.086786180661360872e-04,1.792601768766909076e-01
7.211558774058461907e-01,1.750741394196344766e-02,6.782460151557728745e-03,3.362442334262114398e-04,2.542180042672064211e-01
8.310749178050981234e-01,9.211417543888997597e-03,7.404749807850540336e-03,3.426561211705738937e-04,1.519662587219917649e-01
7.120246083232559808e-01,7.849751768218190748e-03,6.474899402108207080e-03,3.558766396257199895e-04,2.732948638667917485e-01
6.758344333823809169e-01,6.275779680145251310e-03,3.669148470443781701e-03,2.102832692867880645e-04,3.140103551977431739e-01
7.043104753724303002e-01,1.225477931950211090e-02,1.080683158172856748e-02,4.665454953186877712e-04,2.721613682310204396e-01
6.013700263878185570e-01,2.611307694174995475e-02,3.108902700805312239e-02,7.131977482216409446e-04,3.407146719141568303e-01
7.177847201951765843e-01,1.866127979415501889e-02,3.168100065160431994e-02,8.751872711498840480e-04,2.309978120879142283e-01
6.602518601936918641e-01,3.617000184682900299e-02,3.608405686916336952e-02,1.015556200091576045e-03,2.664785248902242776e-01
5.857226077655545149e-01,4.567868425005366939e-02,5.930070860750133455e-02,1.967802201787396954e-03,3.073301971751031259e-01
5.892024658951314775e-01,5.901885125701968743e-02,8.033244701983542624e-02,1.813801067162731841e-03,2.696324347608505811e-01
4.874656166413166569e-01,7.083302588970889768e-02,7.141372160565045979e-02,1.402962049378683219e-03,3.688846738139452963e-01
5.240951983386460400e-01,4.208167588096931727e-02,8.207033918288104968e-02,2.423329942310189188e-03,3.493294566551934377e-01
6.316234270240784765e-01,2.573339739422391553e-02,6.011388226308816973e-02,1.958195579388971510e-03,2.805710977392203431e-01
6.536977352011115183e-01,2.059686112691154827e-02,4.721527581313830768e-02,1.587646980313714385e-03,2.769024808785250369e-01
6.890242739006968709e-01,1.048490095371663357e-02,1.730122378529783470e-02,9.624881622972177161e-04,2.822271131979913750e-01
6.281011610907945020e-01,1.775713657978000848e-02,2.129402694758943809e-02,9.744992973342812012e-04,3.318731760845018974e-01
5.666733043279071902e-01,2.879118994702261139e-02,3.096495022804716252e-02,1.033631698573091867e-03,3.725369237984499371e-01
4.991020207016811927e-01,6.935294894303252466e-02,4.464056834139366881e-02,9.664362658896100133e-04,3.859380257480030108e-01
4.003193942584281628e-01,3.061449184504533988e-02,1.619582630284722297e-02,5.013764914502264261e-04,5.523689111022290765e-01
3.873229017235536031e-01,2.523266676277340775e-02,1.113821609095981546e-02,4.007668399726711621e-04,5.759054485827406200e-01
3.131798914413658763e-01,4.192613278953004341e-02,4.667178275593759917e-02,1.380243140706404175e-03,5.968419498724600869e-01
4.158279213352055192e-01,1.771412633491088739e-02,2.497192699303544053e-02,1.226454728140369049e-03,5.402595706087077732e-01
3.733982454176290600e-01,2.575279835867200218e-02,2.040025990408400602e-02,7.441271015494828247e-04,5.797045692180654575e-01
5.433083307702014642e-01,1.802577932157174018e-02,2.512877057134002556e-02,1.266643788707047611e-03,4.122704755481796934e-01
4.489254434594109888e-01,2.231667600022255865e-02,5.385082523421633183e-02,3.187149245680831380e-03,4.717199060604693184e-01
4.534598179637260307e-01,2.271621027087853892e-02,2.399811290525197260e-02,1.148044429987205538e-03,4.986778144301562410e-01
6.137846176178646251e-01,8.016515235210470991e-03,1.258174148444959027e-02,8.728784753705992215e-04,3.647442471871046310e-01
4.634249804017661623e-01,9.265544394607468787e-03,1.875316936498831744e-02,1.136731868102412420e-03,5.074195739705358310e-01
6.007065160817492977e-01,1.461077792505961759e-02,9.970057679117454164e-03,4.944332796742796805e-04,3.742182150343992264e-01
6.485831183437837932e-01,1.422602157786022337e-02,1.952550067887201535e-02,1.632545354414260312e-03,3.160328140450696655e-01
7.769611358110354304e-01,6.316570494579584402e-03,4.201113171625126680e-03,3.082178101932044707e-04,2.122129627125667328e-01
6.441376200124271367e-01,3.591011648378007043e-02,3.571955351096593040e-02,1.114682495217745152e-03,2.831180274976090594e-01
7.669632592941219018e-01,1.825364432628786768e-02,1.267172068978647884e-02,3.942798753706750186e-04,2.017170958144331727e-01
7.735979145407704261e-01,1.694219083787680893e-02,1.834802687383235709e-02,7.718497801866171498e-04,1.903400179673338244e-01
6.252221439942372561e-01,1.710888094793562228e-02,3.114589350880765314e-02,1.305492359653503704e-03,3.252175891893659410e-01
4.722267280428470992e-01,1.877499464532210102e-02,4.341514199025348769e-02,1.742335629703993180e-03,4.638407996918733067e-01
5.096135156989085591e-01,3.669066794208029891e-02,7.899651491766218614e-02,1.823003319434977074e-03,3.728762981219140293e-01
4.116059389949167091e-01,5.727045479012538021e-02,4.528375518625182838e-02,7.682826302010493458e-04,4.850715683985050153e-01
3.073270130521312815e-01,2.234814333395560709e-02,2.862283613595288309e-02,9.274180828118309093e-04,6.407745893951484195e-01
3.381547265307122130e-01,1.079589261515265936e-02,1.655145269511895667e-02,7.623365135523770160e-04,6.337355916454637805e-01
3.346776190467701251e-01,5.420747538630330681e-02,4.520005380766378006e-02,9.525388287259428568e-04,5.649623129305370028e-01
4.017641074147346725e-01,7.539304671654942225e-02,1.140892432665156081e-01,1.599549788468917350e-03,4.071540528137313486e-01
3.557307124097099371e-01,3.953188726894733829e-02,4.918478444679279249e-02,1.093443827629877975e-03,5.544591720469200791e-01
3.148126540831486242e-01,3.298912170615943967e-02,6.568669379727778979e-02,2.404400637065600473e-03,5.841071297763485992e-01
3.319027511710410661e-01,2.835295913215399310e-02,7.583100546435067590e-02,4.407265888967695083e-03,5.595060183434865664e-01
3.808813940859218650e-01,3.429024323749227388e-02,1.200234955223134781e-01,4.985014102975755812e-03,4.598198530512966342e-01
2.889420471245877642e-01,5.366822881801988632e-02,2.031778356664488694e-01,4.876436503127116844e-03,4.493354518878163728e-01
4.158861128685753528e-01,1.833460582800566438e-02,4.669684260803568659e-02,1.988868443073371801e-03,5.170935702523098421e-01
3.049837244806214431e-01,1.528505785438016157e-02,2.470697731444186640e-02,1.120432281990713964e-03,6.539038080685658505e-01
4.607232982081860828e-01,1.185037959639149291e-02,3.634312481892412738e-02,3.309306961520721690e-03,4.877738904149775956e-01
5.247152622969496472e-01,4.072385089330469651e-03,4.534116080104043552e-03,4.765210507968508161e-04,4.662017154828189680e-01
5.275057622118797251e-01,1.985433486492280478e-03,2.051210466055003543e-03,3.788316940271063932e-04,4.680787621415458122e-01
4.054140372274881443e-01,1.783373471501887002e-03,2.195754251026664581e-03,5.244098764291404025e-04,5.900824251735541370e-01
2.272531642164739296e-01,2.882094953043178205e-03,5.040429507297539830e-03,6.302134802231208364e-04,7.641940978429622167e-01
5.883620005505925121e-01,5.163472401500990121e-03,1.590368467082960147e-02,2.366989576445051747e-03,3.882038528006316880e-01
7.551452152465208956e-01,2.951065622651271366e-03,3.209673720186606658e-03,4.423433016922542847e-04,2.382517021089488873e-01
6.473217466472908077e-01,4.119663947484263761e-03,9.085709029014050683e-03,2.128704748539289940e-03,3.373441756276716053e-01
6.687557250126830999e-01,8.736128891212738279e-03,3.645108783027830451e-02,1.509214106854583556e-02,2.709649171972801085e-01
5.672740476898545658e-01,7.459388972786796385e-03,4.112071586755141478e-02,2.055362720564060316e-02,3.635922202641667100e-01
8.424439545199122747e-01,4.853696957012511130e-03,6.931538974433944233e-03,1.488512109089931527e-03,1.442822974395513436e-01
7.200197314697536211e-01,1.207644374420834346e-02,1.278572216980938536e-01,6.540672250576202995e-02,7.463988058218212762e-02
7.711446892352037397e-01,2.589867730165786724e-02,7.780777881874388624e-02,1.632727597200465605e-02,1.088215786723899653e-01
8.313874308605931907e-01,2.480264598930837644e-02,3.748400683294367264e-02,4.379386800587745272e-03,1.019465295165668944e-01
9.492328822362823271e-01,7.682032726566584771e-03,5.917081938844509330e-03,8.717968345480320118e-04,3.629620626375865133e-02
9.809104532617630712e-01,6.634119191451804884e-03,2.241872743016973257e-03,1.757132619101111151e-04,1.003784154185816471e-02
9.519725867604360570e-01,2.749400346964536376e-02,2.609732511904066903e-03,9.106205639114361614e-05,1.783261520162326280e-02
6.788737476964910034e-01,2.046914166609534180e-01,9.861147445250108279e-03,1.320136134361515098e-04,1.064416745838693279e-01
5.384772739480290227e-01,3.627572573391184552e-01,3.259460762501390635e-02,1.653670961595098837e-04,6.600549399167912612e-02
6.893850944205368592e-01,2.435906154011577285e-01,1.390643846148942146e-02,8.249712791507622927e-05,5.303535458890085152e-02
3.394341704966851725e-01,5.239764937915266652e-01,3.287995613472580181e-02,1.081406773036671900e-04,1.036012388997586270e-01
3.840696908242343666e-01,4.901915340872306515e-01,3.582509605972720307e-02,1.088615276026272502e-04,8.980481750120529461e-02
2.715651915413301309e-01,5.790601759464929499e-01,4.898610303443375058e-02,1.295769249876111448e-04,1.002589525527554648e-01
4.954616297802277858e-01,3.606661705862573841e-01,3.793372969026945207e-02,1.432526834796777108e-04,1.057952172597657475e-01
4.306487010229528289e-01,4.237288996825243625e-01,6.137395004496985773e-02,2.213899885800462786e-04,8.402705926097285560e-02
6.397510613761361320e-01,2.892753122406731547e-01,3.740510084553486103e-02,1.472069996460025716e-04,3.342131853800980185e-02
5.777214763383475837e-01,3.312241405327776000e-01,4.154693896763059224e-02,1.897843808113071275e-04,4.931765978043290560e-02
2.990808892667561336e-01,5.335403512095066025e-01,8.018745633191912137e-02,2.329769130546976313e-04,8.695832627876338983e-02
3.695696812141571197e-01,4.579153537603605773e-01,1.123330998601994729e-01,3.243831657741317004e-04,5.985748199950872289e-02
1.820775872516565141e-01,5.813568541778084686e-01,9.441337152531235899e-02,2.407862387488268557e-04,1.419114008064737698e-01
1.955134720214116439e-01,5.543092633215652709e-01,1.010066757458402131e-01,2.767349582622014655e-04,1.488938539529206517e-01
1.507876973385279540e-01,6.127376654091624131e-01,1.197812270863466838e-01,1.954626126034722966e-04,1.164979475533594738e-01
5.740232521232604412e-01,3.240336048728220675e-01,5.712455709347077915e-02,1.883241322065420411e-04,4.463026177824030993e-02
3.749797110756050711e-01,4.993745836099824364e-01,6.984576942729198157e-02,1.761591627472658102e-04,5.562377672437307519e-02
2.380920941942890334e-01,6.219942019337090233e-01,9.159863941606946613e-02,1.404733245831663697e-04,4.817459113134932303e-02
1.554142545218402394e-01,6.253866348616470283e-01,1.948608912516220093e-01,1.959173372450278173e-04,2.414230202764573036e-02
1.001311258270990989e-01,6.607907393688168263e-01,2.097841342374451301e-01,2.055047756426687893e-04,2.908849579099628477e-02
8.213040128474008439e-02,5.896081456469477455e-01,3.036407368628112335e-01,2.485365651951616621e-04,2.437217964030577791e-02
5.816221548898446031e-02,4.843632341226571381e-01,4.373431278789292054e-01,3.065025334299708226e-04,1.982491997599921882e-02
9.979560473996966496e-02,4.979952857378629472e-01,3.823818033922434245e-01,3.438368809202892759e-04,1.948346924900368204e-02
3.067912277508366148e-01,4.506312730606830685e-01,2.260443653216689941e-01,3.442391406805300324e-04,1.618889472613076891e-02
3.876815780819434232e-01,4.288337819855017607e-01,1.751039511263516313e-01,2.803266749346281644e-04,8.100362131268551424e-03
1.712403984270468305e-01,6.007453655787775570e-01,2.220945396296074570e-01,1.960135232197610371e-04,5.723682841348266999e-03
1.259143114489884308e-01,6.369106584492936207e-01,2.273133530842755823e-01,1.902169993902845817e-04,9.671460018052000646e-03
8.326120958992934418e-02,5.648240527655921106e-01,3.485882519700860271e-01,2.007790453446653563e-04,3.125706629047796722e-03
7.541722820524078552e-02,6.317016107462186669e-01,2.844311554660647334e-01,1.898330381927934747e-04,8.260172544282899654e-03
1.177156288827970049e-01,6.329247540021899487e-01,2.394508158915460982e-01,1.835128144588269740e-04,9.725288409008119375e-03
7.828503679641823920e-02,6.156644831632723802e-01,2.964222711675388311e-01,2.209676999874776498e-04,9.407241172783029418e-03
9.602872765383674292e-02,6.464858791855292441e-01,2.488994936206550546e-01,1.979536152081093163e-04,8.387945924770953340e-03
5.148037709756043273e-02,6.220291094021926925e-01,3.201118465303858796e-01,1.936760207254531127e-04,6.184990949135760890e-03
5.758621288964670820e-02,5.303888189244383433e-01,4.059962006892714470e-01,2.816688140877908865e-04,5.747098682555855549e-03
8.059617802567406453e-02,4.850060607433511750e-01,4.279671911379726579e-01,3.798537728772705753e-04,6.050716320124861769e-03
2.574204083018484801e-01,4.025857458833589919e-01,3.320549950037024467e-01,7.287466308725312498e-04,7.210104180217595353e-03
1.248211257843676869e-01,5.593778101076405385e-01,3.089994052815288050e-01,4.502734830296975695e-04,6.351385343433227360e-03
9.205265641879516181e-02,6.583592584087237798e-01,2.310887714251829428e-01,3.982587531131808346e-04,1.810105499418491332e-02
7.788749810458300837e-02,6.892907082886676751e-01,2.204536233883597207e-01,2.693051644080561905e-04,1.209886505398148106e-02
4.308029656090690135e-02,5.754872552025152022e-01,3.740703196152195820e-01,3.310442211376389185e-04,7.031084400220550222e-03
3.960987350163042153e-02,4.504581470323874570e-01,5.056294040862829853e-01,4.438866306710683189e-04,3.858688749028058636e-03
3.282485338087647725e-02,5.180246693300968319e-01,4.438746413675344060e-01,3.397458033233100743e-04,4.936090118168941394e-03
3.033274016389138072e-01,3.597396559133734240e-01,2.738692048542409330e-01,5.894342738461665629e-04,6.247430331962570971e-02
5.834291555018984443e-01,1.578558123297550964e-01,1.826008086758429405e-01,1.311887447115750970e-03,7.480233604538776004e-02
7.426857711942320694e-01,1.322231517790217747e-01,8.573632810775634605e-02,6.501982858403211911e-04,3.870455063314938438e-02
4.842123639271418423e-01,1.902864664784703341e-01,1.161095352207639347e-01,8.166377019709346622e-04,2.085749966716529680e-01
3.087654772028144978e-01,2.212658497469776053e-01,1.789734471056455556e-01,1.494974119755926138e-03,2.895002518248064316e-01
1.166831930372355941e-01,2.581326078561757553e-01,3.867037105006363440e-01,1.714769113826164959e-03,2.367657194921261588e-01
1.092930075870559292e-01,3.956794450630837789e-01,3.492390409757789582e-01,9.246206050643357866e-04,1.448638857690170423e-01
7.335497282324833501e-02,4.697373363391880718e-01,2.457496327863406549e-01,4.798015829842797435e-04,2.106782564682385395e-01
7.153645174634619408e-02,4.126414005951987707e-01,3.123309654775956457e-01,7.746854266685330786e-04,2.027164967541907337e-01
8.786787742876261964e-02,4.214610745410339865e-01,3.416806105676604144e-01,9.348951490684934834e-04,1.480555423134743975e-01
1.885824242576227550e-01,4.396992631800061280e-01,1.811749463148741301e-01,7.904503501860272530e-04,1.897529158973109975e-01
1.015525341584985475e-01,5.240500958925856656e-01,2.838292517724518293e-01,6.176926727303598975e-04,8.995042550373347212e-02
1.003047724100381566e-01,5.797935859584485430e-01,2.426906980777893685e-01,4.595920214756422689e-04,7.675135153224829643e-02
9.397007961647381447e-02,5.839730946685174340e-01,2.371838113739684339e-01,3.477398079844288333e-04,8.452527453305586080e-02
5.786179726462450934e-02,6.484244463755460819e-01,2.233538741367552538e-01,2.369966058846441109e-04,7.012288561718962865e-02
5.386383079277952401e-02,5.621142094714938198e-01,2.408484322159653301e-01,3.351640904915262646e-04,1.428383634292699489e-01
3.585118010924700366e-02,5.283031347557904933e-01,2.322327062950309273e-01,3.086415545248976950e-04,2.033043372854066722e-01
3.249379159441360965e-02,5.190578732685070529e-01,2.998609661220802969e-01,3.966719725152203428e-04,1.481906970424837766e-01
2.575882958360312461e-02,4.608839665996040669e-01,4.273939240792541949e-01,4.472852947617529944e-04,8.551599444277691031e-02
1.851102841888128611e-02,3.976082303869811208e-01,5.547690716030143632e-01,4.371067022762975931e-04,2.867456288884685789e-02
1.102187932957044217e-02,3.198975954000162769e-01,6.082037659114376549e-01,4.967642710880959978e-04,6.037999508788758490e-02
7.793914440887211165e-03,2.910469071413998576e-01,6.791102268488242721e-01,2.970271157024541287e-04,2.175192445318634496e-02
1.995085396335686059e-02,2.785850811252888470e-01,6.916089624361967392e-01,4.081065669049214291e-04,9.446995908252804261e-03
2.382722886905073653e-02,3.726083877700051006e-01,5.921416017675736887e-01,3.221485573780473823e-04,1.110063303599231541e-02
1.685187777770344453e-02,4.399262995372066887e-01,5.270928270059231924e-01,2.313164373582737485e-04,1.589767924180832820e-02
2.150752736592417835e-02,3.727297971309089242e-01,5.927348373106675616e-01,3.842345854013687724e-04,1.264360360709797758e-02
1.359779730461038380e-02,4.226795390390316598e-01,5.432418685339915898e-01,2.935597244303565626e-04,2.018723539793608121e-02
1.766506793662986699e-02,3.496052272795573956e-01,6.254932395214887197e-01,3.064258390896209541e-04,6.930039423234283374e-03
1.872504114232877159e-02,4.062366015394761054e-01,5.685085650700333337e-01,2.624575826462784037e-04,6.267334665515432966e-03
1.465228215926900161e-02,4.469054171890672889e-01,5.308044187700012850e-01,2.257951390222928526e-04,7.412086742640058845e-03
1.723298639877213559e-02,3.994189851406753089e-01,5.788637561592041569e-01,3.182373247051803011e-04,4.166034976643196754e-03
1.562664660953619333e-02,4.342351530806222160e-01,5.459750310919294636e-01,2.510051622918341597e-04,3.912164055620333952e-03
1.308195361281275920e-02,4.133665791579765325e-01,5.678991337220083979e-01,3.284628046517414101e-04,5.323870702550810574e-03
1.293907502297220874e-02,3.899367109431931544e-01,5.932358271107808223e-01,3.716823514101494298e-04,3.516704571643648487e-03
3.878641592478314637e-01,2.861907874964455534e-01,3.199493520616458753e-01,1.202102497151471281e-03,4.793598696925754563e-03
8.937070693663513588e-01,6.961312828394970731e-02,3.471312309511360300e-02,2.763658028589066227e-04,1.690313451726446325e-03
9.738476771947556232e-01,1.965327347480760878e-02,5.650606250427772995e-03,7.782599142534176047e-05,7.706170885836073799e-04
9.834573898939694692e-01,1.275532446027635367e-02,3.281390885714783982e-03,6.333914131907070124e-05,4.425556187200745443e-04
8.771161448931138471e-01,7.969875861205012735e-02,3.919798783798063985e-02,4.725005068030853307e-04,3.514608150052362691e-03
8.102114390345744876e-01,7.499290307621087059e-02,1.000281523196042688e-01,1.779134264157564886e-03,1.298837130545273458e-02
8.360772168869818888e-01,3.996490866758155985e-02,4.994054363079714065e-02,1.155972113410147929e-03,7.286135870122921465e-02
8.809644793855595513e-01,2.429320889902519126e-02,3.518544123345990204e-02,1.018378274534494435e-03,5.853849220742080028e-02
6.117248066366092196e-01,5.511635593202642708e-02,1.584423566354280777e-01,5.241147058232246969e-03,1.694753337377039315e-01
6.299645486660390148e-01,7.355582171641783518e-02,1.787139622505144188e-01,2.905008989655580298e-03,1.148606583773730955e-01
8.885542887108979215e-01,2.330938926868588237e-02,4.242221872859545939e-02,1.504463968784345435e-03,4.420963932303626637e-02
8.023077550330446339e-01,3.707669981428519945e-02,9.126079552017674068e-02,2.050548768905056073e-03,6.730420086358840370e-02
9.714105279308413721e-01,7.865105014834387898e-03,7.083359886186409854e-03,2.025748391907747749e-04,1.343843232894705898e-02
9.914041546342817757e-01,4.168034280486085028e-03,2.078724986647302164e-03,1.119059519855450347e-04,2.237180146599141752e-03
9.410609020110498601e-01,1.800518613939236859e-02,2.531999363900164224e-02,1.544344967001561519e-03,1.406957324355458117e-02
7.759074036248656547e-01,4.742452329139486278e-02,1.472136906690797442e-01,7.607833762947558906e-03,2.184654865171210478e-02
7.839702097501510814e-01,3.428054057616032602e-02,6.555985535879588211e-02,3.692301986042204314e-03,1.124970923288505648e-01
6.599571667357597704e-01,3.374855254602443511e-02,1.314407794738765844e-01,1.183434994241391001e-02,1.630191513019252914e-01
3.300395881869761516e-01,1.034624012483768007e-01,3.918868589674986969e-01,1.860763390688837185e-02,1.560035176902599130e-01
3.041890300278662362e-01,1.207007355953998162e-01,4.336714751253501476e-01,1.027383456379413196e-02,1.311649246875896402e-01
5.312399565902113929e-01,4.558546489193820994e-02,2.653037764902869133e-01,2.814720594358412209e-02,1.297235960839792090e-01
8.946915253173042260e-01,9.276869878288960744e-03,3.131864541891955095e-02,8.488806097111752449e-03,5.622415328837558623e-02
6.242877788321202770e-01,5.279112092050292776e-02,1.527032982317673149e-01,1.131147410324140692e-02,1.589063279123680839e-01
8.830746953702605095e-01,1.502415641598053679e-02,2.353381252252142661e-02,2.694689558526855953e-03,7.567264613271074136e-02
7.224516640494360598e-01,1.962751601587976041e-02,5.156055751392869813e-02,6.791395827840011369e-03,1.995688665929154226e-01
8.574664217815335387e-01,1.575847363927786876e-02,2.099773328684065299e-02,1.080629087736611647e-03,1.046967422046111706e-01
8.122281682503722511e-01,1.320626221863072623e-02,3.118244203362421918e-02,1.225019962396461503e-03,1.421581075349763745e-01
8.195086807397164996e-01,1.178803958187899827e-02,1.742460908751779919e-02,6.604934116203541820e-04,1.506181771792664825e-01
8.250911309843468322e-01,1.716100927943590981e-02,2.402406082460187622e-02,5.723383515470630879e-04,1.331514605600683243e-01
7.537899086513022429e-01,2.043005110710962788e-02,4.522524223448471520e-02,9.184819784021922354e-04,1.796363160287014482e-01
7.349160644478933690e-01,2.185596062204948203e-02,7.348725102356690186e-02,1.059731265172254985e-03,1.686809926413180560e-01
7.402903914522979134e-01,2.522842498036767522e-02,1.086908668483990426e-01,1.111968929348869850e-03,1.246783477895864328e-01
7.393790520405948419e-01,3.030048363833814234e-02,9.408996978959435764e-02,1.031852231445347465e-03,1.351986423000272053e-01
8.135774584411965549e-01,1.294859487537490875e-02,4.989864419409414248e-02,1.020295111337295342e-03,1.225550073779971549e-01
7.396019160469344822e-01,2.289122023902012693e-02,1.052392592139488048e-01,2.079318047498141843e-03,1.301882864525983896e-01
6.861953776429806640e-01,2.440597983108291208e-02,1.771083679391322052e-01,1.791793980867762304e-03,1.104984806059364499e-01
7.840901710137744285e-01,9.683060912481169027e-03,3.012463806087074814e-02,6.245518161650150113e-04,1.754775781967087278e-01
7.264704164956372612e-01,6.503814439599297191e-03,1.720497068853665823e-02,6.906315819288639645e-04,2.491301667942980025e-01
6.717839334593145306e-01,4.871122288466877420e-03,1.204458183308297452e-02,7.695855622719988565e-04,3.105307768568636440e-01
7.082220088977867478e-01,6.014001320155290022e-03,9.993327452268246924e-03,5.518822723744344887e-04,2.752187800574153465e-01
6.843739423178106795e-01,7.218125906366125097e-03,1.254646407872006542e-02,9.288309767270464196e-04,2.949326367203760069e-01
6.707712759716798478e-01,6.304895171790092165e-03,6.886332188877489387e-03,5.211538364364161173e-04,3.155163428312162122e-01
7.073029984252870994e-01,5.071682677224190888e-03,4.615413886596133816e-03,4.685774297833665797e-04,2.825413275811091696e-01
7.279472649412386254e-01,5.297234589636987297e-03,8.341325346859794487e-03,9.286090785363572669e-04,2.574855660437280203e-01
7.724363738470955143e-01,2.454457864600400989e-03,3.848039367567237211e-03,4.497559269023205554e-04,2.208113729938344927e-01
7.717269816435075036e-01,2.741216899255580902e-03,3.083576282500686671e-03,3.812848511483450729e-04,2.220669403235878414e-01
7.232035055973490278e-01,3.284847386887178138e-03,4.760105204358785688e-03,4.877107118509648159e-04,2.682638310995539288e-01
6.829418290498238120e-01,5.496193856637332162e-03,5.898936850609192914e-03,5.009770122022342296e-04,3.051620632307274206e-01
6.369347244214240700e-01,2.426653077959366363e-03,2.407249313604595611e-03,3.086740454752917107e-04,3.579226991415366821e-01
6.619000415496132383e-01,2.124621667423054472e-03,1.958980701224692384e-03,2.603302497075539739e-04,3.337560258320313999e-01
6.834610596482766365e-01,2.104414723525157519e-03,2.456545171860416606e-03,4.512397310143532515e-04,3.115267407253234921e-01
7.754112607124703516e-01,1.893825830817087025e-03,2.920195275135234469e-03,4.789334929624830799e-04,2.192957846886147699e-01
7.693202993113293919e-01,1.379103268035764603e-03,1.084501408363303544e-03,2.216039148777609099e-04,2.279944920973937528e-01
7.961842555864732107e-01,3.452182737974269621e-03,1.203433963844858156e-03,1.522625144853444233e-04,1.990078651972222723e-01
7.366812602586041425e-01,3.901871440425773874e-03,1.027944875707072214e-03,1.174155086582170818e-04,2.582715079166048588e-01
6.482241481449276810e-01,4.781528090844806671e-03,1.403258270756313963e-03,1.519106215733429812e-04,3.454391548718978022e-01
5.029264740184002935e-01,3.077399957995452691e-03,1.003915231182877501e-03,1.008145305142649787e-04,4.928913962619073663e-01
4.531363698712758126e-01,5.662181420393713402e-03,1.593878144092058559e-03,1.260969921267425433e-04,5.394814735721116250e-01
3.734362895298964369e-01,7.934348758932546070e-03,1.812516340283778712e-03,1.373511714190293279e-04,6.166794941994679924e-01
3.404379387412565516e-01,1.693679502484907520e-02,1.023917453073193776e-02,4.547595452399189704e-04,6.319313321579225207e-01
3.045848666043756703e-01,1.128156883730626822e-02,7.668756716574983909e-03,4.324641945770145738e-04,6.760323436471662450e-01
2.393534504475491320e-01,1.142332070082510524e-02,7.984548880683778674e-03,3.469732443050305105e-04,7.408917067266370671e-01
3.371340834322633095e-01,1.662175218486074829e-02,1.485355407289829649e-02,7.573771813957571892e-04,6.306332331285817716e-01
2.597722757011050043e-01,8.093073729545426781e-03,6.971782083667936447e-03,3.249856942892002075e-04,7.248378827913921629e-01
2.855029012120621768e-01,9.567344951306185064e-03,7.823665722332824243e-03,3.893754349642117481e-04,6.967167126793346599e-01
2.926094107622608242e-01,5.578482162722511739e-03,4.413747199609425326e-03,1.928625593801817938e-04,6.972054973160273228e-01
2.744638806337092451e-01,9.486172837644144332e-03,5.528030321084720193e-03,2.411101835297151347e-04,7.102808060240322074e-01
3.233300007265408338e-01,8.104393797614612913e-03,8.798233917274061316e-03,3.981059046117675984e-04,6.593692656539587027e-01
1.992802899131724259e-01,4.127120933506492340e-03,2.308213128743045670e-03,1.484882743320812268e-04,7.941358877502457947e-01
2.051842903386448258e-01,6.838730134255866303e-03,3.427575083458987096e-03,2.150729666598398375e-04,7.843343314769806174e-01
1.054800568900974289e-01,5.811420431052765831e-03,1.598475185514498537e-03,9.053842735320653964e-05,8.870195090659820369e-01
2.487142422084409332e-01,1.345195571597102013e-02,1.221039110639688535e-02,6.142302193250425086e-04,7.250091807498663110e-01
3.058607534572773679e-01,6.732886293420917330e-03,1.066244923169462448e-02,7.771620642014444779e-04,6.759667489534055829e-01
2.671503484863307909e-01,6.759189374655786078e-03,1.033291466127609845e-02,5.512820110391329848e-04,7.152062654666981878e-01
3.651916995834579849e-01,1.701570556081861280e-02,1.871814897524859411e-02,6.770783536403976845e-04,5.983973675268345893e-01
2.133162905157344746e-01,3.859843925366250594e-03,2.733514426439853737e-03,1.468017684058388556e-04,7.799435493640536343e-01
2.481436134867995857e-01,6.877847951034029607e-03,4.728229332672065702e-03,2.189895799208740716e-04,7.400313196495733603e-01
3.445814611323508303e-01,1.012741764480385061e-02,4.408804559330782753e-03,1.981323465889508236e-04,6.406841843169255313e-01
2.904960705123652009e-01,1.228333990671797923e-02,3.892570303626565007e-03,1.519398172750150485e-04,6.931760794600152487e-01
2.266063070071896446e-01,6.718099572557504826e-03,1.874790608505463993e-03,9.271029224863471451e-05,7.647080925194987833e-01
2.120216524167305161e-01,9.582364941802239827e-03,6.397212886448785246e-03,1.839768678807598545e-04,7.718147928871378349e-01
1.426762448635352787e-01,1.151265209696200435e-02,5.137116828116522135e-03,1.847355069395788555e-04,8.404892507044464667e-01
1.373609129877717550e-01,3.464283668575878113e-03,1.720644079507219074e-03,8.467554828224851244e-05,8.573694837158628568e-01
1.633397507771579549e-01,4.073034875286705644e-03,1.973170077662751015e-03,8.144452728033824899e-05,8.305325997426122875e-01
1.551561191052814037e-01,5.142272359123969093e-03,2.203965764229999600e-03,6.400481704327822755e-05,8.374336379543213527e-01
1.313659636311513279e-01,6.385604700631979103e-03,3.189151825302654654e-03,9.829338616161866177e-05,8.589609864567525621e-01
1.061734582195450749e-01,1.837610690106635664e-02,1.059210002919489836e-02,2.264618071699174518e-04,8.646318730430239130e-01
7.002785525696607338e-02,9.901163559940607053e-03,5.692649203535127267e-03,1.964391332216943852e-04,9.141818928463365523e-01
9.711555553878066516e-02,5.931063081378311515e-03,5.328364726018337827e-03,2.406049030063457260e-04,8.913844117508163967e-01
1.068394157863616634e-01,5.865812100777791256e-03,5.106567240162947045e-03,2.215568537494843346e-04,8.819666480189481961e-01
1.055406946254889011e-01,1.026001929319120785e-02,1.897450179269441137e-02,6.093845341490129221e-04,8.646153997544764325e-01
1.607249331419172422e-01,1.656581883263073818e-02,1.624380458618477838e-02,5.166281537371180755e-04,8.059488152855301957e-01
1.636730156201530728e-01,1.671102909221952593e-02,1.735008759537167572e-02,6.181071199802368014e-04,8.016477605722756028e-01
1.483773040275493948e-01,1.957357805252784438e-02,2.485705650627238056e-02,7.815743852898154008e-04,8.064104870283607118e-01
3.839019335888176343e-01,3.827576691774654816e-02,6.132919406672571183e-02,2.234922787234377376e-03,5.142581826394756472e-01
2.945642520298959455e-01,2.847532772902064066e-02,6.810579771041883057e-02,2.662866124382439522e-03,6.061917564062820896e-01
1.108829242689838707e-01,1.145758114838925541e-02,1.716382589447584123e-02,7.502670159980409908e-04,8.597454016721530756e-01
9.062120662519339287e-02,1.635429821280677543e-02,4.826236686968278511e-02,1.504226794834113024e-03,8.432579014974829201e-01
5.220078745212491239e-02,1.089561838179749047e-02,1.060608788274297262e-02,3.364171542978352928e-04,9.259610891290368517e-01
5.795967759799233038e-02,7.620366892656170281e-03,4.720100101289519817e-03,1.604069372871255803e-04,9.295394484707748539e-01
5.440771934414523336e-02,6.921711449806339407e-03,5.060548758391088427e-03,1.780006360649768289e-04,9.334320198115924061e-01
4.762718863881905407e-02,1.233148681462184655e-02,1.000636786666975545e-02,2.870261685141217234e-04,9.297479305113751646e-01
3.297786760943229034e-02,5.884869320926920493e-03,4.657682863481059886e-03,1.363850125656418215e-04,9.563431951935941200e-01
2.445254134702488577e-02,2.989959618913355394e-03,2.599646375722782041e-03,9.342885308659526207e-05,9.698644238052523958e-01
1.150404091445299676e-01,1.460593610280301949e-02,1.195992960460554033e-02,2.332118407451555563e-04,8.581605133073163527e-01
1.561534600191206157e-01,3.219217184046638258e-02,3.851167957365219524e-02,5.048065912117277992e-04,7.726378819755488347e-01
1.356377176563115239e-01,1.741896412346086512e-02,1.075638152837920386e-02,2.184524441250612463e-04,8.359684842477232980e-01
1.361348784192529804e-01,1.553931748682673385e-02,7.120198553463340588e-03,2.075083251450718835e-04,8.409980972153119350e-01
3.636998024130993490e-01,1.476334370001704428e-02,9.714593318492774354e-03,4.040762443965725988e-04,6.114181843239941960e-01
3.322565852107085549e-01,3.660966762883209602e-02,5.086331930728073270e-02,1.408791535369470277e-03,5.788616363178091806e-01
6.521978278936493290e-01,4.395918509385766254e-02,3.880005732435289068e-02,1.197110728623849334e-03,2.638458189595161985e-01
6.286951975736357889e-01,7.325958633796776642e-02,1.184672961210917752e-01,2.775703745897587643e-03,1.768022162214070436e-01
4.967685104740869884e-01,4.828881676336801987e-02,2.149533440195545153e-01,8.937297029086089736e-03,2.310520317139045654e-01
2.687144015430216193e-01,2.910301870509510169e-02,1.353939372432686472e-01,4.611934983336154516e-03,5.621767075252785961e-01
2.454120790682590980e-01,4.208322032393475159e-02,5.070062639445203079e-01,9.694935253793612873e-03,1.958035014094922643e-01
2.306061221957810270e-01,2.823652022802260533e-02,2.720144073787268413e-01,5.413202941533083040e-03,4.637297472559364087e-01
1.246551811167347368e-01,1.938213992206797714e-02,2.503172072385387303e-01,4.427631648040117676e-03,6.012178400746184259e-01
1.240708264872762145e-01,9.324736278038646062e-03,1.485769138057245475e-01,4.295807532387448807e-03,7.137317158965730268e-01
1.717497831260153263e-01,1.428993560078476756e-02,4.012469647206377554e-01,2.271448610741400032e-02,3.899988304451481591e-01
1.902421621825662323e-01,1.772315100991983527e-02,3.607552436421513908e-01,1.298804315126963170e-02,4.182914000140929289e-01
1.189608075861597059e-01,1.434018709259648160e-02,2.353556117273404025e-01,7.723559609274243537e-03,6.236198339846293903e-01
9.016467520502691180e-02,1.967158634546881460e-02,4.076408217390833921e-01,8.707435539507014932e-03,4.738154811709137659e-01
1.224393189148596101e-01,1.663995115503036706e-02,4.931990831984054413e-01,1.729646164602659242e-02,3.504251850856778816e-01
2.207052068073264428e-01,1.890526971929798461e-02,3.141529184168775357e-01,1.172727465185730011e-02,4.345093304046406257e-01
1.666453026783581981e-01,1.780246710737731081e-02,3.881644130670703907e-01,1.025855804818009975e-02,4.171292590990139382e-01
1.946129130301580412e-01,1.914350553223180193e-02,3.152033087903207687e-01,8.186690087620599951e-03,4.628535825596687969e-01
1.800603605512579308e-01,2.447680361490162798e-02,3.704894019023386442e-01,9.777298107036912558e-03,4.151961358244649070e-01
1.657899956393782681e-01,1.388548857193857601e-02,3.482818121889414975e-01,1.478852985075434535e-02,4.572541737489872471e-01
3.327710475037806148e-01,1.421986112170063425e-02,1.763913743694398573e-01,1.086368027790291999e-02,4.657540367271759685e-01
2.012333798462872525e-01,1.897817576239703430e-02,1.431044403350931471e-01,5.198069568384234250e-03,6.314859344878384073e-01
1.262015739314339691e-01,1.598024119204913274e-02,9.140225770001791927e-02,2.448600508464059480e-03,7.639673266680350183e-01
1.624042983921980265e-01,1.437707646378142898e-02,1.218186854978555861e-01,4.844709478123199881e-03,6.965552301680417724e-01
1.080170956767162876e-01,2.493695815796496268e-02,2.750067041681385493e-01,6.377959887838176127e-03,5.856612821093419852e-01
5.286243808497968072e-02,1.794396247347160647e-02,1.294654526568386199e-01,2.678440131114650201e-03,7.970497066535954245e-01
7.890109595520809760e-02,1.054397701179203908e-02,1.179590268382390561e-01,2.389109882198140432e-03,7.902067903125626902e-01
8.087729843023064302e-02,1.657895371874042525e-02,3.250296072884046872e-01,6.197664867025102185e-03,5.713164756955991797e-01
1.072969602557453384e-01,1.344474634793984755e-02,3.074403812294521088e-01,9.631627007811668223e-03,5.621862851590511134e-01
1.541067647110979377e-01,1.665004731858523226e-02,3.214231111525985840e-01,1.851612212601663754e-02,4.893039546917016258e-01
2.734196669118137413e-01,2.526333348870616127e-02,3.195630250610161927e-01,2.295632879239560206e-02,3.587976457460683721e-01
1.733178282965412986e-01,3.111572860400380405e-02,3.474968826736946070e-01,1.272858904107101660e-02,4.353409713846893569e-01
8.548445788200409456e-02,1.646805904945067983e-02,3.868021798682869106e-01,1.446730094492559328e-02,4.967780022553326957e-01
5.973061339941145714e-02,1.039876626777966676e-02,1.701118384491022428e-01,5.583940034355939011e-03,7.541748418493506856e-01
5.553093205983815339e-02,1.377094080070775418e-02,1.233234002059704765e-01,3.508968189802440154e-03,8.038657587436811580e-01
4.760297791213225632e-02,8.918980578280801680e-03,5.374315101123045002e-02,1.616973552978377563e-03,8.881179169453782274e-01
4.978131180926183286e-02,1.535017707436891511e-02,1.028322252396069170e-01,2.791085958299974537e-03,8.292451999184623501e-01
3.294768988228639062e-01,2.490754256075463149e-02,8.909832801426020854e-02,3.323074786357071986e-03,5.531941558157642547e-01
2.655255727594591497e-01,3.009535894535555339e-02,1.954595287481361021e-01,7.049724988532940669e-03,5.018698145585163140e-01
1.401612511296553565e-01,2.945014749089576445e-02,1.645270537752688556e-01,3.638741861248275845e-03,6.622228057429315751e-01
4.208498268422344174e-02,1.475384298394982925e-02,9.830225869073755396e-02,2.266593944955436288e-03,8.425923216961337392e-01
1.148037205102090119e-01,1.846531292495091903e-02,1.179785452609503349e-01,3.363870212602449242e-03,7.453885510912872103e-01
1.021055171829362562e-01,1.619144725841756283e-02,2.519685097082802749e-01,1.103970596276456113e-02,6.186948198876014438e-01
2.196852653654731147e-01,1.980502278518963752e-02,1.533460025872294130e-01,8.866637091808054344e-03,5.982970721702997041e-01
1.252944609536509601e-01,3.958878469216419588e-02,3.871791874627931729e-01,1.163301768090507608e-02,4.363045492104866696e-01
1.627202585660038336e-01,5.492314851098811096e-02,3.168174795880489558e-01,1.000418984795886646e-02,4.555349234870000874e-01
1.462056262268705831e-01,1.393756874727392764e-02,1.208358792704963963e-01,6.047830175349513254e-03,7.129730955800096526e-01
1.647283183399853301e-01,1.226780568166300524e-02,1.374577663604664435e-01,1.016000421750418679e-02,6.753861054003811315e-01
9.511896869606141502e-02,3.143576621658491534e-03,2.885050826966409701e-02,2.888523120500086951e-03,8.699984232921158522e-01
5.296821930367809350e-02,2.172798825611414394e-03,1.076935933679962383e-02,1.313696293899513931e-03,9.327759262400112661e-01
1.141983753516643413e-01,7.406844941349762998e-03,4.077493880778142871e-02,3.672377045268310040e-03,8.339474638539362550e-01
1.189572834123091560e-01,1.002030644609146204e-02,5.947925118085400920e-02,3.454128921180212291e-03,8.080890300395650039e-01
2.570782303452536222e-01,2.910925660283371352e-02,1.688258061450803038e-01,8.392410465052672908e-03,5.365942964417795835e-01
1.665051800986207253e-01,3.296220917857815152e-02,3.479207029453338373e-01,2.022790702352067482e-02,4.323840007539466179e-01
6.637777765978826461e-02,1.292247081612666118e-02,2.862845754581003210e-01,1.399365049789118298e-02,6.204215255680937124e-01
7.247234235114127787e-02,1.058493746972928237e-02,3.813562588707694601e-01,1.564419950180507418e-02,5.199422618065550061e-01
1.267256283711236386e-01,8.931150309632977791e-03,1.379197768809621305e-01,7.833161228614327065e-03,7.185902832096667803e-01
6.055660312648367127e-02,1.455306798479960237e-02,3.863717346036106282e-01,1.910307848684145507e-02,5.194155157982647264e-01
6.284441969713495946e-02,1.741777944892028765e-02,3.669382967274065210e-01,1.674093293610833325e-02,5.360585711904298778e-01
2.919458293613207966e-01,2.642241623921879126e-02,2.135787488476323104e-01,1.118701575832508135e-02,4.568659897935031244e-01
9.823890534114371187e-02,2.612313122949399061e-02,4.509121842742836450e-01,1.983736408016437483e-02,4.048884150749142985e-01
5.084744615363233355e-02,2.499282473373013250e-02,5.101145737778570721e-01,2.225706994055524565e-02,3.917880853942251607e-01
4.049309991800543324e-02,2.088851182949572061e-02,4.759503733525667912e-01,2.287237329124958141e-02,4.397956416086823972e-01
8.633531882274642077e-02,2.148572855298645431e-02,2.074536235731771483e-01,6.985854640299645445e-03,6.777394744107902991e-01
2.778739815511861722e-02,2.533011843190266163e-02,4.735288479401509321e-01,1.312631551021892565e-02,4.602273199626090161e-01
4.213822646713793335e-02,2.235624683328703635e-02,5.027484136657962566e-01,2.109692930504923278e-02,4.116601837287295340e-01
9.866238756500304852e-02,2.628998513016343047e-02,4.272716585585927818e-01,2.015539447576111115e-02,4.276205742704795587e-01
4.468292552378993338e-02,1.878260097487157929e-02,1.453012263115726066e-01,4.994424156074421528e-03,7.862388230336915251e-01
1.953156956889277873e-01,2.702700194597806860e-02,1.520240018779572544e-01,4.393749980748404109e-03,6.212395505063882384e-01
1.319232537525401039e-01,3.927649281192446135e-02,4.815192705681454188e-01,8.243469032239382835e-03,3.390375138351507389e-01
1.093290860648545998e-01,5.270913874571278579e-02,2.724076601063538661e-01,3.600739581565093328e-03,5.619533755015136967e-01
2.084697475200848749e-01,5.199930456344423191e-02,1.848691390936818557e-01,3.167340891794925058e-03,5.514944679309942144e-01
1.181886561547567382e-01,4.111358262320137513e-02,2.606380874638596912e-01,5.924121654715398290e-03,5.741355521034668952e-01
1.253287698741327172e-01,3.948686271278823573e-02,4.951713058458221961e-01,1.452236854456030214e-02,3.254906930226965089e-01
1.605288512209002150e-01,2.086723702058854504e-02,1.095927222931113720e-01,3.324762138110339341e-03,7.056864273272895893e-01
1.300743037639564004e-01,2.751700022076330326e-02,6.457110214325210984e-02,1.599979651726894311e-03,7.762376142203012419e-01
4.239035523140299855e-02,2.481404223173975382e-02,3.809039805135530643e-02,6.457512732492813471e-04,8.940594532122525528e-01
8.219582654831945889e-02,2.316814428253168717e-02,1.221267834461175067e-01,2.149851243907662229e-03,7.703593944791237158e-01
4.897396010816746498e-02,1.385369672594499203e-02,4.125009623760874516e-02,8.672946065738790233e-04,8.950549523217050663e-01
4.163228458277235672e-02,1.808379660567769817e-02,2.485496118097752297e-02,4.767724305030427009e-04,9.149521852000692679e-01
3.281320071166759361e-02,3.505965501661508551e-03,4.811390489296418077e-03,1.644210273166256495e-04,9.587050222700579383e-01
3.831800438338364700e-02,7.221360264329014858e-03,9.326830759840934459e-03,3.611683746974508370e-04,9.447726362177489845e-01
4.030545283079972618e-02,6.604756429169861796e-03,6.502629011247118042e-03,2.568364048344268648e-04,9.463303253239490065e-01
1.268903208846892394e-01,1.758639165130808021e-02,5.858998793240929870e-02,1.734098820767655987e-03,7.951992007108256155e-01
5.141794899235695437e-01,2.550274089890278845e-02,1.866678887643564433e-01,1.986339871187107337e-02,2.537864817013000818e-01
3.893082199012946609e-01,3.411543109996727913e-02,2.385994954857978412e-01,1.578694108672379359e-02,3.221899124262162517e-01
1.569297619631357665e-01,2.721940030413873973e-02,1.435701313362999221e-01,5.841172916694913932e-03,6.664395334797305059e-01
1.183343143652039881e-01,1.002099526498700585e-02,2.926451154240398977e-02,1.679126437382225025e-03,8.407010523900227961e-01
9.997384840318648824e-02,2.095682397622788962e-02,3.593039107718445924e-02,1.995055502026403006e-03,8.411438810413747191e-01
3.273803789260038705e-02,1.001078950697494724e-02,1.519266476143144376e-02,8.277587709151167355e-04,9.412307490680780209e-01
2.601326411831730856e-02,3.733229571861807709e-03,5.765023690825904490e-03,2.855085761678036985e-04,9.642029740428271767e-01
4.455042328637786458e-02,5.795181932362661846e-03,3.856970782997341373e-03,1.558234053072057683e-04,9.456416005929549895e-01
2.606526263207478711e-02,6.249923158276790222e-03,4.498551798868044571e-03,1.131819035067894172e-04,9.630730805072735823e-01
7.696137923873784537e-02,9.797342522427995512e-03,1.442361158606039057e-02,1.007041824141653545e-03,8.978106248286322755e-01
5.137935734983498093e-02,7.481799362661650625e-03,8.772664676539386475e-03,6.917562261496588635e-04,9.316744223848144602e-01
4.380114431927781271e-02,8.127940060983164863e-03,5.787688846640175536e-03,2.634198575310698958e-04,9.420198069155677478e-01
1.628199617091918502e-02,3.067083966249313596e-03,1.639585456879769304e-03,8.556769092400566025e-05,9.789257667150278452e-01
1.890447441456534136e-02,4.944574457481432268e-03,2.312000415468334902e-03,8.550375869969949899e-05,9.737534469537850734e-01
1.765575469699409011e-02,1.011481649784793518e-02,7.246188393371239857e-03,1.531864355577266384e-04,9.648300539762290073e-01
4.498513485738475474e-03,1.836172724412983874e-03,8.507517375921293690e-04,1.991904971423587149e-05,9.927946430025420543e-01
1.109704462077808033e-02,5.233539329486389287e-03,1.559919600415792060e-03,2.800176428781266615e-05,9.820814946850320304e-01
1.629617702216494199e-02,5.620245328961357562e-03,2.892449266583894778e-03,9.349804565885705778e-05,9.750976303366308828e-01
2.775713118919797412e-02,6.614415374253101824e-03,5.480469311387732405e-03,1.761320065177696278e-04,9.599718521186435538e-01
5.420759938613130269e-02,1.658694773685756921e-02,2.292650510868198335e-02,6.501211300654144171e-04,9.056288266382638286e-01
5.213032360244835434e-02,1.925585018148275387e-02,1.689369458455140457e-02,3.400015849179016431e-04,9.113801300465996791e-01
5.441147401532471506e-02,1.362358785125429919e-02,1.043200945197311422e-02,2.553860349555995830e-04,9.212775426464923090e-01
9.021340506954793337e-03,2.803445137531560688e-03,2.148637628767318709e-03,5.241362334004462793e-05,9.859741631034062426e-01
1.210006384254382929e-02,1.933767793753189993e-03,2.326718418770579600e-03,7.009741795354857764e-05,9.835693525269789683e-01
3.062696131729044854e-02,6.118972772613227168e-03,6.902805401627986649e-03,1.823880880922023316e-04,9.561688724203761813e-01
8.226871333592741808e-02,2.746195841995114489e-02,6.738528371403053330e-02,1.224396838012212349e-03,8.216596476920786651e-01
5.539916579114989581e-01,4.066630724902878247e-02,4.057990690985694565e-02,1.234045543792094708e-03,3.635280823858232369e-01
3.051311727159294329e-01,2.515419155091278350e-02,2.589189972449453328e-02,1.234550109437967643e-03,6.425881858992252837e-01
2.236970820781537250e-01,3.174272257244313555e-02,2.595653685987002468e-02,8.600056801868467913e-04,7.177436528093461554e-01
4.302884267767586035e-01,2.404405786438527579e-02,2.562409560028723610e-02,1.234265673804255678e-03,5.188091540847645788e-01
5.151531323634984672e-01,4.952039437204575761e-02,8.069200135761113446e-02,3.494304512878566166e-03,3.511401673939660850e-01
4.538222633610323742e-01,6.338811181458461896e-02,1.265847233910290526e-01,3.945057780720685227e-03,3.522598436526332977e-01
3.170407514394616988e-01,6.802748928700987074e-02,8.187392257883691071e-02,2.141732917522773828e-03,5.309161037771688019e-01
2.238185430073177662e-01,5.898292935628823841e-02,1.439449923574281642e-01,4.347638952503960277e-03,5.689058963264618241e-01
1.465349224337026968e-01,4.180681532625084296e-02,2.352969714843105575e-01,8.594445752350243772e-03,5.677668450033857006e-01
1.826716749288181951e-01,5.099438752820584231e-02,1.162720165709149878e-01,3.466554134324531262e-03,6.465953668377364405e-01
8.390364533559531157e-01,1.563942386688354017e-02,8.153148185915767843e-03,4.419247091747471987e-04,1.367290498820727118e-01
5.445272835170062997e-01,1.888431189638113336e-02,4.698079176005176549e-03,2.297811680554866828e-04,4.316605442425519579e-01
2.624041834119247851e-01,2.200773146236081196e-02,5.141772514320431912e-03,1.822541648007330037e-04,7.102640584465931273e-01
1.887351826413975198e-01,1.691174504433685249e-02,5.716062194973121902e-03,1.128313610022550442e-04,7.885241787582902839e-01
2.589736071203263545e-01,1.337986261149283485e-02,3.601976174531991946e-03,1.018968111655307022e-04,7.239426572824833039e-01
2.294948382929896114e-01,1.141557735033295676e-02,4.913334801144173675e-03,1.197208424287576651e-04,7.540565287131045791e-01
2.619913255702465693e-01,2.573171960121573010e-02,7.717149322445271409e-03,1.618170437459481609e-04,7.043979884623464693e-01
3.638886225494565307e-01,2.898228373097754690e-02,2.541313710589643976e-02,6.485150014285973735e-04,5.810674416122407759e-01
3.533190959121254027e-01,3.016608879847881147e-02,5.291917990704388119e-02,1.369744017760813216e-03,5.622258913645911127e-01
3.280697007647953578e-01,4.827228317304108757e-02,1.013611908175838239e-01,2.392960885059719489e-03,5.199038643595199627e-01
3.969281278448197892e-01,3.523733450203914153e-02,7.478351648464508228e-02,2.581729976894055287e-03,4.904692911916019860e-01
3.515186833923738541e-01,2.549694415230921093e-02,6.363337276454715530e-02,2.723248927497436220e-03,5.566277507632724220e-01
3.076863908791962476e-01,3.125160166866065153e-02,6.166901523906560822e-02,3.284977564873505299e-03,5.961080146482040654e-01
4.481970023038497897e-01,4.409201540069462855e-02,7.853844800255363467e-02,6.230549885836701891e-03,4.229419844070652634e-01
3.697257740984493668e-01,5.033876578638470795e-02,9.516360941788730432e-02,9.416680133790465007e-03,4.753551705634881941e-01
5.085396226822578303e-01,4.482146396296658730e-02,1.420836490462212276e-01,1.281563175201383756e-02,2.917396325565405069e-01
4.817205120230364512e-01,2.504329966542674993e-02,1.150808755740374278e-01,1.356977511341985083e-02,3.645855376240793033e-01
3.181287835184656854e-01,1.377939042343422592e-02,8.696819093395721789e-02,8.273182908845402167e-03,5.728504522152974010e-01
3.078239593952327158e-01,1.030541999520439601e-02,3.812115455841520034e-02,3.239398226592540841e-03,6.405100678245552182e-01
2.528346683596839894e-01,1.218896102799077626e-02,2.363732123306357125e-02,1.338953752753510064e-03,7.100000956265082319e-01
5.401937156491047887e-01,1.339192140995710580e-02,2.193050351893363961e-02,2.029550476755863711e-03,4.224543089452486022e-01
5.302639836660006933e-01,4.242115290132904976e-02,1.149602473720267859e-01,6.391060376608258958e-03,3.059635556840351045e-01
5.621789844205458131e-01,3.662399073883676470e-02,1.189096469188805349e-01,4.291955956706261163e-03,2.779954219650305203e-01
3.838649762418037126e-01,2.300910606445225742e-02,1.030180507466451068e-01,4.915953185939150177e-03,4.851919137611596655e-01
3.510847487258313415e-01,3.249050402776579999e-02,1.923545069816414710e-01,9.874226197068501978e-03,4.141960140676929636e-01
6.208226858387160263e-01,5.563928821005786028e-03,1.933946171421700375e-02,1.813102607676951323e-03,3.524608210183842183e-01
9.350375234378308642e-01,8.220263015538976578e-03,5.972903431083920189e-03,4.313474761994602917e-04,5.033796263934684628e-02
9.433327526569014188e-01,7.340659008284678745e-03,1.896332987982168004e-03,1.266057088181042395e-04,4.730364963801361039e-02
9.925792040215430934e-01,2.584039591433217285e-03,6.226681116438253106e-04,4.398980133954685134e-05,4.170098474040095059e-03
9.949694601295006047e-01,2.736216220683799008e-03,5.681257902085934917e-04,5.574720974285887070e-05,1.670450649864044278e-03
9.912615580510947266e-01,1.366192459922427630e-03,2.277799160300987547e-04,3.928095438979630849e-05,7.105188618563161758e-03
9.787891092154560324e-01,3.839523851332992885e-03,8.516452672313885430e-04,9.612180520395427713e-05,1.642359986077565268e-02
8.606866223617243294e-01,1.027357829408673089e-02,4.863008507875327124e-03,5.912569218782721438e-04,1.235855339144351778e-01
7.800791327888881854e-01,6.132351575963724925e-03,7.646094414973613612e-03,1.516519748103531840e-03,2.046259014720708258e-01
7.202929719225993344e-01,6.699244254107163295e-03,9.207776060902355189e-03,1.431625347562713590e-03,2.623683824148284049e-01
8.032672311336384041e-01,7.418659047415445892e-03,2.515065349290373370e-02,5.612599952142614118e-03,1.585508563738997345e-01
9.570305007760495641e-01,7.809298744000371835e-03,4.939620977552489946e-03,7.126825424203746392e-04,2.950789695997732554e-02
7.863969098343264186e-01,1.114866348504586421e-02,7.256952422031948124e-03,1.010045923513969504e-03,1.941874283350817632e-01
7.582746498142163283e-01,9.019257182735501352e-03,3.998117087716524833e-03,4.367013021927881595e-04,2.282712746131387860e-01
8.786956729552350964e-01,5.040410160164377797e-03,1.357171255520015635e-03,1.267981577761918659e-04,1.147799474713043499e-01
7.755861633019696111e-01,8.327065432907055503e-03,9.860016544648311787e-03,1.173700791370157516e-03,2.050530539291048338e-01
7.432455822298843495e-01,1.358093101767912647e-02,3.261715539582328571e-02,5.266128018488786151e-03,2.052902033381245606e-01
6.752843500121559206e-01,1.266028083312304223e-02,4.207442699781888812e-02,4.518061465061751561e-03,2.654628806918403749e-01
6.077303188081608631e-01,5.423312090438628386e-03,1.158045219461283082e-02,1.590533007783432413e-03,3.736753838990041210e-01
6.523527159138872156e-01,4.178050313821318751e-03,4.450019196411391861e-03,6.941419593217383740e-04,3.383250726165583089e-01
5.930071424735191554e-01,8.759778984460508955e-03,2.553110102471650364e-02,3.319847459245804915e-03,3.693821300580580336e-01
8.894656465019404878e-01,1.031911552180326576e-02,6.851934299563529861e-03,6.923515709080934905e-04,9.267095210578450704e-02
6.709925867172500391e-01,8.641051902207042001e-03,8.677167705791404007e-03,1.106571193892820406e-03,3.105826224808588831e-01
5.840207171682608722e-01,3.773891700524774177e-03,4.895246157061041922e-03,1.128580397013866131e-03,4.061815645771396088e-01
6.521531021612644308e-01,4.165283908043009367e-03,9.427305273995812557e-03,1.506462639103031860e-03,3.327478460175936625e-01
6.613622753996681869e-01,7.495739498559226416e-03,3.596592831710001409e-02,1.105376722875334866e-02,2.841222895559189499e-01
7.508233340519113730e-01,8.161908691392303489e-03,3.934177543715684788e-02,5.838952080830813081e-03,1.958340297387087814e-01
8.321808079511998635e-01,3.200784702370866684e-03,4.009848396076886451e-03,4.395904302421285562e-04,1.601689685201101443e-01
8.009070315716730892e-01,2.571655502251444375e-03,3.185891069825157532e-03,6.124499419708296158e-04,1.927229719142795894e-01
7.810356744180521060e-01,2.794043275826068543e-03,1.880644502309689828e-03,3.116659271665605732e-04,2.139779718766456895e-01
7.207403424330935948e-01,3.979502079133860268e-03,4.141653876612091424e-03,7.619202057417457123e-04,2.703765814054185923e-01
5.456467926020726056e-01,9.151267406625484407e-03,4.815024880565324863e-03,6.749478591358703703e-04,4.397119672516008326e-01
5.756944507316388293e-01,9.222043328556460765e-03,5.925704345002965820e-03,6.478715024617974884e-04,4.085099300923398791e-01
4.986766224765215583e-01,7.423853314941566972e-03,1.997965437927106541e-02,2.746458843500654973e-03,4.711734109857651509e-01
6.546478017327396204e-01,7.107467519484879717e-03,3.600387227321684425e-02,8.740344114966217687e-03,2.935005143595924570e-01
5.900621241861566668e-01,9.595103713230393808e-03,4.078772161994707879e-02,6.511561133205003363e-03,3.530434893474608815e-01
5.959173161630906268e-01,7.424191576193550461e-03,7.291932297185374501e-02,1.734686715384258643e-02,3.063923021350195008e-01
5.317596504561742377e-01,1.377551499651609272e-02,4.490274646531910996e-02,5.979041308765252125e-03,4.035830467732252624e-01
4.392152862562046511e-01,1.440991792371667558e-02,3.947101699625996107e-02,3.441862879330151621e-03,5.034619159444886360e-01
3.970323500931579042e-01,1.043440044137435539e-02,2.876289095304646395e-02,3.046306143633267099e-03,5.607240523687879730e-01
3.860985505562012920e-01,5.338487146908967897e-03,1.165779841436292291e-02,1.389267522245945727e-03,5.955158963602809052e-01
3.686947526398982045e-01,3.065322697735936835e-03,2.448036084190110834e-03,1.919419681080936069e-04,6.255999466100676809e-01
3.418290130446237085e-01,5.459128207851110179e-03,4.534801677142364512e-03,2.231887762993101044e-04,6.479538682940834127e-01
2.990427362277302548e-01,2.476815773230402196e-02,4.976316512393932218e-02,8.534516000320357476e-04,6.255724893159944067e-01
4.970442258392356871e-01,5.012513094646245393e-03,6.006615158511321127e-03,2.600391182760603817e-04,4.916766067893305614e-01
6.326114872065857764e-01,4.027120340534635565e-03,1.205930316605399472e-03,7.252225203290097269e-05,3.620829398842412838e-01
8.144258028089244039e-01,3.866584892798430838e-03,8.043572768568873609e-04,5.122266559128945936e-05,1.808520323558290288e-01
8.969822117428222219e-01,1.611734917350412730e-03,2.607997730546408443e-04,2.082770888752607122e-05,1.011244258578852251e-01
8.056827756891936643e-01,3.006125983620532797e-03,5.104041504624955454e-04,5.278336198941814908e-05,1.907479108147339120e-01
6.225825322403152340e-01,4.210160025969383012e-03,2.617511309889872326e-03,2.535869454587939722e-04,3.703362094783668179e-01
8.472345453817416994e-01,1.879977635246444980e-03,9.546866780983237488e-04,1.506129278986468353e-04,1.497801773770147948e-01
7.013666323875449304e-01,7.974507874455725315e-03,3.794839817328854708e-03,3.676489139379184967e-04,2.864963710067326974e-01
8.165432519067978845e-01,4.956872901418907587e-03,6.070051061629160027e-03,8.434708876447111247e-04,1.715863532425092874e-01
9.123920587369938051e-01,6.330699537178879031e-03,2.378165995681104199e-03,2.050217641163309197e-04,7.869405396602982550e-02
6.748421877159503923e-01,1.034310790963558976e-02,2.777512179051868160e-03,2.623210039447438214e-04,3.117748711914173354e-01
5.350760218057299955e-01,8.516778983038965356e-03,2.665601196487127865e-03,3.322579047061888441e-04,4.534093401100376952e-01
3.515132358166038196e-01,7.834330881899005672e-03,2.526411956959142679e-03,2.268206209065423001e-04,6.378992007236315986e-01
3.159702412013485895e-01,9.839294508718876217e-03,3.769650470831279604e-03,2.200533346558004692e-04,6.702007604844454347e-01
6.954811317962993344e-01,5.822902589997168768e-03,2.160050319050358346e-03,2.137781030511714359e-04,2.963221371916019420e-01
8.649594995053331292e-01,8.953817602731228842e-03,4.100483746263363857e-03,2.897166437667750521e-04,1.216964825019055951e-01
5.617012673574290904e-01,9.728209265748209711e-03,3.398241083413690213e-03,2.511739088857836808e-04,4.249211083845231274e-01
5.990811156827843265e-01,1.024650330353431629e-02,3.722331958617583914e-03,2.341477430275740992e-04,3.867159013120362587e-01
4.143553185000861117e-01,5.466329891409569229e-03,3.297334479610084575e-03,2.777957718528204878e-04,5.766032213570412290e-01
4.872077218665873399e-01,6.720328727950856951e-03,9.533996713351741703e-03,1.262551676696624945e-03,4.952754010154134523e-01
3.304967434643908963e-01,7.130897415152322866e-03,1.126867484161795697e-02,1.228357510748007055e-03,6.498753267680907886e-01
3.656917011161472941e-01,7.545945424631187934e-03,1.810867133984338934e-02,2.364669030908146067e-03,6.062890130884699413e-01
3.930498528970461924e-01,9.535447210971364357e-03,1.882269236461089901e-02,2.731433225855212695e-03,5.758605743015164924e-01
3.818221245895190852e-01,1.096198841693829182e-02,4.982416351598745186e-02,8.051619608698198927e-03,5.493401038688570104e-01
4.813109556860489247e-01,4.789139931826248524e-03,1.441269529489760601e-02,2.931799417882258001e-03,4.965554096693448050e-01
5.809348098056057452e-01,3.259503409285979640e-03,8.187530486843829294e-03,1.980873683499471179e-03,4.056372826147648936e-01
4.551107825600668177e-01,2.661326478390552749e-03,7.561545717592066743e-03,2.049215851866883521e-03,5.326171293920837213e-01
3.805463088006215133e-01,3.457025829650100211e-03,7.252510644596810163e-03,1.580108681833544259e-03,6.071640460432979891e-01
4.709391557317604837e-01,7.999385044595739777e-03,3.442892067875816947e-02,1.012298541243280940e-02,4.765095531324527456e-01
4.742889881334645952e-01,1.300275141408677691e-02,4.078840681123872824e-02,7.511803858231034040e-03,4.644080497829788934e-01
4.708469068677702540e-01,6.893392015245245093e-03,1.885649448969314509e-02,4.295357034588101128e-03,4.991078495927032121e-01
4.060897009475062380e-01,1.254744946527752529e-02,1.774492735939835544e-02,1.432073189916742992e-03,5.621858490379012530e-01
4.143760129793713221e-01,1.510901631889557430e-02,3.692200947225944552e-02,3.113380054074991674e-03,5.304795811753986179e-01
3.718109342464051559e-01,1.828032745588012778e-02,3.091197812657720673e-02,2.300399423762409992e-03,5.766963607473750697e-01
4.669522962539795485e-01,1.121797732568569766e-02,1.631387314822636825e-02,1.919474819769563653e-03,5.035963784523389553e-01
5.630917837770932355e-01,6.526076862553308738e-03,1.791311452607017435e-02,3.083689634434030186e-03,4.093853351998493761e-01
5.874257015367617685e-01,9.313573591648100641e-03,6.135050198318185016e-02,1.398230560425330407e-02,3.279279172841549905e-01
6.326812303453804853e-01,5.663226602330916418e-03,8.893732636976858091e-03,1.830027853295434657e-03,3.509317825620163478e-01
5.903529344891813579e-01,5.141706279359895687e-03,4.172158994982300140e-03,7.493474005540687885e-04,3.995838528359224040e-01
5.740781349265976496e-01,6.394314717459552606e-03,5.301657734267379088e-03,7.308551720193511101e-04,4.134950374496561554e-01
5.173474813710112752e-01,5.904473331813228296e-03,4.122299357421312441e-03,3.765120209431841608e-04,4.722492339188110178e-01
5.934804956995635150e-01,8.572214715106735855e-03,5.368484934958487123e-03,3.711909057958982230e-04,3.922076137445753008e-01
6.808125983888886346e-01,1.944133528909212233e-02,1.354595431303510893e-02,6.974656727690262299e-04,2.855026463362150269e-01
6.414516639970656575e-01,1.024268231802460960e-02,4.201886711725826007e-03,2.033847803628161715e-04,3.439003821928209859e-01
5.422557678253636659e-01,3.534461531824330260e-02,3.888934600552453741e-02,1.323464721049964201e-03,3.821868061298185903e-01
5.627153740210657507e-01,2.856363716558631138e-02,6.161018018147162989e-02,2.458544662349336409e-03,3.446522639695269175e-01
7.092775195401680444e-01,3.527024234330010388e-02,4.510080682975116384e-02,1.032828068446126112e-03,2.093186032183345091e-01
8.609289305059828479e-01,8.000573987002174842e-03,6.849902668334415315e-03,2.817181541829760945e-04,1.239388746844976713e-01
7.300651546642541456e-01,2.055593000143481064e-02,3.219058824741431735e-02,1.122161402196128607e-03,2.160661656847006062e-01
5.522727350921315947e-01,2.079561100379432800e-02,2.231180683179547278e-02,7.582059145613358111e-04,4.038616411577172771e-01
4.552202628814592256e-01,1.195484613731450339e-02,2.686900492512164784e-02,1.930414151811338545e-03,5.040254719042933651e-01
4.375386298167750487e-01,1.307748625348070445e-02,4.103145472112792319e-02,2.317607110201915475e-03,5.060348220984144385e-01
4.672316659072943135e-01,2.021166091884515556e-02,7.774986633509090028e-02,5.644375196772355441e-03,4.291624316419972995e-01
4.149323350263678378e-01,2.285839509677388762e-02,1.480354232035375195e-01,1.143812626472970329e-02,4.027357204085910691e-01
4.030279239222980259e-01,1.111772634096166480e-02,1.122690154197013568e-01,1.983516473415695980e-02,4.537501695828820014e-01
5.972407546291389480e-01,1.531349457403322588e-02,1.096530407517314759e-01,1.400522019263270891e-02,2.637874898524638634e-01
6.873067226011174702e-01,3.863138760693585715e-03,9.905308534114122543e-03,2.064933914992403592e-03,2.968598961890823174e-01
7.810357893878323576e-01,1.631530862822161334e-03,2.370321968808724537e-03,8.424695200038586447e-04,2.141198882605330756e-01
7.800065337762794870e-01,8.193610995923935811e-04,1.434004804164427330e-03,8.280062738642388499e-04,2.169120940460992353e-01
6.723277633810472720e-01,1.498513263912335056e-03,2.119511575838484672e-03,1.044202617951157409e-03,3.230100091612507218e-01
8.267804323907369524e-01,6.057141623857828071e-04,8.868087434395719457e-04,7.212932810778265079e-04,1.710057514223598529e-01
8.967411635989437357e-01,4.558379824568348053e-04,4.997277549621917695e-04,7.224390799603517752e-04,1.015808315836767284e-01
9.524190940780492554e-01,4.027014104516118726e-04,8.908462981974857352e-04,3.441479872564959849e-03,4.284587834073667195e-02
9.577722635544033691e-01,5.325254981400894547e-04,6.222265881481233319e-04,1.442067999018128641e-03,3.963091636029022341e-02
9.428406188645330754e-01,3.821764370478963218e-04,6.039301746150631039e-04,1.464368904728616206e-03,5.470890561907532784e-02
9.616523849843287008e-01,3.317749656229840912e-04,6.095697029489857135e-04,1.673345296553133523e-03,3.573292505054631585e-02
9.616468642505460185e-01,3.693632666048446401e-04,1.710464073740574058e-03,8.817993899968965335e-03,2.745531450913946819e-02
9.660122724823351215e-01,6.781838411357608235e-04,1.445969912968787449e-03,6.056855661284969369e-03,2.580671810227546173e-02
9.541883203761456489e-01,3.598028726635261803e-04,2.145121174503955390e-03,1.420393205585285604e-02,2.910282352083397306e-02
9.227082658369768486e-01,4.489634199551555344e-04,6.159989351847405641e-03,5.906755347937784478e-02,1.161522791184278931e-02
8.400154654983887914e-01,5.100325471930401179e-04,9.797982258768000302e-03,1.412471904853232485e-01,8.429329210326737959e-03
9.000261730016924089e-01,1.263460718195143651e-03,9.263511565039206710e-03,6.071617546585859199e-02,2.873067924921449828e-02
9.119002720676194773e-01,8.205231945996527753e-04,4.640268207393361509e-03,1.692944791013302475e-02,6.570948862025452475e-02
9.214847219685011748e-01,6.821424503980963710e-04,3.613161795577433510e-03,1.579608118566219049e-02,5.842389259986115191e-02
9.393188757314822057e-01,5.193729308640216476e-04,2.616910469843433760e-03,1.123891845526530514e-02,4.630592241254496283e-02
9.273049715923048497e-01,1.458081983186694562e-03,4.058503481211068152e-03,8.191633952260806914e-03,5.898680899103647679e-02
9.288605999825435555e-01,3.106892104852225847e-03,3.439611635951569588e-03,2.670551796621545813e-03,6.192234448003118563e-02
8.817275845503951270e-01,1.294240528502105941e-02,4.393986951839490979e-02,1.039593485582624051e-02,5.099420579036268580e-02
7.849491083148479875e-01,1.562987273697874144e-02,8.319753605253872586e-02,1.029968807396721732e-02,1.059237948216672637e-01
6.502407124630187329e-01,2.419505370564793700e-02,8.251398265235652951e-02,7.277704383214853370e-03,2.357725467957619558e-01
6.153696157667826183e-01,2.554381076664705846e-02,5.348101226570359246e-02,3.287571660238545676e-03,3.023179895406281070e-01
7.954361334609603151e-01,1.153170064397942944e-02,2.058821907109252558e-02,1.564220160349981837e-03,1.708797266636177814e-01
7.604093399678146792e-01,9.991473315267396238e-03,5.096433933432367031e-02,3.830498863554460467e-03,1.748043485190397817e-01
8.015302438817660802e-01,8.226617458849677308e-03,1.220700598358640150e-02,1.112473320725070958e-03,1.769236593550725933e-01
7.950274012272532387e-01,4.661357378230602741e-03,4.184226621439886620e-03,4.627390707669141274e-04,1.956642757023093759e-01
7.193180159558539843e-01,3.614398496999061267e-03,2.889663795372297752e-03,3.448643698907395217e-04,2.738330573818837932e-01
9.156213303378677448e-01,4.463376664830643464e-03,1.107114089971428066e-03,7.448475415204757377e-05,7.873369415317794939e-02
9.285077164718369414e-01,1.374032358684770458e-02,2.622290366275657151e-03,7.099170894843080247e-05,5.505867786609117825e-02
9.406471280804593604e-01,2.442094276005277783e-03,7.809338713864265964e-04,4.736492666699127868e-05,5.608247884548202972e-02
9.524283335888413804e-01,2.200044211963929439e-03,6.326735555635089802e-04,4.701316272380137820e-05,4.469193548090748258e-02
9.139860988206753856e-01,1.665322027667958966e-03,7.492603116716174076e-04,8.564218444570030815e-05,8.351367665553925679e-02
9.042021590862835412e-01,3.365920757710933169e-03,8.850216712777833009e-04,5.880540985406894746e-05,9.148809307487371090e-02
8.096787575727221187e-01,2.420666966940462732e-03,6.564553960626310584e-04,4.486397643972358552e-05,1.871992560878349976e-01
9.453765828000959548e-01,6.116796371410523729e-03,1.228426070856635573e-03,3.902246460332202155e-05,4.723917229303337129e-02
9.075835947145667326e-01,3.231765347636058553e-03,8.532485888512007918e-04,5.006457305738495873e-05,8.828132677588856891e-02
7.460113980759656149e-01,1.249755014654185120e-02,5.162627320178544629e-03,2.192984501244148871e-04,2.361091260071895570e-01
6.274260668228758275e-01,1.457395240421685730e-02,4.600972277938568909e-03,1.759754699374752539e-04,3.532230330250313299e-01
8.062708709245423044e-01,4.764371278697254394e-03,3.073774339629247072e-03,1.917189348113896837e-04,1.856992645223198013e-01
7.928324693537572854e-01,3.968687457394476717e-03,2.864884881836004225e-03,2.423278609688336610e-04,2.000916304460434725e-01
7.053315296451624361e-01,5.608719608848292820e-03,2.233854085015775197e-03,2.033531920173621099e-04,2.866225434689559926e-01
9.192450386690536046e-01,1.393695016027181885e-03,4.785522393278813873e-04,7.040946349859521366e-05,7.881230461209257077e-02
9.489370313633737064e-01,3.311106554643271273e-03,4.374214769132126553e-04,4.314572007128267159e-05,4.727129488499857285e-02
8.869679349196194496e-01,8.532781329188426217e-03,1.152245131658278122e-03,6.609809868166890501e-05,1.032809405208519743e-01
7.680327726093109098e-01,1.944201100362643805e-02,3.297813264259159393e-03,1.812809446993881332e-04,2.090461221781041989e-01
7.750333982921255860e-01,7.982517907369644436e-03,1.758479884151012028e-03,1.179391062751404182e-04,2.151076648100785915e-01
7.484210096013628188e-01,2.865239395397784633e-02,5.015550881814895105e-03,1.499778766228949923e-04,2.177610676862218320e-01
8.698284783959455702e-01,1.496312266572377182e-02,1.651206236106167935e-03,4.526735238750905052e-05,1.135119253498370478e-01
9.751550401050295136e-01,4.034196415467770740e-03,4.980639559626047356e-04,2.219080722113722615e-05,2.029050871631914513e-02
9.750416293579421412e-01,6.000740673327909121e-03,2.627598099640213701e-03,3.021729672758616410e-04,1.602785890181370604e-02
9.911991162771787156e-01,1.588957980790381419e-03,4.422027030526721699e-04,7.402214326552032761e-05,6.695700895712814425e-03
9.736255039932663058e-01,1.105385585683210659e-03,2.132527074961738803e-04,4.185538673749335985e-05,2.501400232681688304e-02
9.963369011797573727e-01,1.390050533990443973e-03,1.979829455941156256e-04,2.259986567231251473e-05,2.052465474985776684e-03
9.992694950624743111e-01,4.214201374665007887e-04,1.161476579898767478e-04,2.382012746307896655e-05,1.691170146062425804e-04
