9.098587497310356431e-01,7.291306979482245314e-03,1.767928751830075140e-02,4.790658031912287118e-02,1.726407545205852281e-02
9.859553058726276964e-01,7.330002802488775476e-03,2.710923476887079370e-03,1.037688291276415249e-03,2.966079556720113090e-03
9.975886541408113262e-01,1.827346414751525316e-03,3.189589691966226884e-04,4.419148587730402535e-05,2.208489893633048748e-04
9.989829440428542595e-01,8.465854400759406000e-04,9.241003340294953261e-05,9.234063510001336839e-06,6.882642015682443367e-05
9.973368439425266407e-01,2.133179467645612143e-03,3.983971409957120006e-04,3.184963464498208118e-05,9.972981418701169505e-05
9.907402898796434654e-01,8.164236869102033459e-03,8.338144896723394565e-04,3.886927864023832741e-05,2.227894829419419550e-04
9.635508596274283688e-01,3.169641903476426437e-02,4.203506520424275805e-03,9.146238353074812120e-05,4.577524338522583362e-04
9.290482134976777440e-01,5.635037845592982819e-02,1.372664454151880514e-02,2.008031539344182941e-04,6.739603509392623829e-04
9.240953357390391254e-01,5.966748351265356576e-02,1.544780823924375192e-02,1.699425788147492433e-04,6.194299302487128126e-04
9.108395948264140785e-01,5.752942799124903528e-02,3.088651321966568233e-02,2.774730196008236001e-04,4.669909430704394758e-04
8.902987750310163984e-01,3.900747038069383998e-02,6.948236832404476593e-02,8.999185320476378114e-04,3.114677321973772779e-04
9.562572540406868438e-01,1.794359446844493583e-02,2.498551157567225484e-02,5.207420164661426135e-04,2.928978987296847734e-04
9.694993896352006590e-01,8.410191203480103447e-03,2.122125466259970270e-02,5.936086448002945645e-04,2.755558539193609215e-04
9.930114503268165915e-01,2.636719930962395323e-03,3.916005175937300499e-03,2.423570711777689847e-04,1.934674951058750359e-04
9.896920254993635258e-01,4.871169312388792631e-03,4.920029255465007030e-03,2.174449416806457740e-04,2.993309911019226949e-04
9.971093248033564560e-01,1.741374441500318469e-03,9.366163528779062903e-04,5.985858351116349579e-05,1.528258187542294957e-04
9.857725545744759899e-01,7.841556482185938273e-03,5.614601820808340013e-03,3.736667027917628110e-04,3.976204197379083890e-04
9.935812029594318640e-01,3.855215006210727189e-03,2.219680063837410969e-03,1.602080236090452556e-04,1.836939469109632865e-04
9.815094700413214968e-01,1.046462712581006267e-02,6.658145784761805748e-03,4.762006043185061806e-04,8.915564437881849658e-04
9.466277358882621007e-01,3.554621959769686812e-02,1.593699790458301055e-02,5.125213727598531980e-04,1.376525236698148249e-03
9.900525556858362775e-01,5.657094620419111583e-03,3.317117375582924639e-03,1.954509691864866612e-04,7.777813489751578659e-04
9.679225923587196911e-01,1.343484785679053065e-02,1.589310753040166363e-02,1.112422442106760770e-03,1.637029811981445754e-03
9.767863068712308028e-01,1.408422388718515335e-02,7.711094860727703455e-03,3.081397162547141479e-04,1.110234664601609514e-03
9.576784089195655714e-01,2.871406530054524189e-02,1.245393388689000104e-02,3.511293951894809036e-04,8.024624978096895093e-04
9.791072493280963407e-01,1.203006719492051395e-02,7.856087308236005609e-03,3.451651599391129311e-04,6.614310088078565473e-04
9.795829488191327705e-01,9.225566049381794809e-03,9.105341749558076500e-03,1.029169731374843418e-03,1.056973650552546625e-03
9.774649795063566904e-01,1.299722189450113440e-02,8.034175220828611644e-03,3.962675748216571846e-04,1.107355803491970412e-03
9.601264954182574529e-01,2.528064596871669803e-02,1.259141533414311065e-02,4.136039774866677975e-04,1.587839301396246246e-03
9.697539585824689334e-01,1.933202743138111648e-02,7.944193893952542634e-03,2.195632288673901394e-04,2.750256863329849418e-03
9.812812473824961135e-01,1.212694958414701693e-02,4.107398334631420615e-03,1.205814219606074088e-04,2.363823276764940532e-03
9.877129611861864555e-01,6.941611236041841763e-03,4.798555687527740823e-03,1.012689141032466352e-04,4.456029761407930543e-04
9.881535501461857773e-01,8.048136021272739651e-03,3.339694484279700365e-03,5.501975210205026521e-05,4.035995961596468046e-04
9.839219619068424461e-01,9.270603579782052753e-03,6.317584940564387012e-03,1.015336126143754388e-04,3.883159601966369614e-04
9.631991773896807496e-01,2.277732587108173903e-02,1.292368338580425144e-02,1.057650090344071348e-04,9.940483443989188688e-04
9.779127521600486928e-01,1.269663879440405957e-02,8.468553817952769944e-03,7.998884893982592865e-05,8.420663786546404503e-04
9.361564502252512909e-01,4.541521734073855621e-02,1.575152558402282202e-02,9.844960039811197021e-05,2.578357249589301355e-03
9.389999409771965233e-01,4.151641043510434503e-02,1.718024807477855700e-02,7.897568784018558835e-05,2.224424825080333502e-03
9.499135110288842165e-01,2.741039928529041825e-02,2.114640197057347099e-02,2.268587957938559174e-04,1.302828919457878340e-03
9.907649826036701857e-01,5.618330686068455024e-03,2.973980971752910544e-03,9.336468362530660062e-05,5.493410548831545101e-04
9.908995184057680650e-01,6.123833465101106467e-03,2.561553888428706738e-03,1.183038165643605845e-04,2.967904241377721680e-04
9.912719880512422810e-01,5.381958428748117793e-03,2.444839153690235752e-03,1.735425232386355785e-04,7.276718430807624762e-04
9.967589439996764611e-01,1.680408355501040703e-03,1.099227068753065670e-03,2.289531853406116476e-04,2.324673907288060898e-04
9.794185505307523298e-01,1.301772821684549393e-02,6.229589140810870562e-03,3.743278172959670514e-04,9.598042942954046431e-04
9.586019025706665753e-01,2.363292102452981686e-02,1.658270619843666555e-02,3.533930205484954370e-04,8.290771858184127442e-04
9.790821680159174090e-01,1.029400531715373053e-02,9.422251353913568134e-03,2.685453607750121034e-04,9.330299522403245026e-04
9.656595398696377064e-01,1.944534585555213191e-02,1.091398520179953993e-02,3.236912856397623599e-04,3.657437787370916224e-03
9.327218986938055068e-01,3.614405287027169789e-02,2.569671516062685748e-02,4.430542963320579218e-04,4.994278978963913838e-03
9.916079700164694977e-01,4.354224174142261664e-03,3.303409924119578810e-03,2.462252071434407278e-04,4.881706781253250006e-04
9.916524063018096191e-01,5.278433798801214320e-03,2.288520801263304021e-03,1.082073395963065361e-04,6.724317585297252776e-04
9.705774467707973807e-01,1.468846676091922765e-02,1.171482839162536933e-02,4.278529117090396940e-04,2.591405164948927965e-03
9.692962922697798689e-01,1.452031041535328110e-02,1.421044750406761509e-02,6.226160567863760469e-04,1.350333754012912005e-03
9.352529885580778135e-01,2.397586670309350895e-02,3.837426219447157005e-02,1.163852566669263539e-03,1.233029977687876907e-03
9.654365406579340503e-01,1.329274802806814162e-02,1.964669569969317367e-02,1.079471831938179837e-03,5.445437823663937639e-04
9.599466886298935187e-01,1.299032713553753896e-02,2.544511373951746647e-02,1.019035545021807149e-03,5.988349500294484675e-04
9.885535923056073537e-01,4.218914216907039029e-03,6.557127785723648739e-03,3.265521008102347531e-04,3.438135909515590053e-04
9.859367412587873858e-01,7.012654974729343356e-03,6.584266669428550864e-03,1.463939353285814379e-04,3.199431617262114120e-04
9.976590496465072011e-01,1.214180047389930555e-03,1.016935525356776155e-03,2.923860786933320789e-05,8.059617287681264972e-05
9.948782041998666115e-01,3.439509079222571528e-03,1.389564250834097233e-03,5.007143311825445949e-05,2.426510369584436617e-04
9.870790923777437165e-01,8.628499704199788303e-03,3.028806267291186353e-03,1.044938740300198045e-04,1.159107776735203649e-03
9.927294421010262049e-01,4.219191346898055160e-03,1.826151015254448345e-03,1.160387549723099589e-04,1.109176781848923840e-03
9.868218133349494492e-01,6.015339175613126227e-03,2.293552824401867002e-03,1.423774754064227068e-04,4.726917189629065673e-03
9.892215119914306021e-01,4.344281886813821346e-03,1.699729558567135337e-03,1.193852823414625296e-04,4.615091280846987144e-03
9.945860766706666745e-01,2.808768367170749215e-03,9.759760737591209167e-04,4.257239799804247337e-05,1.586606490405530808e-03
9.862491455281109376e-01,6.692067822304780152e-03,1.958275063543369991e-03,9.972461585472333385e-05,5.000786970186402690e-03
9.846197928545353806e-01,6.293259733088662523e-03,2.644486879314717105e-03,1.966972545562453223e-04,6.245763278505092782e-03
9.807554534972030558e-01,1.023206272741540232e-02,4.138174599335795942e-03,2.135390761163727022e-04,4.660770099929466455e-03
9.830807274571600196e-01,9.571815985337822630e-03,4.122357329873885257e-03,1.410851772547054832e-04,3.084014050373568971e-03
9.464491614596480806e-01,3.021021431697729076e-02,1.744552156312186714e-02,7.282490421483089720e-04,5.166853618104444261e-03
9.026541359092685735e-01,3.426445852697736910e-02,4.897927008353342160e-02,3.629220675406621965e-03,1.047291480481403469e-02
8.904027026446249549e-01,3.309773586345905738e-02,5.793481651665779303e-02,4.949309454603538667e-03,1.361543552065458754e-02
8.981350057859835978e-01,2.666232141314044471e-02,6.110384057355058851e-02,7.841331167425431153e-03,6.257501059899977722e-03
9.040110843140232166e-01,2.387502809649083568e-02,4.949758639500409507e-02,7.199137924789269019e-03,1.541716326969256104e-02
9.533744829239807483e-01,1.003488669993517907e-02,2.538388951209479688e-02,3.755606817949372605e-03,7.451134046039789051e-03
9.360138334630427881e-01,1.520677763629890711e-02,3.547741743946560000e-02,3.801394798282219448e-03,9.500576662910558204e-03
8.786227146785458020e-01,1.844604417622881798e-02,6.872115407997120284e-02,1.570967542873055039e-02,1.850041163652357476e-02
8.719474806685469925e-01,2.105936242535542263e-02,7.013534005772688318e-02,1.843388490202981650e-02,1.842393194634093026e-02
9.269732574049817098e-01,1.917695240811146534e-02,3.825106598406613490e-02,6.961909315819688610e-03,8.636814887020912920e-03
8.988042674302055834e-01,2.316889167412716083e-02,5.947759194444686426e-02,9.175411708276695610e-03,9.373837242943676776e-03
8.077354963644008956e-01,5.675623793380610987e-02,1.031950325495876175e-01,8.371875620607233115e-03,2.394135753159817512e-02
8.305864563581164539e-01,6.756710937494479763e-02,7.774349168713490243e-02,2.970186662012723813e-03,2.113275591779117946e-02
8.891721248143775735e-01,4.831312887030174419e-02,4.813184386871218606e-02,2.022574537425657869e-03,1.236032790918294502e-02
9.186037943175586751e-01,3.219197635519487760e-02,4.094739556045497164e-02,2.082379671652270781e-03,6.174454095139269086e-03
8.435496877726971210e-01,7.506552622537282504e-02,6.600992270900338244e-02,1.904280817243356487e-03,1.347058247568337641e-02
8.791250702161294006e-01,4.922893726449725782e-02,5.318013555476559101e-02,2.233567114548740823e-03,1.623228985005911035e-02
9.246363784137907604e-01,3.198800438541053726e-02,2.752607828099946571e-02,6.291544221365553535e-04,1.522038449766271312e-02
9.197885870269836284e-01,2.683362308253873368e-02,3.045171068061515440e-02,1.084551790202454690e-03,2.184152741965994515e-02
8.483268071465550619e-01,3.201241632153565414e-02,5.508730175488739389e-02,2.102784005582153566e-03,6.247069077143976856e-02
7.776038722087752486e-01,6.491500333208824469e-02,5.897710607151575302e-02,1.412634544216437825e-03,9.709138384340434969e-02
8.582254873361019332e-01,2.628786540782548226e-02,3.397097650237222710e-02,1.021449068280120501e-03,8.049422168542016975e-02
8.454562002810442900e-01,4.853899384801546590e-02,2.780788958601956504e-02,4.587352978727573215e-04,7.773818098704794732e-02
9.453950461078264311e-01,2.342249745661633548e-02,1.584513735769495224e-02,2.713478049959319087e-04,1.506597127286614379e-02
9.720715649977696993e-01,9.733170750771827709e-03,7.419310530657293422e-03,1.743685183109084562e-04,1.060158520249042391e-02
9.357899256773930530e-01,3.514439582511579008e-02,1.331750894284585221e-02,1.762070220872638505e-04,1.557196253255801500e-02
8.816475117196119760e-01,6.298927841942884853e-02,3.625076550119103042e-02,2.018778869491550635e-04,1.891056647281879818e-02
8.909264006323860396e-01,4.918976167292669899e-02,4.936375002024083469e-02,8.817767526540936946e-04,9.638310921792233449e-03
9.768368206568490697e-01,9.758015185138340514e-03,1.037056802640448118e-02,3.679108909920678788e-04,2.666685240616019966e-03
9.238519506908514645e-01,3.364765946326731677e-02,2.823894842934214500e-02,6.381772900452196929e-04,1.362326412649379759e-02
9.659330687811336080e-01,1.365145694070741926e-02,1.068416757323779713e-02,2.294479557555272119e-04,9.501858749165537077e-03
9.531236384450089139e-01,2.288352917245353724e-02,1.530872915746901188e-02,2.623652710960829460e-04,8.421737953972562724e-03
9.063967739320532013e-01,4.347137957495327693e-02,3.590413822284704154e-02,5.939283226322752485e-04,1.363377994751413524e-02
9.007331721094840038e-01,4.870306577076773807e-02,3.116054576520372460e-02,5.242074105305034220e-04,1.887900894401414384e-02
8.962383890344793880e-01,7.043809393408027864e-02,2.140502832908786415e-02,3.045618673998337763e-04,1.161392683495263492e-02
8.493441560392608336e-01,8.423152487234795982e-02,2.477744035143165241e-02,3.964025205490416060e-04,4.125047621641056428e-02
8.994312057881551636e-01,5.191845140393529234e-02,2.984697838265248926e-02,4.953267457607486539e-04,1.830803767949634037e-02
9.161203646713472759e-01,3.967548811867201847e-02,3.660638569854457458e-02,8.115138171546115893e-04,6.786247694281378508e-03
9.354902598147766257e-01,2.845040218353712957e-02,3.126386465365601358e-02,1.076851038391635120e-03,3.718622309638560004e-03
9.435532144819982481e-01,2.619462058708754010e-02,2.764126519004356242e-02,9.730044437924385316e-04,1.637895297078175534e-03
9.803702245122795089e-01,9.866643551794335512e-03,7.941819987792062691e-03,3.805978602477982226e-04,1.440714087886233504e-03
9.188862891343725359e-01,2.048124615668253656e-02,5.641295199111324293e-02,2.275483538659941324e-03,1.944029179171728131e-03
8.513654074360459401e-01,5.511584548108873494e-02,6.436818328812748957e-02,1.037416053449702119e-03,2.811314774128800820e-02
8.499931486221490307e-01,8.037864982486250809e-02,5.328287399614821396e-02,7.832560557610939540e-04,1.556207150107898757e-02
7.744999491361054256e-01,1.344289766497265004e-01,5.291676585884511064e-02,4.376863676281921673e-04,3.771662198769477892e-02
8.451102260613352346e-01,8.784547670326425806e-02,4.096392988207506192e-02,4.090500424514420964e-04,2.567131731087392982e-02
7.293156448294801919e-01,1.502481899525918707e-01,9.228918304601858857e-02,6.473272819250325315e-04,2.749965488998427215e-02
6.925827244817907014e-01,1.916372572272228014e-01,9.914260234708488495e-02,4.956552228341587962e-04,1.614176072106749196e-02
8.339463117846068752e-01,9.969229057172569741e-02,3.888177594269265347e-02,2.813109571877402040e-04,2.719831074378687569e-02
7.084679464574802354e-01,1.566765327915673744e-01,9.629519087996674109e-02,4.292633803488551535e-04,3.813106649063679326e-02
6.847017293220603040e-01,1.492429103194919948e-01,1.110892020869799490e-01,5.933435790954571078e-04,5.437281469237235931e-02
8.748945189553922752e-01,4.912445059352994747e-02,5.033092257027330096e-02,6.547266245381451640e-04,2.499538125626632468e-02
8.186338405355105818e-01,7.394262309946408873e-02,6.129346263999277400e-02,5.096095315931887994e-04,4.562046419343934039e-02
9.513061714145565340e-01,2.495316859433671305e-02,1.471244954149419221e-02,1.673915614815744751e-04,8.860818888130813156e-03
8.775527683483503871e-01,7.245735080124450500e-02,3.528841073764395903e-02,4.272698092067496543e-04,1.427420030355446533e-02
9.317850923491696191e-01,4.100451425894317131e-02,1.612358870598460531e-02,3.248969318452094761e-04,1.076190775405729688e-02
9.564758964230832827e-01,1.654092841790204618e-02,1.615704305841902944e-02,1.258258860717599136e-03,9.567873239878029942e-03
9.893181349645053801e-01,5.707750562956522694e-03,3.331651197012504978e-03,2.123211226365165176e-04,1.430142152889014298e-03
9.869036893079751183e-01,9.563539986704066784e-03,2.474183497417023828e-03,1.007096866715759243e-04,9.578775212322668655e-04
9.937624937983652318e-01,5.016718637479044250e-03,9.084880108966397576e-04,2.623026132592402954e-05,2.860692919331875458e-04
9.986828059161603210e-01,1.091317791034112630e-03,1.656083123152298886e-04,7.602611738608458362e-06,5.266536875152635520e-05
9.978330424448929037e-01,1.797938886666452293e-03,2.866430611197613243e-04,1.406587078925155788e-05,6.830973653151253681e-05
9.972474074334984895e-01,2.196698632498828886e-03,3.964362118012011000e-04,2.018053332833963473e-05,1.392771888730756147e-04
9.984900261898286278e-01,1.177436130851762172e-03,2.113871387130019958e-04,1.482464055136572230e-05,1.063259000553470077e-04
9.967187845164972027e-01,2.384198115883033771e-03,6.902912596575136927e-04,4.824076848455329490e-05,1.584853394777700709e-04
9.978883616773608356e-01,1.408891326023630191e-03,5.751432307933278818e-04,4.714344368512380989e-05,8.046032213711009013e-05
9.967455582305293493e-01,2.455883444051991209e-03,6.392585828192279621e-04,3.103989748723090774e-05,1.282598451121001531e-04
9.910665159661193879e-01,6.771403918307742839e-03,1.577841835619033135e-03,7.093244402935505071e-05,5.133058359245452201e-04
9.859737349724635447e-01,8.798762408933390525e-03,4.624526879527118134e-03,1.660918564468591711e-04,4.368838826291770463e-04
9.892468996167715911e-01,5.091236490179887851e-03,4.729468091215646708e-03,1.993522672638934419e-04,7.330435345688909518e-04
9.798241456008620620e-01,6.676440630865798469e-03,1.217266160629064918e-02,7.312626271620611008e-04,5.954895348194199148e-04
9.447201421221725903e-01,2.132301865771623478e-02,3.220122706687562897e-02,8.919944783345294410e-04,8.636176749010573582e-04
9.933400540049202032e-01,3.411030207966209583e-03,2.608081160599641599e-03,1.379117030738226325e-04,5.029229234400363997e-04
9.961696501022572203e-01,2.264415122851227979e-03,1.341956665973003792e-03,6.522249976974421810e-05,1.587556091488780206e-04
9.986599472058933502e-01,9.501493489410720679e-04,2.430100676263348902e-04,1.507876498888366288e-05,1.318146125500955080e-04
9.885445428677175350e-01,9.583912807443202564e-03,1.353527511371400071e-03,3.199714116388499628e-05,4.860196723038923768e-04
9.959617243949548948e-01,3.061370399262319710e-03,6.840037962540185344e-04,2.377786383215564050e-05,2.691235456967807499e-04
9.980818103703156252e-01,1.551108712976094440e-03,2.592647328406903567e-04,1.018047429161806067e-05,9.763570957604581196e-05
9.975291637398130407e-01,2.160536665242206601e-03,2.132707933364302096e-04,8.045587814566763026e-06,8.898321379371439263e-05
9.982276842155750618e-01,1.566026217527715118e-03,1.459226235437544614e-04,5.920830200323474673e-06,5.444611315325598448e-05
9.981599421804787653e-01,1.625626388404866887e-03,1.617337405356687882e-04,6.774428348221477744e-06,4.592326223261050471e-05
9.979807258481423471e-01,1.796443637394327638e-03,1.715743529821550553e-04,6.583479266883538067e-06,4.467268221430365296e-05
9.981563596590755649e-01,1.647864704681510813e-03,1.514587438696543629e-04,6.245487609273237594e-06,3.807140476408240801e-05
9.988029237969556773e-01,1.062936605466175029e-03,1.002194829427533444e-04,4.785035311640978428e-06,2.913507932370572711e-05
9.981247186040038688e-01,1.669488358530122479e-03,1.600101865444986603e-04,6.880954552182125794e-06,3.890189636930834713e-05
9.971340295151879252e-01,2.555309817679875597e-03,2.498190593396870554e-04,8.952107340013569641e-06,5.188950045239912329e-05
9.986249573908270172e-01,1.194977012545400544e-03,1.457010014206560255e-04,6.314513421195993832e-06,2.805008178574176078e-05
9.982294267542094479e-01,1.586453264270622568e-03,1.445177784550214038e-04,6.161039063572085100e-06,3.344116400139359531e-05
9.975528755220508526e-01,2.187336429614665685e-03,2.171018858918096514e-04,6.561960479565925074e-06,3.612420196305884094e-05
9.977354923859681479e-01,2.010316704310366812e-03,2.013851480455780183e-04,6.822882079242799703e-06,4.598287959670294324e-05
9.978405363605374889e-01,1.940050024976358025e-03,1.720507833040617850e-04,6.492804855025978760e-06,4.087002632714426784e-05
9.960361726499964430e-01,3.639933476865435738e-03,2.511324776600932758e-04,8.437163615673734372e-06,6.432423186254965708e-05
9.978179088962868537e-01,1.995240829628211737e-03,1.423834392384485596e-04,4.908777292092748113e-06,3.955805755430588807e-05
9.962788462886257301e-01,3.447158741901720693e-03,2.134216940300496732e-04,7.152714385341928693e-06,5.342056105724105823e-05
9.979019511196293157e-01,1.920776494669661260e-03,1.342578705327074557e-04,4.838205957461747321e-06,3.817630921090048416e-05
9.973929172688934530e-01,2.395862453536157319e-03,1.514269624827139951e-04,5.735072653309627975e-06,5.405824243436027594e-05
9.981619606004222822e-01,1.661643331263792196e-03,1.271642429682232360e-04,5.380130737510660456e-06,4.385169460801051816e-05
9.979452822615912932e-01,1.860043719886799937e-03,1.394021570977167573e-04,5.798430780413044280e-06,4.947343064369226137e-05
9.969316367580213223e-01,2.766928143648601790e-03,2.237586488817338887e-04,9.283350687828368020e-06,6.839309876053442584e-05
9.966135888458080849e-01,3.022219688019544149e-03,2.927528571410069531e-04,1.098261193019326536e-05,6.045599710108932699e-05
9.979093063483946979e-01,1.857482412611701026e-03,1.837626064033925271e-04,6.607306940521523705e-06,4.284132564969765644e-05
9.966153474990659955e-01,3.124876955954500844e-03,1.959110536723827564e-04,6.243734409606610082e-06,5.762075689743538726e-05
9.954686245746198203e-01,4.198678266099604983e-03,2.444815824550812967e-04,6.923998200348980477e-06,8.129157862510033963e-05
9.934757275939722909e-01,6.008723500382349807e-03,4.218064772848737257e-04,1.062790018529546591e-05,8.311452817528897758e-05
9.862841035507912135e-01,1.258177056902931405e-02,9.644216955002886827e-04,1.707661940796843553e-05,1.526275652711522478e-04
9.957013198172662838e-01,3.850181509687504271e-03,3.696275549450349428e-04,8.544051921318418790e-06,7.032706617995541573e-05
9.969438138613140321e-01,2.782112046013038645e-03,2.133702158562626044e-04,6.326091474289025929e-06,5.437778534246623412e-05
9.969722748797034129e-01,2.760159497592300139e-03,2.022525786613565035e-04,6.178235961331673425e-06,5.913480808181856844e-05
9.967060540451406769e-01,3.018480389015742830e-03,2.168343241681284887e-04,6.186003881990693693e-06,5.244523779336924109e-05
9.978311416508270915e-01,1.971434755551050751e-03,1.492488940668003220e-04,4.626043693755861967e-06,4.354865586121630614e-05
9.981209945913220860e-01,1.717170498211259208e-03,1.208062626926880725e-04,4.429097692771897916e-06,3.659955008130267185e-05
9.982754786968953686e-01,1.559890162558156797e-03,1.213031747605244253e-04,4.315771389554878275e-06,3.901219439646033975e-05
9.984215779925205148e-01,1.415352043220586111e-03,1.250514969709475412e-04,3.945202577329636709e-06,3.407326471069646823e-05
9.976369596499145009e-01,2.133592770140448937e-03,1.804871060514439752e-04,5.415586520114658290e-06,4.354488737348364169e-05
9.977155272163895638e-01,2.070291040717390542e-03,1.704728236829369510e-04,5.966317857694514322e-06,3.774260135230056873e-05
9.981290925929564573e-01,1.701998384668764429e-03,1.330903249652363215e-04,4.693313124362229603e-06,3.112538428515343306e-05
9.980356356741373336e-01,1.792753010827747781e-03,1.311407145836842117e-04,4.618240150341081799e-06,3.585236030087124578e-05
9.957460503870091406e-01,3.956684481305222482e-03,2.386959944446631491e-04,6.976738796105194891e-06,5.159239844502524098e-05
9.831815671862070838e-01,1.583313952876118369e-02,8.529595259944127697e-04,1.642888270228719212e-05,1.159048763351063491e-04
9.936390042690935731e-01,5.861013400468602710e-03,4.358076857437208373e-04,9.331651825248806612e-06,5.484299286892775421e-05
9.962654371243703233e-01,3.449460959211569228e-03,2.374037219971847931e-04,6.012271608097770836e-06,4.168592281288133129e-05
9.963841765602400313e-01,3.302660120396927902e-03,2.581273027789265278e-04,7.009760406982930007e-06,4.802625617705181827e-05
9.903412909020491428e-01,9.081059072419631756e-03,4.795322020831675985e-04,1.051714099106146982e-05,8.760068245696626596e-05
9.944233105161031094e-01,5.150132259908360433e-03,3.511047414805116250e-04,8.367729993251358094e-06,6.708475251481480807e-05
9.926843244296092994e-01,6.803126571946261671e-03,4.099704799300631997e-04,8.854259205572707997e-06,9.372425930886158667e-05
9.889335317040007789e-01,1.028769371955708806e-02,6.454655010474365196e-04,1.283511883377866994e-05,1.204739565609252061e-04
9.923185093650812583e-01,6.934406985116338927e-03,6.518836747677156807e-04,1.244410595474169953e-05,8.275586907986241347e-05
9.950491810006470983e-01,4.452388868470527096e-03,4.247924029763652299e-04,8.811573186192820677e-06,6.482615472001531558e-05
9.962373361028940000e-01,3.420110913813398726e-03,2.937632905419483012e-04,7.374507113079378998e-06,4.141518563760439845e-05
9.959925833868612521e-01,3.678206273192021793e-03,2.803646871180283428e-04,6.785111781636390162e-06,4.206054104701972764e-05
9.963265622293431267e-01,3.367473841211501232e-03,2.548361301320594633e-04,6.980190279586531872e-06,4.414760903356944907e-05
9.977050680298821250e-01,2.093942225865065912e-03,1.644645161541391943e-04,4.992457940682149041e-06,3.153277015800638858e-05
9.921358081403663931e-01,7.432449970101825953e-03,3.375402084076788612e-04,8.494055244613644433e-06,8.570762587945902954e-05
9.967622015824920689e-01,2.921566489804313868e-03,2.463497047377725155e-04,7.322863472943683923e-06,6.255935949276149560e-05
9.970602991113706182e-01,2.694678302729490611e-03,1.947300909880033738e-04,6.566605087354407348e-06,4.372588982460819465e-05
9.985150473811104099e-01,1.324149577468549483e-03,1.222290865149731215e-04,4.327419881755081458e-06,3.424653502430143005e-05
9.983670176677295061e-01,1.484135554229838380e-03,1.115445542182756574e-04,4.284329798837644108e-06,3.301789402347570586e-05
9.980886776906778834e-01,1.730257033354418422e-03,1.292347720456041673e-04,4.588994693819698072e-06,4.724150922827925146e-05
9.970166749667013217e-01,2.747673653059320986e-03,1.597789914603472939e-04,5.172344570144896116e-06,7.070004420879393090e-05
9.966407028578505578e-01,3.107475486314064273e-03,1.617879164283202078e-04,5.022146367330283463e-06,8.501159303991164212e-05
9.976420892487363190e-01,2.162714092490093751e-03,1.216281662477929114e-04,4.135645473598111081e-06,6.943284705212557980e-05
9.981147016424151142e-01,1.702240938757415166e-03,1.270502450872248459e-04,3.690695843946615582e-06,5.231647789640385166e-05
9.973633632813144745e-01,2.395075665816475720e-03,1.813518121949405401e-04,4.713104070842653335e-06,5.549613660322623356e-05
9.987078259096181521e-01,1.163251372439280716e-03,8.468487073214704718e-05,2.553039997528783702e-06,4.168480721284471943e-05
9.971682085118042105e-01,2.618659258947184185e-03,1.383480880909433372e-04,3.455489914627190456e-06,7.132865124293488322e-05
9.966381794548315742e-01,3.045800606060790512e-03,1.838368461539525349e-04,4.293415377960217334e-06,1.278896775756772149e-04
9.970887819866981472e-01,2.633627845670092477e-03,1.987334264524315915e-04,4.635010679842365768e-06,7.422173049971190172e-05
9.944919728761477673e-01,5.053295744954905237e-03,3.577215326110778806e-04,7.084229125076373107e-06,8.992561716118792185e-05
9.983191684232436414e-01,1.469642866531658230e-03,1.692243905971075463e-04,3.020493569716408601e-06,3.894382605788664753e-05
9.960074208132524420e-01,3.567991963475987752e-03,2.980676727000824912e-04,5.546923929694287576e-06,1.209726266415273033e-04
9.950595467039875519e-01,4.516553504610257633e-03,2.817712968706621640e-04,5.882051551292301846e-06,1.362464429801868437e-04
9.969628571684111540e-01,2.731611218379940975e-03,2.098301785447332128e-04,4.614881931487722688e-06,9.108655273267255402e-05
9.853394707872160652e-01,1.324760410884839867e-02,1.214289847931883468e-03,1.221705156769612435e-05,1.864182044359062899e-04
9.923990102475019892e-01,6.842778775626103156e-03,6.326520713847221759e-04,9.527669537528487775e-06,1.160312359495895793e-04
9.883797226042823070e-01,1.063341661775228826e-02,8.085012735603344224e-04,1.174187092554074632e-05,1.666176334794971646e-04
9.893921318439142798e-01,9.510462282119444902e-03,9.343845544017257169e-04,1.397361433841188465e-05,1.490477052260262829e-04
9.898538898134016106e-01,9.174312136017043554e-03,8.226653091183075417e-04,1.155464485366182523e-05,1.375780966093767381e-04
9.947218672579740684e-01,4.473732557506914995e-03,6.947688306579688543e-04,6.283637839079123895e-06,1.033477160217851016e-04
9.969573015873043342e-01,2.680481228198057855e-03,2.495489090866456869e-04,3.849594907398678723e-06,1.088186805037044669e-04
9.967377858324139028e-01,2.888390334718020456e-03,2.157566924964634376e-04,4.559480959931135901e-06,1.535076594117157345e-04
9.960875832335691626e-01,3.499508276698366609e-03,2.787596459796908054e-04,5.844996170324886500e-06,1.283038475826133286e-04
9.887288223853838431e-01,1.038972367305074362e-02,5.852309122859428126e-04,7.504479485990751476e-06,2.887185497934297322e-04
9.792161919087816191e-01,1.923889210382918186e-02,1.045458012821425756e-03,9.037897356404932196e-06,4.904200772114665876e-04
9.878831736965481003e-01,1.100884439667188311e-02,7.874487257698582201e-04,7.327627030912003713e-06,3.132055539793409640e-04
9.876326836882806104e-01,1.119285784304922121e-02,9.049091597572930801e-04,9.786483679859247169e-06,2.597628252330723853e-04
9.914896668445241090e-01,7.601190214482726575e-03,7.532062574051055564e-04,1.053223171077718637e-05,1.454044518771563182e-04
9.669622041632318643e-01,2.997681493288185950e-02,2.759253748312336715e-03,2.688440701793314654e-05,2.748427485560920799e-04
9.920702854681021643e-01,7.022227158232429572e-03,7.614735367191496256e-04,1.218160670849913169e-05,1.338322302377075227e-04
9.935772648618644842e-01,5.848027165798982616e-03,4.288655566900808139e-04,8.088955326836107828e-06,1.377534603197643826e-04
9.120376409219692615e-01,8.374289805910505036e-02,2.984919596314051463e-03,1.998303682088072039e-05,1.214558385790744750e-03
9.781324685796148888e-01,1.986478094156717000e-02,1.492435905354864067e-03,1.408213323069797704e-05,4.962324402324688483e-04
9.942881070604698834e-01,5.048233475411114182e-03,5.111461387488072314e-04,7.168000366502594279e-06,1.453453250036893917e-04
9.538299593539014687e-01,3.740583097168031362e-02,8.238640660513258870e-03,1.130959544239616709e-04,4.124730594811932519e-04
9.125962112776982993e-01,5.772220924334287712e-02,2.885747652317884396e-02,3.633377290957103814e-04,4.607652266842490328e-04
9.892209594138759998e-01,8.295382496002314324e-03,2.105660525360457478e-03,4.972758284310190003e-05,3.282699819180287765e-04
9.950166464648367848e-01,3.802782885161397515e-03,7.594671950320797853e-04,2.752764862167750583e-05,3.935758063481504263e-04
9.963319223916520251e-01,2.704207157493343158e-03,4.592861785312543350e-04,2.388352375947086774e-05,4.807007485638948728e-04
9.967479918155338625e-01,2.470353765574716687e-03,4.369070852339015845e-04,1.714349915359224041e-05,3.276038345039236329e-04
9.849520473195126913e-01,1.039609461328494869e-02,4.059090980239867148e-03,1.162681308404617752e-04,4.764989561221255414e-04
9.650614480261677786e-01,1.776767075855342076e-02,1.605868499624163448e-02,5.293299252696576996e-04,5.828662937674062607e-04
9.771529400011289557e-01,1.191181456522899876e-02,8.519406580452916836e-03,2.825615728626684558e-04,2.133277280326387800e-03
9.879168980443825410e-01,8.322468057441648193e-03,2.751219869726074640e-03,8.321871295491125599e-05,9.261953154949295434e-04
9.542178906768762348e-01,2.428143966924088334e-02,1.921625598068011156e-02,4.678969650114147790e-04,1.816516708191415674e-03
9.424147378320747448e-01,1.552569377226284408e-02,3.800215126949130912e-02,2.650967152470693356e-03,1.406449973700382196e-03
9.114554079601292491e-01,1.550113088998703904e-02,6.829690816346015159e-02,4.084009700466580128e-03,6.625432859570329304e-04
9.629772583645889172e-01,8.932877343057487457e-03,2.633439595789194287e-02,1.323777876838659780e-03,4.316904576229569257e-04
9.784599048141160438e-01,6.704492922799931351e-03,1.360524138039569120e-02,7.532169525008070889e-04,4.771439301876251359e-04
9.526897036511476902e-01,3.171764712451358853e-02,1.375366708994697068e-02,4.072659931603249471e-04,1.431716141231405238e-03
8.692012673561968494e-01,7.579806820357408437e-02,5.171447402063730769e-02,6.332848550840695402e-04,2.652905564507734501e-03
8.847982409706907081e-01,6.688614268476260338e-02,3.643699611897915219e-02,4.205058923610657372e-04,1.145811433320639144e-02
9.416312933940894636e-01,3.003965798171322893e-02,2.293883413680637348e-02,2.137356699294710278e-04,5.176478817461381554e-03
9.719115903698443137e-01,1.624192676585759290e-02,1.022926597899260527e-02,7.974630026914687297e-05,1.537470585036416646e-03
9.908008430851361625e-01,5.132366154391233490e-03,2.376805185576123542e-03,4.006665401863612882e-05,1.649918920877770524e-03
9.896147500498587712e-01,4.727258320894534710e-03,2.243676791586516825e-03,7.257875982173822419e-05,3.341736077838605885e-03
9.869194485895720348e-01,6.748586287932741880e-03,2.945950115661638384e-03,7.467623920611581327e-05,3.311338767627435616e-03
9.924677035672871961e-01,2.828892161913005524e-03,8.053042190782459548e-04,3.186329936124862963e-05,3.866236752360147164e-03
9.822362071285972718e-01,9.838472452098016158e-03,3.226264288394129279e-03,6.021523935665034337e-05,4.638840891553706706e-03
9.908101088037746251e-01,3.569363158310610590e-03,2.416750568178424076e-03,5.120516230137923372e-05,3.152572307434758827e-03
9.806108323424206352e-01,9.824466594398850033e-03,5.431925027470415474e-03,9.220059796314551584e-05,4.040575437746970859e-03
9.796023022840403272e-01,8.957398268644146955e-03,9.336965987567303130e-03,1.833253545805637740e-04,1.920008105167799991e-03
9.694915667304825346e-01,1.402981062590543879e-02,1.359412498989417441e-02,2.414395754397250893e-04,2.643058078277935128e-03
9.576924076866147884e-01,1.877425497850863934e-02,2.019850887712434928e-02,6.245399722192580263e-04,2.710288485533144873e-03
9.383195640087346190e-01,4.170616011149921865e-02,1.313852105769987982e-02,2.625684946367169183e-04,6.573186327429427281e-03
9.720884128887247178e-01,1.741197218162305119e-02,6.925928836227191257e-03,9.960014591203386104e-05,3.474085947512929682e-03
9.602388197211673138e-01,2.950425925298820473e-02,7.303518432957877178e-03,9.173891591167376977e-05,2.861663676974988621e-03
9.596664313166293203e-01,2.796437691869415459e-02,8.405838766524367095e-03,1.025121292395887816e-04,3.860840868912623208e-03
9.451857388737116006e-01,3.800996327444246259e-02,1.134790321749636066e-02,1.791440191878656022e-04,5.277250615161684436e-03
9.846169909493414085e-01,9.663533274964648465e-03,4.020069558465377488e-03,8.166260982915408517e-05,1.617743607399338337e-03
9.590802791413448602e-01,3.160193582117021283e-02,7.370837524412149865e-03,9.309593876946425321e-05,1.853851574303446706e-03
8.553612299102164584e-01,1.232293256043240082e-01,1.697257468816193438e-02,9.536794996917489445e-05,4.341501847328396897e-03
9.225148893390038296e-01,4.853614743749964933e-02,2.246889532961584418e-02,4.223914647154137624e-04,6.057676429165251633e-03
9.306538664919035142e-01,4.622155109916695204e-02,1.676466547104584620e-02,2.316114535813386150e-04,6.128305484302471948e-03
9.096436819634129423e-01,6.603788003834476505e-02,1.433711975461524762e-02,2.064933134047165428e-04,9.774824930222377958e-03
9.036252352849432068e-01,7.089425829849860250e-02,2.093401671335002115e-02,2.098925825079088134e-04,4.336597120700206101e-03
8.870887339996961218e-01,6.178103404536598731e-02,3.186625730604338014e-02,2.906553281702258179e-04,1.897331932072428978e-02
7.973189294809908123e-01,9.141219600928132683e-02,1.015392335079031982e-01,1.118945228635962689e-03,8.610695773188806190e-03
9.046440040189162035e-01,4.280201751210906819e-02,4.833180235597601265e-02,4.374567087657377446e-04,3.784719404233115054e-03
8.121854965839556684e-01,1.029347275097163561e-01,7.978204824797263672e-02,4.232906205395205873e-04,4.674437037815747965e-03
9.074513905213413834e-01,6.490697708426884649e-02,2.387405150372913162e-02,2.142805264133886705e-04,3.553300364247353755e-03
9.196336034160423889e-01,4.504779867238337121e-02,3.239032017332100361e-02,3.323390210505799709e-04,2.595938717202698597e-03
7.667477463394560822e-01,1.662107762482012974e-01,6.326965578157117687e-02,3.331223474313361283e-04,3.438699283340244418e-03
5.581114690493017561e-01,3.302707296194465902e-01,9.911005679323106610e-02,3.859832398937745033e-04,1.212176129812669520e-02
5.972892620978562661e-01,2.318746222447210514e-01,1.655619507211945340e-01,6.277463162295340848e-04,4.646418619998609126e-03
8.859599472571620948e-01,4.687454271301035036e-02,6.149111808627736458e-02,9.390422481633237247e-04,4.735349695386912791e-03
9.116904055506601656e-01,4.085769486873298828e-02,4.223561331557275367e-02,7.622476879163119900e-04,4.454038577117780222e-03
9.212821137359292756e-01,3.665615421977380661e-02,3.606358439286196094e-02,5.255446361478057328e-04,5.472603015287017675e-03
6.000848291474500940e-01,1.389152797536307715e-01,2.428543479461944543e-01,1.388606109377332623e-03,1.675693704334732526e-02
6.025000711200126924e-01,1.461009803170935095e-01,2.358740274949371329e-01,1.583396969666360597e-03,1.394152409829040214e-02
4.692040950570735003e-01,2.450534195087110123e-01,2.545697301330839268e-01,1.341780412732098381e-03,2.983097488839944397e-02
4.039400029661811553e-01,2.911113032844140913e-01,2.882441455183364365e-01,1.308087559392700008e-03,1.539646067167570014e-02
4.207631309850109469e-01,2.001811270599252179e-01,3.703340969656837567e-01,1.287947977051805137e-03,7.433697012328285489e-03
4.150023267290699480e-01,1.485191439452521744e-01,4.228845859603931334e-01,2.888058853040460089e-03,1.070588451224428403e-02
4.754360522063399430e-01,2.475213900073008344e-01,2.654073016579431843e-01,1.602523918567884745e-03,1.003273220984815875e-02
6.378850124298984792e-01,1.458582477647688558e-01,2.008113745889323065e-01,1.703125519267095029e-03,1.374223969713329711e-02
6.510102509922832681e-01,1.144955595599511655e-01,2.140308259812711555e-01,2.013286129963410675e-03,1.845007733653098586e-02
6.415446742179449213e-01,8.486843714474169575e-02,2.634190122137902712e-01,1.984800090562969122e-03,8.183076332960118743e-03
3.971135648356346470e-01,2.333775860295388693e-01,3.427381981884097262e-01,1.666802849663025048e-03,2.510384809675376624e-02
3.627729935139439310e-01,2.768963102949155153e-01,3.484881870289194272e-01,1.557221877115025702e-03,1.028528728510622048e-02
3.362914596161240000e-01,2.691978429713944299e-01,3.874212547337828605e-01,2.366884715899548498e-03,4.722557962799193293e-03
3.093298058507422676e-01,2.804768327269566153e-01,4.051142222239954571e-01,1.626147617376879750e-03,3.452991580928846567e-03
4.068685439747650734e-01,3.272559588149153709e-01,2.614169090649235416e-01,1.181087633910585634e-03,3.277500511485436068e-03
5.337463749386310852e-01,2.792033984417233716e-01,1.825162363074727123e-01,1.089794803575627963e-03,3.444195508597197065e-03
4.948694145288079493e-01,2.486363477938527411e-01,2.529018930249158914e-01,1.073466708203741011e-03,2.518877944219604075e-03
6.060370980496053717e-01,2.459803386827406346e-01,1.452818159444873303e-01,7.178553971940199608e-04,1.982891925972586449e-03
4.759280141149589416e-01,3.348053718597563400e-01,1.860500251637717262e-01,5.402080872654282028e-04,2.676380774247513229e-03
4.832080072000742854e-01,2.604114215358258599e-01,2.520740432709447920e-01,1.136016244650567058e-03,3.170511748504432469e-03
5.965712055234040356e-01,1.919935015491022190e-01,2.031710373105833356e-01,9.962853966871184491e-04,7.267970220223349438e-03
4.677957963214208759e-01,2.473768612179176318e-01,2.283696007079811241e-01,8.602023429399582389e-04,5.559753940974028474e-02
6.197543569877004277e-01,1.227891195548305725e-01,2.303932021105072891e-01,9.363696637331641801e-04,2.612695168322861847e-02
6.988137261319422588e-01,7.538455590200060508e-02,1.699513520078063944e-01,1.287018143917437445e-03,5.456334781433330727e-02
7.876865277240259200e-01,5.217250865617080458e-02,1.307818535710508212e-01,3.403249838763607732e-03,2.595586020998878404e-02
7.140312637527980177e-01,7.428277405572214498e-02,1.875281225266642593e-01,2.812241680412165025e-03,2.134559798440335138e-02
5.500555769352037938e-01,1.355140387593648243e-01,2.577932046778840802e-01,1.740021888860253212e-03,5.489715773868707877e-02
6.908839302023485063e-01,1.393782246208907782e-01,1.460002556630239645e-01,6.411876534474057624e-04,2.309640186028938738e-02
6.412848408857697580e-01,1.913530396588808136e-01,1.328550573144506308e-01,6.194702427772927388e-04,3.388759189812132894e-02
7.117003801864548729e-01,1.361204934962780555e-01,1.268361568387942062e-01,8.294852858814520061e-04,2.451348419259142056e-02
6.560730226741801063e-01,1.971527347704243593e-01,1.235470372579545728e-01,6.120887926760729993e-04,2.261511650476488722e-02
5.515866353398642952e-01,2.189920555005666625e-01,2.192810086857058527e-01,7.463724717738740109e-04,9.393928002089380058e-03
5.336293363532539358e-01,2.939189100648767483e-01,1.637845016185023872e-01,6.038554903534787801e-04,8.063396473013439633e-03
4.542511245477206527e-01,1.568554860424374864e-01,3.711446371024905155e-01,2.969629004090104663e-03,1.477912330326131354e-02
5.257699362056212911e-01,1.160176790323599327e-01,3.304854193329546108e-01,1.825508308272219809e-03,2.590145712079192086e-02
4.863947726098289959e-01,1.642220428617000849e-01,3.328728088970835941e-01,2.138674387460524733e-03,1.437170124392685155e-02
6.698388437349445113e-01,1.276597879505999289e-01,1.840975177443104627e-01,1.539571560282140556e-03,1.686427900986297787e-02
6.672320085684823043e-01,1.639014948607269428e-01,1.576806485656026546e-01,9.019099744433554337e-04,1.028393803074457470e-02
6.120291863763771545e-01,2.119765649484581238e-01,1.630375602585840689e-01,9.644972094063632671e-04,1.199219120717436200e-02
5.676142575667997292e-01,1.938817837106072417e-01,2.176539068709708591e-01,1.127972364946110747e-03,1.972207948667612995e-02
7.102136631089579488e-01,1.216077972604634599e-01,1.457630892865087735e-01,1.069977825916105640e-03,2.134547251815380187e-02
7.042813965215128924e-01,1.356663727424556598e-01,1.277943949154115577e-01,9.490979032878534612e-04,3.130873791733212314e-02
6.821190845709890205e-01,2.070158384562466314e-01,8.833164824050285246e-02,5.423423348913476369e-04,2.199108639737005003e-02
5.370154702315164119e-01,3.423259804320107902e-01,1.042102171432278679e-01,3.409390039850799083e-04,1.610739318925989705e-02
6.706416188496170383e-01,2.430126236373461868e-01,6.776644245032770186e-02,3.780837325871178999e-04,1.820123133012211541e-02
6.043437657522776618e-01,1.360972389882176559e-01,1.849154195296135450e-01,2.023844395704629123e-03,7.261973133418662962e-02
6.125871383731407160e-01,8.577479613586132257e-02,2.246210880085952599e-01,3.220161490915556066e-03,7.379681599148707472e-02
5.135364856799590205e-01,1.020414585136719260e-01,3.290064637430610284e-01,4.135405439813510248e-03,5.128018662349446977e-02
6.153443251299087757e-01,7.397605915392654885e-02,2.566853914008621063e-01,3.200237009016674433e-03,5.079398730628585656e-02
5.441632390137854935e-01,7.551480359769296991e-02,2.955390756760281068e-01,3.142350494857960950e-03,8.164053121763549525e-02
7.074216725542982198e-01,5.199024265302099046e-02,1.425572824347418333e-01,3.485877390288650429e-03,9.454492496765024012e-02
7.969683843377164401e-01,5.872125311492867872e-02,1.036265293453408343e-01,2.253544580402606304e-03,3.843028862161135262e-02
8.126948980732753292e-01,4.283325275538611698e-02,6.855329699701109836e-02,1.495707559535479564e-03,7.442284461479185820e-02
5.764273310051167831e-01,1.490794057267055550e-01,1.103896031452432369e-01,8.374798984976973820e-04,1.632661802244367855e-01
6.340284670788745025e-01,1.680761409331570089e-01,1.109645202737824798e-01,6.883100880125290425e-04,8.624256162617344179e-02
7.163988572860771065e-01,1.431978070398707281e-01,9.378575634502819836e-02,6.423993720578549975e-04,4.597517995696601134e-02
7.257731422370331531e-01,1.047121523860345960e-01,6.780741961710953780e-02,5.349394126447051985e-04,1.011723463471780882e-01
7.126539135300866690e-01,1.006150853136800333e-01,9.432268215552366830e-02,6.488219038093045793e-04,9.175949709690037204e-02
6.728003024143368593e-01,1.269105538636142172e-01,9.201787061807426005e-02,4.430746093744417015e-04,1.078281984946003053e-01
7.219579914447081803e-01,9.746226852111171401e-02,9.672170626557144435e-02,7.038101043060141556e-04,8.315422366430272327e-02
7.476696566337738270e-01,7.610019331168253742e-02,9.041921961384265238e-02,7.969648628544354118e-04,8.501396557784648977e-02
6.506007644418989599e-01,1.117200885541986682e-01,1.162218525597261964e-01,1.027630248796576520e-03,1.204296641953795655e-01
6.013176795199713931e-01,1.406558886014505905e-01,1.026197063345298394e-01,7.472249601387975695e-04,1.546595005839093429e-01
5.031626720002838615e-01,1.521968639203608586e-01,6.157249377065771023e-02,4.501529199252156431e-04,2.826178173887723966e-01
6.049554359136564141e-01,1.418172080585642092e-01,5.323843580100590805e-02,4.503707935006624340e-04,1.995385494332727327e-01
7.336875113877503463e-01,6.037818541676899520e-02,1.253596119835862777e-01,2.375335522239211197e-03,7.819935568965508121e-02
7.923628629345988994e-01,3.784118464280929878e-02,1.312695409506445809e-01,4.439456549415643667e-03,3.408695492253158849e-02
8.120350513185728980e-01,4.885451740034938567e-02,1.165862363530414114e-01,2.626252946471964965e-03,1.989794198156442581e-02
8.121260221285131475e-01,3.379305864683428834e-02,1.285865992484727660e-01,7.067912763571924419e-03,1.842640721260776354e-02
4.436117691103220739e-01,4.069073165253751095e-02,4.558578988651144637e-01,3.427996575359078951e-02,2.555963461843508561e-02
5.278238399831615135e-01,3.904301316109469455e-02,3.745045839374281371e-01,3.290100558860028362e-02,2.572755732971542322e-02
7.323518237456606572e-01,4.516791877902916891e-02,1.864450258937496441e-01,8.543167381115152406e-03,2.749206420044536525e-02
7.898252210333890355e-01,6.067475924416131094e-02,1.256792430707832642e-01,2.559452808396337972e-03,2.126132384327013639e-02
8.544791811554147687e-01,4.721606207720107501e-02,7.752711149964433557e-02,1.645919029349295374e-03,1.913172623839061101e-02
9.341779906327420946e-01,2.688653914336659387e-02,2.665466567750838373e-02,5.480416565476650638e-04,1.173276288983534678e-02
8.495474494883041849e-01,7.018069281572186791e-02,3.580743433662727376e-02,4.334961796516837319e-04,4.403092717969499942e-02
7.174770735456890147e-01,1.740662964648436450e-01,6.015971102493995748e-02,3.487936916492313973e-04,4.794812527287808934e-02
7.267402826774834734e-01,1.666027862761308986e-01,7.151934362957372560e-02,4.677966959769320424e-04,3.466979072083464786e-02
8.346884467316439959e-01,9.723005520498968768e-02,4.667994285956528211e-02,4.802624475648814410e-04,2.092129275623625523e-02
7.751252088093695258e-01,1.303648700046451947e-01,8.307708172888129960e-02,6.409289025637045743e-04,1.079191055454032516e-02
6.782792587872278345e-01,1.964677154645488588e-01,1.123678663132825079e-01,6.010616842623193968e-04,1.228409775067855134e-02
8.844025933583363752e-01,4.788568234268858470e-02,4.533991892952950187e-02,4.199911369703662940e-04,2.195181423247518152e-02
6.648980068490805140e-01,8.455376967505014163e-02,2.180903616425872438e-01,2.446577921054739983e-03,3.001128391222722402e-02
6.376426929393383958e-01,1.197456778116745973e-01,1.852633032670715496e-01,1.473706254072653515e-03,5.587461972784265457e-02
4.055230055940832745e-01,2.345471751394844762e-01,3.229819280122734337e-01,1.366196718453043012e-03,3.558169453570578927e-02
6.093899745787954014e-01,2.343198748371626838e-01,1.287826056273619069e-01,4.203863329166414352e-04,2.708715862376329109e-02
7.571871348314969108e-01,1.638976129674184490e-01,6.319761462977374622e-02,1.699289457943632003e-04,1.554770862551651395e-02
9.244851084461557233e-01,5.606436211230288180e-02,1.148339683950284733e-02,4.757752358411650151e-05,7.919555078454336774e-03
9.510772245445167083e-01,3.749443747664523569e-02,5.873809953606676064e-03,2.480438070692218610e-05,5.529723644524516500e-03
9.721508735900105114e-01,2.321802407511562583e-02,2.872311886777783804e-03,2.006143963956075890e-05,1.738729008456548885e-03
9.502561041528170271e-01,3.580537412927282948e-02,6.530970384374164966e-03,5.005496321198576321e-05,7.357496370324038623e-03
7.749064847830864355e-01,1.332088448518267965e-01,3.159799870689584261e-02,1.203734586217223396e-04,6.016629819956922226e-02
6.931497675688901294e-01,1.722934442674236288e-01,3.687933192161419599e-02,1.705090336455659646e-04,9.750694720842631447e-02
8.168649193380630447e-01,8.674024018494411181e-02,6.320572209671979080e-02,4.598261249829660186e-04,3.272929225529020575e-02
7.887255113357098946e-01,1.144781129496210831e-01,4.965240678325828078e-02,3.653218470331019642e-04,4.677864708437769886e-02
7.758839546396373299e-01,1.261976062158724488e-01,6.351662252372579365e-02,3.700221413732124689e-04,3.403179447939123220e-02
7.518163103485093757e-01,1.082436879138386765e-01,9.546628366657687603e-02,6.533438467754836302e-04,4.382037422429969908e-02
7.226301088171913634e-01,1.042272853074238670e-01,1.127487800569820370e-01,8.510825182951229327e-04,5.954274330010756594e-02
8.568830610661463121e-01,5.745157141522018451e-02,4.003172285326540847e-02,2.181271773292243099e-04,4.541551748803900751e-02
9.214998654048851545e-01,2.911955699019231486e-02,2.617120988724993061e-02,3.896751369745179083e-04,2.281969258069801998e-02
9.147031040276109026e-01,3.597047441384685490e-02,2.781945886872122520e-02,3.465066388103892493e-04,2.116045605101065860e-02
7.445936158857348053e-01,1.311418956263594726e-01,9.062277153677270047e-02,6.397715519361596697e-04,3.300194539919680536e-02
7.273267194385452106e-01,1.142232284841706857e-01,8.177135723790866784e-02,4.355996445392643556e-04,7.624309519483613018e-02
7.623828598778105148e-01,8.011655981402548976e-02,1.066792822357688908e-01,7.373736150519026806e-04,5.008392445734316523e-02
6.442016581399769848e-01,7.707737939580794340e-02,2.454861842156084717e-01,1.864843854966707166e-03,3.136993439363991443e-02
7.061706368715604532e-01,6.969705377666875201e-02,2.112277325737257627e-01,1.443615421073488883e-03,1.146096135697162628e-02
6.511496195919810326e-01,1.711660371070283793e-01,1.597738623821678416e-01,1.006541760941506974e-03,1.690393915788115237e-02
8.562942648772960963e-01,8.809718235682627296e-02,4.904062338717066205e-02,3.584638960204267460e-04,6.209465482686537391e-03
9.190004725547028519e-01,5.170295374623363333e-02,2.468222593640271093e-02,1.975771967333658677e-04,4.416770565927236047e-03
9.824073993661739390e-01,1.088243596615266415e-02,3.780373413816030554e-03,5.610770409339759575e-05,2.873683549763768937e-03
9.876902856863075675e-01,7.556762371883537707e-03,2.312966503438723502e-03,4.315797840020751161e-05,2.396827459970114326e-03
9.655701920992830756e-01,2.446764863069756865e-02,6.644622951873224541e-03,8.804962973433428264e-05,3.229486688411952171e-03
9.210168741088762268e-01,5.431808827335709439e-02,2.042496564969243505e-02,1.859188041705149867e-04,4.054153163903748656e-03
8.558913230201928846e-01,1.091922726859639037e-01,2.565294263425760973e-02,1.433580072282655176e-04,9.120103652357228197e-03
8.771798329748885514e-01,8.723365334216222344e-02,1.739312812918188123e-02,1.330413059176752003e-04,1.806034424784978484e-02
7.787171270588091332e-01,1.362382270151219765e-01,4.125132149329076986e-02,1.575295865995518128e-04,4.363579484617852861e-02
7.855406443419424845e-01,1.117081723546812233e-01,5.035020171678769585e-02,2.352377701141455881e-04,5.216574381647432618e-02
8.718457017684956289e-01,3.698248263171289435e-02,2.862460077910175191e-02,2.353785873775774394e-04,6.231183623331214977e-02
8.811231692065999432e-01,2.704016575228290753e-02,3.620732278122472392e-02,5.152130144745841172e-04,5.511412924541787134e-02
8.624915556717340781e-01,3.710616550568338751e-02,5.969548244569962414e-02,9.427253103581789868e-04,3.976407106652484619e-02
8.619451018982867696e-01,4.903675022221311297e-02,2.954819814708554981e-02,5.127032297890700288e-04,5.895724650262560568e-02
7.663310419798686768e-01,1.403100638192517069e-01,6.058541876209233568e-02,5.684007823758487239e-04,3.220507465641145317e-02
6.687850013715410658e-01,2.028848224464094852e-01,6.877935046534358610e-02,5.369344348594314292e-04,5.901389128184662825e-02
6.975780590696462058e-01,1.988943067158091271e-01,7.082816598562780008e-02,6.572572575349323572e-04,3.204221097138194863e-02
5.597245096348048010e-01,3.004117684960808110e-01,1.095416802542835133e-01,8.421910749426254027e-04,2.947985053988822976e-02
4.358290665797319718e-01,4.350859363632257892e-01,9.506892519941603781e-02,6.163855536872279040e-04,3.339968630393900378e-02
2.885184004816966352e-01,4.881050553645558399e-01,1.874742553658105271e-01,9.482931852761130372e-04,3.495399560266086725e-02
5.006623706207929958e-01,3.633152993795566998e-01,1.167747131836874702e-01,8.079491667468824412e-04,1.843966764921600721e-02
4.875703920775612543e-01,2.716663351566399043e-01,1.441530209939910212e-01,1.010427102509303286e-03,9.559982466929860256e-02
8.016209255882092988e-01,6.610296967975071158e-02,8.140857329759206007e-02,3.049734370408966212e-03,4.781779706403888747e-02
7.452083642611949665e-01,9.391155499456357858e-02,1.165871181491360542e-01,2.439342334688819787e-03,4.185362026041643257e-02
5.827446131903597504e-01,1.599966458480449050e-01,2.357431082394425559e-01,2.237609037035252681e-03,1.927802368511750616e-02
5.537916980166963654e-01,1.816724881120664326e-01,2.503805338468930719e-01,1.865057092372805845e-03,1.229022293197134380e-02
6.231962733018596712e-01,8.072394647758353303e-02,2.615420529886227641e-01,2.482141250705449664e-03,3.205558598122864450e-02
7.695031866874245674e-01,5.450466642515824911e-02,1.570561317290782022e-01,2.491852630572831493e-03,1.644416252776607912e-02
8.074066130386742257e-01,4.842875274781540534e-02,9.974372066276418480e-02,1.959181398928820043e-03,4.246173215181738014e-02
8.218473263498240478e-01,5.814081254888442407e-02,9.717224628402451603e-02,1.012056964210008170e-03,2.182755785305692808e-02
8.265240081615539136e-01,6.760242532608889965e-02,9.613916968286559395e-02,7.998927270687588957e-04,8.934504102422989591e-03
7.424631751361652210e-01,7.741102417146729364e-02,1.659267160067654512e-01,1.961597813885799721e-03,1.223748687171624140e-02
7.978187911135490307e-01,5.497851057516796314e-02,1.252761582170592858e-01,2.410281976818783208e-03,1.951625811740477154e-02
7.142831935757260053e-01,5.629659580820357834e-02,2.034279612297878737e-01,5.434029632476321259e-03,2.055821975380620406e-02
6.860315970550804332e-01,3.305143652649588509e-02,2.387075359392430984e-01,7.515983511696453824e-03,3.469344696748407481e-02
6.556050326964681929e-01,8.467272542687487302e-02,2.270325255062621284e-01,3.785646754202168750e-03,2.890406961619269161e-02
7.836305466258193242e-01,7.898136193064038413e-02,1.285228068697652493e-01,1.121372892664129501e-03,7.743911681111022641e-03
8.168603132804478362e-01,6.944640573315224996e-02,1.031270241905634655e-01,7.974981977542337785e-04,9.768758598082407166e-03
8.998507598961125176e-01,4.384850700745901442e-02,5.233490712403632977e-02,3.910834953810072342e-04,3.574742477011229672e-03
8.189952351564052657e-01,8.169297898665443813e-02,8.652887562812333622e-02,5.548429509280964093e-04,1.222806727788880790e-02
7.340771533013410455e-01,9.554180378081710001e-02,1.463442117038138701e-01,2.076535232777030303e-03,2.196029598125118568e-02
6.038138509410165833e-01,1.324503050898117318e-01,1.582982079557812283e-01,2.081704241345733522e-03,1.033559317720447457e-01
8.493712374160322653e-01,6.157817182248438020e-02,4.785256952807517838e-02,5.487272434748409217e-04,4.064929398993322868e-02
8.033410475413337304e-01,9.951625974532068986e-02,5.873803732049123066e-02,4.504046281694953219e-04,3.795425076468478959e-02
8.818481717786407215e-01,8.123152192640716029e-02,2.803999283707875323e-02,1.752388415956720904e-04,8.705074616277723443e-03
7.458985593723681529e-01,1.509478688453655404e-01,9.763877338978972642e-02,4.107561284644150722e-04,5.104042264012246567e-03
7.426413510488915071e-01,1.256512441775959055e-01,1.276006937550310250e-01,8.499900184071836669e-04,3.256721000074404206e-03
8.768619526627243754e-01,6.600709346118265042e-02,5.173130715276955116e-02,4.775958561175029367e-04,4.922050867205897233e-03
8.946407321499580956e-01,6.454464439411142229e-02,3.507784695010342235e-02,5.101079249989919941e-04,5.226668580827959799e-03
9.340810856814659724e-01,2.622888030763988187e-02,2.804510743387361033e-02,7.171564859684595276e-04,1.092777009105223851e-02
8.612402663966691740e-01,7.617108636641675701e-02,4.807622148030673420e-02,5.544901547054592031e-04,1.395793560190190449e-02
8.547044366858795872e-01,3.362226448880303170e-02,1.005075907271337637e-01,2.027909620985015194e-03,9.137798477198632099e-03
7.901427471050801454e-01,6.156734621445587169e-02,1.385861408003129513e-01,2.681764607023053894e-03,7.022001273127993250e-03
7.861819570541798141e-01,3.621136170914668329e-02,1.268278821632145559e-01,3.562439420144037760e-03,4.721635965331503343e-02
7.857960393086738105e-01,6.095710754507760454e-02,1.344803588903304425e-01,1.544752633935713316e-03,1.722174162198245387e-02
8.582256705715560763e-01,7.080024769910706062e-02,6.356422928945740236e-02,6.137813472124484466e-04,6.796071092667083091e-03
8.854014487375297948e-01,5.410586872074035075e-02,5.504785906705148002e-02,7.524511993376193373e-04,4.692372275340686225e-03
9.279365534092198775e-01,3.352982774504358054e-02,3.426806216226228191e-02,5.818616196791612065e-04,3.683695063794949643e-03
9.246032562067757476e-01,2.398391093334296953e-02,4.290355833238940902e-02,1.021271932730795405e-03,7.488002594761339684e-03
8.964351381238601091e-01,3.886554461418408046e-02,5.378415587066355530e-02,1.598454503780268390e-03,9.316706887512014520e-03
9.319280483816206884e-01,3.240950575973578635e-02,3.029574034150882972e-02,7.928162200035774286e-04,4.573889297130949438e-03
9.504148081003180870e-01,3.164024207887580070e-02,1.617832059085850052e-02,3.245554965702931029e-04,1.442073733377208450e-03
9.338703915532243771e-01,3.242750333206811247e-02,2.896342204304888299e-02,1.023254533785574903e-03,3.715428537872992459e-03
8.509701597947774143e-01,8.733628941252050137e-02,4.995809599789780009e-02,1.162675105807319236e-03,1.057277968899690383e-02
8.527706251821672856e-01,8.721519734589332218e-02,3.860367885353685469e-02,7.779828087402605036e-04,2.063251580966228224e-02
7.744670778301908642e-01,1.601971930672760058e-01,3.720102107433562177e-02,4.337448055206351793e-04,2.770096322267695185e-02
8.191447727449158167e-01,7.716990106470765498e-02,5.844574410776388895e-02,6.408570240518910062e-04,4.459872505856064817e-02
7.545483747353850523e-01,1.198572155419070639e-01,7.345128386739943616e-02,5.791544409439380653e-04,5.156397141436457748e-02
8.776554736911104104e-01,5.188258080909672471e-02,2.873646729174491460e-02,2.539737189381506056e-04,4.147150448910968262e-02
8.336957108081745060e-01,6.062166100772052590e-02,5.485219237282593086e-02,8.535741905551857359e-04,4.997686162072407373e-02
7.513939923809802579e-01,1.126288496181225979e-01,8.196031561825822820e-02,1.081682666173466260e-03,5.293515971646545193e-02
7.851058046863362838e-01,8.554100647746627761e-02,7.951302049640135428e-02,1.234240668059907037e-03,4.860592767173601420e-02
8.855575710209216966e-01,3.464082066205610710e-02,3.649534364422067634e-02,1.060847510022894756e-03,4.224541716277881859e-02
7.952819336989676025e-01,9.550223741512665898e-02,5.492187759011563780e-02,9.309805888431535795e-04,5.336297070694683009e-02
6.798735576296841554e-01,1.778838503325825826e-01,1.216474557000986334e-01,1.232729992202018579e-03,1.936240634543262215e-02
7.698394342174128546e-01,1.280361954696810078e-01,8.521840408937128575e-02,8.238755676847605907e-04,1.608209065584999611e-02
6.493427366374454612e-01,1.572519816613748844e-01,1.647255882494693124e-01,1.671902487049760615e-03,2.700779096466050452e-02
7.110815318651760863e-01,1.354978580554467571e-01,1.382949264515360710e-01,1.674214037836919185e-03,1.345146959000415379e-02
7.640983560056343604e-01,1.233341899529760283e-01,9.281144999527390915e-02,9.821122674976061426e-04,1.877389177861815694e-02
7.218182504448503733e-01,1.319529351488609448e-01,1.002353797337199176e-01,7.313233831166918858e-04,4.526211128945218515e-02
7.037709479654485900e-01,1.666630790541901996e-01,9.638932113953635472e-02,7.703759829392653642e-04,3.240627585788568438e-02
6.977630357241594306e-01,1.338441352969429177e-01,1.140846606572982480e-01,8.193570117688379071e-04,5.348881130983054732e-02
8.027005906606872188e-01,9.131562412734139933e-02,6.332767585369719621e-02,6.435922612593870766e-04,4.201251709701486065e-02
8.467779648780416890e-01,7.271155623849615002e-02,5.342703964831886643e-02,7.024547556934618341e-04,2.638098447944987185e-02
8.680832061215933981e-01,6.192452039819592441e-02,4.285798422311269673e-02,5.082735933002721423e-04,2.662601566379766208e-02
8.975676626630534338e-01,3.512855876101125818e-02,3.835427990372831941e-02,8.231861554366345403e-04,2.812631251677022437e-02
8.834316998556980272e-01,5.744931041131390304e-02,3.302185128709410333e-02,4.504172566160899709e-04,2.564672118927803154e-02
9.015252956217734148e-01,3.609868459592846524e-02,4.115703195580065060e-02,6.161380953994847684e-04,2.060284973109806003e-02
8.728021831996547464e-01,4.174043618032639846e-02,5.902567750463993956e-02,8.045423393636802738e-04,2.562716077601534526e-02
8.622770973446007847e-01,5.379062864001601246e-02,5.783493962442820546e-02,8.356292270084723006e-04,2.526170516394639354e-02
8.964779116889851629e-01,3.732579402488336862e-02,5.733593364986957347e-02,1.158799858833368425e-03,7.701560777428431183e-03
8.731755468355775207e-01,4.288405820428793647e-02,6.669548799844657316e-02,1.578200909055621232e-03,1.566670605263226213e-02
8.392927906569198626e-01,4.560137265316122068e-02,9.277616971401955737e-02,1.746312578355841381e-03,2.058335439754348933e-02
8.722799989098618534e-01,2.719500635758014331e-02,7.412777761126063125e-02,2.169321053374466835e-03,2.422789606792299932e-02
9.044860803731630261e-01,2.547896091564878784e-02,4.439470587308730343e-02,1.470809404613650315e-03,2.416944343348736979e-02
8.722065236017682022e-01,3.958506417016970091e-02,3.098993039912935343e-02,9.889904969091387575e-04,5.622949133202342908e-02
8.495071492796429924e-01,4.262211545349090663e-02,4.644468726076685094e-02,1.602579318653089401e-03,5.982346868744615326e-02
7.895394536030413413e-01,4.215927818622282330e-02,8.856673847571983060e-02,4.564917807375698348e-03,7.516961192764036459e-02
9.826278864572342009e-01,6.578392612419661604e-03,4.460147974486366844e-03,2.659138669074699091e-04,6.067659088952202795e-03
9.845640329964401305e-01,4.581260391565806014e-03,6.896864351906841287e-03,7.932999207961080037e-04,3.164542339291185648e-03
9.597465096657884498e-01,2.262866997020750517e-02,1.257709362077046034e-02,5.530414595518198763e-04,4.494685283681880070e-03
9.072337524519797913e-01,4.304918694803009510e-02,3.745497153885121028e-02,1.293132797101789310e-03,1.096895626403713089e-02
8.938818328100374133e-01,5.399933960114367687e-02,4.254888221715304869e-02,8.891449393544613184e-04,8.680800432311435583e-03
7.762210609730988420e-01,1.230673171441176439e-01,7.638747207623597379e-02,9.196078756501216596e-04,2.340454193089745033e-02
7.468860387157506553e-01,1.340523838899081721e-01,8.652458047711711342e-02,1.020440704635826746e-03,3.151655621258814266e-02
8.897053450943063213e-01,5.762370567222629969e-02,3.130127953752005754e-02,6.044003369141352083e-04,2.076526935903333371e-02
7.477699159444400889e-01,8.123142864959397025e-02,1.393965398630567509e-01,2.194790325935956892e-03,2.940732521697320134e-02
7.461201572017172046e-01,6.311836731974636294e-02,1.405312120846433088e-01,3.016316125585848367e-03,4.721394726830731997e-02
6.921018105357616967e-01,7.229392673580348205e-02,1.941272994221789894e-01,3.002649840922671804e-03,3.847431346533319169e-02
6.363561856562676144e-01,1.273116048376544129e-01,1.974663351735632677e-01,2.415459946799415787e-03,3.645041438571536979e-02
8.368997324528238968e-01,6.761535217738924575e-02,8.690310206827948913e-02,1.303153815327238486e-03,7.278659486180184476e-03
8.065188211673749441e-01,1.035109197513718465e-01,7.393220076768565463e-02,7.092682118792049224e-04,1.532879010168828986e-02
8.224488963428021604e-01,8.955785189376394562e-02,4.703573075597893005e-02,5.964909205240152791e-04,4.036103008693100319e-02
7.791114166944280717e-01,1.162595341187331738e-01,4.941594461070160371e-02,4.538708221335391877e-04,5.475923375400357229e-02
8.072570085714895205e-01,6.137352273475882303e-02,5.570988926686346737e-02,5.226305622400252097e-04,7.513694886464815370e-02
7.057632172073784460e-01,1.402349224738758393e-01,9.505141754314842817e-02,6.870167413364947247e-04,5.826342603426091366e-02
8.524631900023091902e-01,4.354169847067178301e-02,3.477724868933091545e-02,4.630141877309438907e-04,6.875484864995737300e-02
7.900113528133928531e-01,5.053186891092501659e-02,9.899557541077967648e-02,1.400571133443416884e-03,5.906063173145896517e-02
7.598013775581334839e-01,5.010714377362050082e-02,1.039176047670756775e-01,1.514797308232690041e-03,8.465907659293755994e-02
8.180910058669819129e-01,5.071177933290898360e-02,8.017713292412886883e-02,1.333408132491606130e-03,4.968667374348857690e-02
7.866578342277366076e-01,5.810226743420214557e-02,8.947102983458266046e-02,1.284795476928377467e-03,6.448407302655019546e-02
8.150225792649988810e-01,6.594174430479313176e-02,8.341132959250842360e-02,8.900935871342767480e-04,3.473425325056529039e-02
7.872630846298480645e-01,6.018570583166615168e-02,1.299868193164561703e-01,2.389078223180832964e-03,2.017531199884867177e-02
8.154609403923599453e-01,7.902295669886716389e-02,7.472018958294651680e-02,7.868382501607835717e-04,3.000907507566562965e-02
8.425099147467260963e-01,7.374350547564335889e-02,5.319393491367933186e-02,7.136931297112038535e-04,2.983895173424001498e-02
8.866301038923626310e-01,2.689077577994111040e-02,7.568250789430902570e-02,2.075586844687975739e-03,8.721025588699160905e-03
9.005774529114766169e-01,4.427702574156623661e-02,4.577369206512943434e-02,8.444073389125700269e-04,8.527421942915168127e-03
9.014005493244433564e-01,6.042908866781141614e-02,3.205453439351728384e-02,3.908691095910553749e-04,5.724958504636887442e-03
8.585431440955887394e-01,6.537201426066108212e-02,6.810676088993634913e-02,1.264060784168724322e-03,6.714019969645057713e-03
9.209010917676536678e-01,2.597278448299641246e-02,4.186004550158940740e-02,1.241456872244733412e-03,1.002462137551601677e-02
8.628923017144184415e-01,2.066420492891117913e-02,6.837321887197497783e-02,2.376678179731106424e-03,4.569359630496426516e-02
7.261190429922121936e-01,6.507794676292355529e-02,9.248960768786265718e-02,2.225423511383785823e-03,1.140879790456178627e-01
6.278006760984121692e-01,7.939288386832994704e-02,2.157371487062428594e-01,4.997845557496894894e-03,7.207144576951804438e-02
6.545232831797541673e-01,7.525233153847724066e-02,2.295720917105159575e-01,5.487150012026615481e-03,3.516514355922600171e-02
7.908413489331029833e-01,7.141622586361040526e-02,1.216376497081872177e-01,1.659768368564117427e-03,1.444500712653536308e-02
7.912218439087642663e-01,7.637241801673602670e-02,1.230234871765196608e-01,1.554847216475105029e-03,7.827403681504817995e-03
9.395765233496288227e-01,2.556966107405071048e-02,3.199460734374073856e-02,7.575367373562641058e-04,2.101671495223611519e-03
7.836836403640100590e-01,4.523203224749940132e-02,1.624480863132403141e-01,4.550915369227923404e-03,4.085325706022202401e-03
6.032491152069885398e-01,1.374210852043656894e-01,2.441905240260144605e-01,3.146549448542628174e-03,1.199272611408859317e-02
7.973994974114972933e-01,5.026657354474405037e-02,1.318919776447512737e-01,1.558619554009925412e-03,1.888333184499732531e-02
9.277888516658610030e-01,2.839465960873516909e-02,3.047240201254548114e-02,4.007159470828851539e-04,1.294337076577541969e-02
9.114486164241072386e-01,2.554984883685812447e-02,3.290952531121363323e-02,5.161067549553700375e-04,2.957590267286565669e-02
9.195032872523651868e-01,2.766375640257658780e-02,4.365891250642034427e-02,5.607642597090294013e-04,8.613279578928888930e-03
6.478282579413574549e-01,7.366901009811893664e-02,2.505780733577265829e-01,3.512512776836335896e-03,2.441214582596069188e-02
5.577507618967905145e-01,1.185647662236307270e-01,2.785792748004181085e-01,2.258635948456967201e-03,4.284656113070360595e-02
4.246882602441867105e-01,1.611247233758825725e-01,3.484371527707157412e-01,1.581893235561199250e-03,6.416797037365364054e-02
7.090140736877519334e-01,7.875848321161220411e-02,1.602735729067599202e-01,7.922110596010077449e-04,5.116165913427490886e-02
8.323158807855408625e-01,4.333726093243456950e-02,1.147526548658551332e-01,9.757064799484896009e-04,8.618496936220923499e-03
8.244713873010243166e-01,6.282532699370468876e-02,1.021523196943067979e-01,7.197113629427927305e-04,9.831254648021366810e-03
7.271009452944676710e-01,1.198044727939177184e-01,1.000362609494984956e-01,3.817338692540276843e-04,5.267658709286210383e-02
9.091942657392171334e-01,5.418946560345837271e-02,2.109065310814767918e-02,8.572572636957353543e-05,1.543988982280716793e-02
9.494216682445785205e-01,2.790113660883466323e-02,1.538191934207420661e-02,8.820763622733912741e-05,7.207068168285095562e-03
9.561125966584574920e-01,2.188640990818287169e-02,1.697329120553255424e-02,1.313706117331701255e-04,4.896331616093924435e-03
9.749106882825238074e-01,1.581072171762998996e-02,7.754760899944235751e-03,7.483905037745465559e-05,1.448990049524469421e-03
9.949981441855730857e-01,3.526406345804768659e-03,1.228873510092437157e-03,1.429166854680512931e-05,2.322842899827769680e-04
9.878045897484372118e-01,7.496224600139793012e-03,4.035962255570490695e-03,7.218874777563667982e-05,5.910346480767963767e-04
9.907674402252231172e-01,5.476572823251183234e-03,1.982613050813456998e-03,5.748914142396882685e-05,1.715884759288236220e-03
