9.096491870770843091e-01,2.415819644177592124e-02,3.229884428696100374e-02,2.521015892589059323e-02,8.683613268288174411e-03
9.870259218667400969e-01,8.695864306207026079e-03,2.616947428165936843e-03,4.448645475803944408e-04,1.216401851306552796e-03
9.936392391134926116e-01,4.766398679933757550e-03,8.759466206227704659e-04,9.525196210290271730e-05,6.231636238479836172e-04
9.959030654812349725e-01,3.166978746927389277e-03,5.337929785347602209e-04,4.461576277761744190e-05,3.515470305251927391e-04
9.921206927835451994e-01,6.456726957212481459e-03,9.612677966887514525e-04,6.119441527480016737e-05,4.001180472788761064e-04
9.782999091251737278e-01,1.830322289072063360e-02,2.706139087725147226e-03,8.558595096918125114e-05,6.051429454112736009e-04
9.320140611683619403e-01,5.648287116527127283e-02,1.023173817999608291e-02,1.593227134616333771e-04,1.112006772909134500e-03
9.475095694845319105e-01,4.218856090915604901e-02,9.164296138735959080e-03,1.400426876127427306e-04,9.975307799633778994e-04
9.640511444197440438e-01,2.776007468098705064e-02,7.259075027395837584e-03,1.504240804746933375e-04,7.792817913984082271e-04
9.901905628061387077e-01,7.017806733055556058e-03,2.427923760560051804e-03,1.176992142158703289e-04,2.460074860297557938e-04
9.918591470293562917e-01,5.894980970784204945e-03,1.912137359627207522e-03,1.343843308943924318e-04,1.993503093376726854e-04
9.864857199863421577e-01,1.016559161642512782e-02,2.895125980931860608e-03,2.185056480516206088e-04,2.350567682492813912e-04
9.797806076007060661e-01,1.643214408017638212e-02,3.351491074087791736e-03,1.611429962427299366e-04,2.746142487868617819e-04
9.838346535216077049e-01,1.251792295249812975e-02,3.043503751811567348e-03,1.615396942516812218e-04,4.423800798311023708e-04
9.903221765745902072e-01,7.288347434938903177e-03,1.738579866547094576e-03,8.474981921819248025e-05,5.661463047057398168e-04
9.930504448098060877e-01,5.317107926941505060e-03,1.144277766011972137e-03,6.572542227231734471e-05,4.224440749681213471e-04
9.954266919838652417e-01,3.389723946212212183e-03,6.888049419918971378e-04,4.782021058300511433e-05,4.469589173474845540e-04
9.932537767682848573e-01,5.524587761550765232e-03,8.012818107409604108e-04,3.103375801960093128e-05,3.893199014038492447e-04
9.965301133627025854e-01,2.381710740019327491e-03,6.380162333497552477e-04,3.763244157750120320e-05,4.125272223507984071e-04
9.893170447634846987e-01,8.671462364141083179e-03,1.360374038680238614e-03,4.221441341841006007e-05,6.089044202754508982e-04
9.932228580315949351e-01,5.356085215856332821e-03,8.594196028697182778e-04,3.280570064572400365e-05,5.288314490333752673e-04
9.870684588749581989e-01,1.018631765508045198e-02,1.967802351385776211e-03,4.330885414962869082e-05,7.341122644258582519e-04
9.863968941836099846e-01,7.303655875668437110e-03,3.148401327936324254e-03,1.015177284866698292e-04,3.049530884298689345e-03
9.863054923856445777e-01,9.830554064188212066e-03,2.087586698222489157e-03,4.578923222485908483e-05,1.730577619719879216e-03
9.868753377051119324e-01,9.678328936928215498e-03,2.018896863941536425e-03,4.143375648615003616e-05,1.386002737532225941e-03
9.623413391951551876e-01,2.697852700254503924e-02,7.327979285637957821e-03,8.244701272287241641e-05,3.269707503939152295e-03
8.944756555147883592e-01,7.395368614182044886e-02,2.104827124065917696e-02,1.462668308656728245e-04,1.037612027186632195e-02
9.593025013978935256e-01,2.471712201597270342e-02,6.555858716586757291e-03,6.836726358368529189e-05,9.356150605963391154e-03
9.150496912186840692e-01,2.014916633997694898e-02,5.969660217717530533e-03,9.207634146401842820e-05,5.873940588215762620e-02
8.848660588902851343e-01,1.803565392172943108e-02,8.058441693168888129e-03,1.512130243715156060e-04,8.888863247044517801e-02
8.737283846208477867e-01,1.155166908069401970e-02,6.884408580240477908e-03,1.499776717121241052e-04,1.076855600465055074e-01
9.241789907702315787e-01,1.337824985370136832e-02,4.124817392419236235e-03,7.482256891232165388e-05,5.824311941473536008e-02
9.048662175102369920e-01,7.506480991079340394e-03,2.837983378758326004e-03,9.235270346972375649e-05,8.469696541645548027e-02
8.537551310331662480e-01,2.002860096307496410e-02,1.118420359025358926e-02,2.488054355741666336e-04,1.147832589779311241e-01
8.734243561427026403e-01,1.128240669605763517e-02,6.697465235757611018e-03,1.909051279636964722e-04,1.084048667975185259e-01
8.279021905209753562e-01,8.045874654804378856e-03,5.639213615810887217e-03,1.851067246707069455e-04,1.582276144837387877e-01
8.272725858799332421e-01,5.329294329120827858e-03,4.216167483914802158e-03,1.511813000832276503e-04,1.630307710069477944e-01
8.173643240275548782e-01,3.062625586136398341e-03,2.077953843553725574e-03,1.041279478842025130e-04,1.773909685948708570e-01
8.404986880737578270e-01,9.245123211794124829e-03,4.974487046791536450e-03,2.233615624034285339e-04,1.450583401052531196e-01
8.166053488866658050e-01,7.078415507294436720e-03,3.416288761534437037e-03,1.208418108181406869e-04,1.727791050336872081e-01
8.620847374633204829e-01,1.364392979659168927e-02,5.752849133536070206e-03,1.877919061831806089e-04,1.183306917003685288e-01
7.832757858337920931e-01,2.939953274932446611e-02,1.080394915433988134e-02,3.333495844963182443e-04,1.761873826780471775e-01
7.364518916026582263e-01,2.817296458301500953e-02,3.072107864428536006e-02,1.109233608942782534e-03,2.035448315610986769e-01
9.127808323544731595e-01,2.380309477624685879e-02,1.203406155151444216e-02,4.012374815411690076e-04,5.098077383622428432e-02
8.401628249331908327e-01,2.814804076402156047e-02,1.118315137568598981e-02,4.392398562736454272e-04,1.200667430708279720e-01
9.096180622619836065e-01,3.984319274135986189e-02,9.813321821477077184e-03,2.086838577919041655e-04,4.051673931738761225e-02
9.333760664215534630e-01,4.121893384086251083e-02,1.043734617095346678e-02,1.925307494761319279e-04,1.477512281715441175e-02
9.225213728012932046e-01,5.003933320089468811e-02,1.324716419899217394e-02,2.011225615878746496e-04,1.399100723723220238e-02
9.034475302602928970e-01,5.392259325041923179e-02,1.664802259793882883e-02,2.834549642558332073e-04,2.569839892709323975e-02
8.802111990902887761e-01,5.147218394270471065e-02,2.211624279660682341e-02,4.342552837774434201e-04,4.576611888662212441e-02
9.204719814620315743e-01,3.232207140247306265e-02,1.952274355257826305e-02,3.418278534643283493e-04,2.734137572945286379e-02
7.415557346508840908e-01,6.152005554604929316e-02,1.171449223321886224e-01,2.541332785204474237e-03,7.723795468567346001e-02
8.680639430786867283e-01,4.087039080847530703e-02,4.738365789348574636e-02,1.176243338170291025e-03,4.250576488118198298e-02
8.289402629642113052e-01,7.928690521765592580e-02,6.517914510706909748e-02,1.260213896385486282e-03,2.533347281467800485e-02
8.264182093301003507e-01,7.520419912804462981e-02,5.283366186680715781e-02,7.822709867304734280e-04,4.476165868831735034e-02
9.483475178250836413e-01,2.474792843367333919e-02,1.306223951973340194e-02,3.006589776748802155e-04,1.354165524383468128e-02
9.195342467635565509e-01,2.304326580897804802e-02,7.108689843806574593e-03,1.765173909564390475e-04,5.013728019270232567e-02
9.732781586659341455e-01,1.209511679688106932e-02,3.476326984569750450e-03,1.230145944140656694e-04,1.102738295820104679e-02
9.593847284800078867e-01,2.705899382221896646e-02,6.251507009631717196e-03,1.460052252009152302e-04,7.158765462940578327e-03
9.880985328500916376e-01,8.089864688234343210e-03,2.263172841101674347e-03,8.041378789604473019e-05,1.468015832676151369e-03
9.596858537432838565e-01,2.999024331094188311e-02,7.347630625027641582e-03,1.898890402360848607e-04,2.786383280510472838e-03
9.521816137322690610e-01,3.557053902135925982e-02,9.934929075890537239e-03,2.050789680408003288e-04,2.107839202440217607e-03
9.145804348276572737e-01,6.512346839451260694e-02,1.542213278163162907e-02,3.070921537094139240e-04,4.566871842489050003e-03
9.219341524612156835e-01,5.719949216664931696e-02,1.722511948967542228e-02,2.835378044098504089e-04,3.357698078049695285e-03
8.574419594005253664e-01,9.622294494346110560e-02,3.108269987667135192e-02,5.318722874046058306e-04,1.472052349193763918e-02
7.733452302583743165e-01,7.479010166694120831e-02,7.250393466734084136e-02,1.373289314474987911e-03,7.798744409286864632e-02
7.749533321028033717e-01,2.341610489052330796e-02,4.970041426202617685e-02,1.449829892002259951e-03,1.504803188526448177e-01
7.373519187772779038e-01,2.801228368407930255e-02,6.240321407258524189e-02,1.980217104497544560e-03,1.702523663615600202e-01
6.748920787885717143e-01,2.283373003538944832e-02,7.936624705217654174e-02,3.055460824257557467e-03,2.198524832996046896e-01
5.769669895508735546e-01,5.624798422034039264e-02,1.024495615728953646e-01,2.792991477174631282e-03,2.615424731787160950e-01
5.533168594313626620e-01,9.711997730424605513e-02,1.008856872607166721e-01,1.301937473943619349e-03,2.473755385297310150e-01
7.213575142927427519e-01,3.981712524305396073e-02,3.883598699083639499e-02,7.697931291882774332e-04,1.992195803441786095e-01
6.723285650595740570e-01,2.944473060570812831e-02,6.046433596236966412e-02,1.650944431549224850e-03,2.361114239407991200e-01
6.998310514853375297e-01,1.595186658784512532e-02,4.259274289054047063e-02,1.634719755786464852e-03,2.399896192804904793e-01
7.397386718298972763e-01,2.166367634654077501e-02,1.650235646518057389e-02,4.236183112652967494e-04,2.216716770471161002e-01
8.392570533711586345e-01,2.939060048169180386e-02,9.744013393802373676e-03,1.810940296286657296e-04,1.214272387237187167e-01
8.814443506910013548e-01,4.632737707229270252e-02,9.957940319702899765e-03,1.391745612108736911e-04,6.213115735579213816e-02
8.997034957353353679e-01,4.547253319587292453e-02,8.467170782920151878e-03,1.486463026759734770e-04,4.620815398319556844e-02
7.664354693579196187e-01,9.267783674618432221e-02,2.427845970772440909e-02,3.467844003637342905e-04,1.162614497878078912e-01
7.528318688286212979e-01,1.065088206603780757e-01,3.799273329616635608e-02,4.735723507601074947e-04,1.021930048640741495e-01
7.205198527924596696e-01,1.143499895340617939e-01,4.949029029872756280e-02,6.703889154420910072e-04,1.149694784593089381e-01
7.283115961032263774e-01,1.055142871316758907e-01,4.901277381678777190e-02,5.008420314344163085e-04,1.166605009168754786e-01
8.324814233264969943e-01,5.399678104275011659e-02,3.556674896443501321e-02,9.375608288752175284e-04,7.701748583744275067e-02
6.825908534801308214e-01,8.570649380322734046e-02,4.577146725021827983e-02,1.029642617548701513e-03,1.849015428488748891e-01
6.125972168513039717e-01,6.295641359878910437e-02,3.867497855638356297e-02,1.016889999035707880e-03,2.847545009944875694e-01
5.584602066661220610e-01,9.057893958879348340e-02,6.103128769773788487e-02,1.117540862226838305e-03,2.888120251851199471e-01
4.948764903420055927e-01,7.935972916599517979e-02,9.477237944703273409e-02,2.029545508067969427e-03,3.289618555368986064e-01
6.115813799452461952e-01,2.057402646333233998e-02,4.620175975545420810e-02,1.789630935594215769e-03,3.198532029003728905e-01
6.552899929612655550e-01,2.637080373516228343e-02,2.733544462254322571e-02,9.707181504672858464e-04,2.900330405305615589e-01
6.779031540127591349e-01,4.093221956703817221e-02,3.393722458323240876e-02,9.995881404001780678e-04,2.462278136965701525e-01
6.010528105098954521e-01,4.446308780892344048e-02,6.196522803285987868e-02,1.865906137655874188e-03,2.906529675106653277e-01
6.694697968352398831e-01,4.544481189422985845e-02,4.422931263563056881e-02,9.594324457181553894e-04,2.398966461891814672e-01
6.549303254273334263e-01,5.113695483261821578e-02,5.137944545550929276e-02,1.096308188846936834e-03,2.414569660956920050e-01
5.745282322579662315e-01,5.351694853901468180e-02,9.480455061841341902e-02,2.845259297191446088e-03,2.743050092874141921e-01
6.960419123580143808e-01,6.105060780399799297e-02,6.565649955226260381e-02,1.267684354105206787e-03,1.759832959316197931e-01
6.803046086410885485e-01,6.465648995359674078e-02,7.279717135734059541e-02,1.401021436334239263e-03,1.808407086116398388e-01
6.328822966455719401e-01,1.020087091532681928e-01,9.568640059616084770e-02,1.381847947115720553e-03,1.680407456578832948e-01
5.169917135098794914e-01,1.495852728578967450e-01,1.442961510339964004e-01,1.781664777712763624e-03,1.873451978205145085e-01
5.987354277600590580e-01,1.486602012126023720e-01,1.111008658879541616e-01,1.091171891221202027e-03,1.404123332481632680e-01
6.411882148581939944e-01,9.828296333933056461e-02,1.071797798189806084e-01,1.285808196740520840e-03,1.520632337867543482e-01
7.807507825080045594e-01,7.779484932272147379e-02,7.089552543909326265e-02,1.020070127387348808e-03,6.953877260279331396e-02
7.930302693166453309e-01,8.418476349720292740e-02,5.537796124561432387e-02,7.758652043600268791e-04,6.663114073617738831e-02
6.020774446750524200e-01,1.232149174099185368e-01,9.658968833018535816e-02,1.372213229602230406e-03,1.767457363552415173e-01
5.620722601028691479e-01,1.189075673085824847e-01,9.584432048186915243e-02,1.100482763347488367e-03,2.220753693433319131e-01
5.408107613311837758e-01,1.536223579256214000e-01,1.211805409491880925e-01,1.482254925565204464e-03,1.829040848684415632e-01
5.957473315981457462e-01,1.032071477021690720e-01,8.172283197148422218e-02,1.527250639315570497e-03,2.177954380888854624e-01
8.776872987231588708e-01,2.315447646214286587e-02,1.300697787701545274e-02,3.093887024711330339e-04,8.584185823521159331e-02
7.924792347961840955e-01,3.480169988800337760e-02,1.181911362321102187e-02,2.405544273928078049e-04,1.606593972652087254e-01
9.189290488696640891e-01,2.605077057216016734e-02,9.704302421004571202e-03,2.786687241107480158e-04,4.503720941306038617e-02
7.506206667879238292e-01,8.322420455404955231e-02,4.589266735459693325e-02,1.011524554744051233e-03,1.192509367486855598e-01
6.966961661401267492e-01,7.381331641372498864e-02,4.041584800861293403e-02,1.074351537304015815e-03,1.880003179002313063e-01
5.434116128683221802e-01,1.587303046784325766e-01,7.565506053360643302e-02,1.098690071488565324e-03,2.211043318481501763e-01
6.519272324363705184e-01,1.300481812040938379e-01,7.618353960223582522e-02,1.235335739057093467e-03,1.406057110182427905e-01
7.179320933836614849e-01,8.343249408378103360e-02,5.954714373041548880e-02,1.158632648732000996e-03,1.379296361534100013e-01
5.519489887340700562e-01,1.279616862045848680e-01,1.057603911282335718e-01,2.184440457252436601e-03,2.121444934758591472e-01
5.093428804787891728e-01,1.372955038761754787e-01,1.396796507206602145e-01,1.423019711735805902e-03,2.122589452126392995e-01
4.174994272366173154e-01,1.095615769085993840e-01,1.569909498754297472e-01,2.784350483495328082e-03,3.131636954958581520e-01
4.350452777433398421e-01,7.966833469102156673e-02,1.467870980759828359e-01,2.654338105561231641e-03,3.358449513840945366e-01
2.868245024532253273e-01,1.165902164274180836e-01,2.027751448260215472e-01,2.345667866652531488e-03,3.914644684266823660e-01
3.740252028652009120e-01,1.296228728495776306e-01,1.257164088666598012e-01,1.528608607737683405e-03,3.691069068108239204e-01
3.399425997257226051e-01,1.232789485154797832e-01,1.168908633074705883e-01,1.466495412097279863e-03,4.184210930392296413e-01
2.689203236207040049e-01,1.671933602302097810e-01,1.345938205691259160e-01,1.060894247411956100e-03,4.282316013325482285e-01
4.617545167173527920e-01,1.678355199649959884e-01,1.171010436566670421e-01,1.071246012395288445e-03,2.522376736485889004e-01
4.475059007555746149e-01,1.047709342248061004e-01,1.075032395871792362e-01,1.668259265503588794e-03,3.385516661669365490e-01
3.450850606985425006e-01,6.092470224185687205e-02,1.095344678072394523e-01,2.359005583068762499e-03,4.820967636692923275e-01
3.101677135974178490e-01,4.263823099584321263e-02,7.416337784891138818e-02,1.605725137432377882e-03,5.714249524203952602e-01
3.575678500745441690e-01,5.251992811258980598e-02,7.716129214602013286e-02,1.540431114567052551e-03,5.112104985522789580e-01
4.125989357350983155e-01,1.190238844529310641e-01,9.086526593985677636e-02,7.345415675972080715e-04,3.767773723045166889e-01
6.491502053068336497e-01,6.201570260110136207e-02,3.126090700317767090e-02,3.864438936232284611e-04,2.571867411952640792e-01
6.391713253690025631e-01,1.018920728743307469e-01,4.101705537519912542e-02,4.367160248329399284e-04,2.174828303566344045e-01
4.755741061932911573e-01,8.216668244216378258e-02,8.096582574293259560e-02,1.069442794283381997e-03,3.602239428273290578e-01
3.356464891672477080e-01,7.026737520452533414e-02,1.150335459510871960e-01,1.755457409658585897e-03,4.772971322674810501e-01
2.525555365207527991e-01,1.224071965479815727e-01,1.072577544488987900e-01,1.231073840866836726e-03,5.165484386415000184e-01
3.036324862379384260e-01,1.174805428311798960e-01,1.071820768245006772e-01,1.256994254966850577e-03,4.704478998514142196e-01
3.388202427141260298e-01,7.011034312705480276e-02,1.412667743680245391e-01,2.921678248950904631e-03,4.468809615418436465e-01
4.710486590529634476e-01,4.989397186212628232e-02,6.846715873153252918e-02,1.392222129688701002e-03,4.091979882236889687e-01
5.687380697191805057e-01,8.006997825871044194e-02,7.137549860615623187e-02,1.248029476807166775e-03,2.785684239391457706e-01
4.992503720598324701e-01,7.682515034575437829e-02,7.822699747656552960e-02,1.246101832492632231e-03,3.444513782853549921e-01
3.731345667414860401e-01,1.220392476300747736e-01,1.062840384267600413e-01,1.207596525456228025e-03,3.973345506762228641e-01
2.785793360718915035e-01,6.114056355323011643e-02,7.876626507152037493e-02,1.653056788996573340e-03,5.798607785143615745e-01
4.932342108342685494e-01,6.537293378971553715e-02,7.534572754290470853e-02,1.253644952946854829e-03,3.647934828801644436e-01
6.166508436702703433e-01,6.457003008428499613e-02,4.987985572274988844e-02,9.853420036882425820e-04,2.679139285190064723e-01
7.051376871169925398e-01,3.361493686398526332e-02,2.974634576123809382e-02,8.827445021873933173e-04,2.306182857555966192e-01
7.690608640903561222e-01,3.764943637161405343e-02,3.394159684373573849e-02,1.178875678482485057e-03,1.581692270158117086e-01
5.351626004355787281e-01,6.306466635187941983e-02,6.495384555099537049e-02,1.825892700779277889e-03,3.349929949607674540e-01
3.487188190122232911e-01,9.018117112846482653e-02,1.472541381536110194e-01,3.054170469942732013e-03,4.107917012357581443e-01
3.962941930405567970e-01,1.408719266208880161e-01,1.709529456988355400e-01,1.893268982571721937e-03,2.899876656571480638e-01
3.429639424748234244e-01,6.852128427271883537e-02,1.398247659075857463e-01,3.088139919333212149e-03,4.456018674255387002e-01
3.785635427224737781e-01,2.135320073296728682e-02,5.228568043588947833e-02,1.894120771718753359e-03,5.459034553369507270e-01
4.754212314096284975e-01,3.573531881635719221e-02,6.074539234328804604e-02,1.818739534097538104e-03,4.262793178966287622e-01
3.796713214516131418e-01,3.906551009263997676e-02,1.280104383501528553e-01,3.666566552039941546e-03,4.495861635535540746e-01
5.792282553777157172e-01,2.033606352267468623e-02,6.248426332158480562e-02,2.723578248347372985e-03,3.352278395296773850e-01
6.614206438028467083e-01,3.285930945165385642e-02,3.581604618255454509e-02,8.535008270870709070e-04,2.690504997358578176e-01
6.318531995214485830e-01,7.126071379062733080e-02,4.456034294546325908e-02,6.357462937656230143e-04,2.516899974486951908e-01
5.489537160224395862e-01,5.753979771129841964e-02,5.619158256416523223e-02,8.861408580441587244e-04,3.364287628440524314e-01
6.188726822101149327e-01,6.044155653134549583e-02,5.502532652514059708e-02,1.189541020721479343e-03,2.644708937126776793e-01
8.522949752898322240e-01,4.918501983678482542e-02,2.743619132643549535e-02,5.019908546937039504e-04,7.058182269225379835e-02
8.863320277989787943e-01,3.049680008544315701e-02,9.378356090461070077e-03,2.166351952144883073e-04,7.357618082990237396e-02
9.060006130145638048e-01,9.518096588368402805e-03,2.539667600162565705e-03,1.331981034995258521e-04,8.180842469340572631e-02
9.657535365032312580e-01,1.171103937236825376e-02,2.155735170292806969e-03,6.677547941413535383e-05,2.031291347469360922e-02
9.963648236103823663e-01,1.593525493307488541e-03,3.566591430812050345e-04,2.268958490811073123e-05,1.662302168320867711e-03
9.972166828344083411e-01,1.446189450684305048e-03,3.899387929624629915e-04,3.461241755747867193e-05,9.125765043874128164e-04
9.951539394730208876e-01,2.921886713248408526e-03,4.624258003306809376e-04,3.243940506814128676e-05,1.429308608331922824e-03
9.959372626882732060e-01,2.875429662743944018e-03,4.000581686772137005e-04,1.730839780601536014e-05,7.699410824998933166e-04
9.962445965200548148e-01,2.511163516782976071e-03,3.737332310280673986e-04,1.635456078659087655e-05,8.541521713476218046e-04
9.881787341704916239e-01,7.510517551463865432e-03,9.847956565118541096e-04,4.797915611419760126e-05,3.277973465418497143e-03
9.968484677107238845e-01,1.667368369169482762e-03,2.925985763820762153e-04,1.820542956183423278e-05,1.173359914162728926e-03
9.975456825697284202e-01,1.195133544098810410e-03,1.926313344409215096e-04,1.549616777724999782e-05,1.051056383954684318e-03
9.913130567919631320e-01,1.279846400987183627e-03,2.260078747135895578e-04,2.234301105593995942e-05,7.158745921280088888e-03
9.962200904872016149e-01,1.857441910015680039e-03,3.497440484524854364e-04,2.457512371398564430e-05,1.548148430616143713e-03
9.990777796325708282e-01,5.443240533880975467e-04,1.552070583291985471e-04,3.014597995122870111e-05,1.925432757607578864e-04
9.985063697428252505e-01,1.038644402049921159e-03,2.540113900595406069e-04,3.401292514986502025e-05,1.669615399154879992e-04
9.988765546266287210e-01,7.415722897849488793e-04,2.293441584465569867e-04,2.942026096926381049e-05,1.231086641704645581e-04
9.986149565214564872e-01,9.097176097606907152e-04,2.247777834552523940e-04,2.556404486546439933e-05,2.249840404620176741e-04
9.978328868346016955e-01,8.521931559561911080e-04,1.722134284393905996e-04,2.633892218142732159e-05,1.116367658821377281e-03
9.990145871073105033e-01,2.885080012596670496e-04,5.640619434672264283e-05,9.261602006819836679e-06,6.312370950761733756e-04
9.988428181760056201e-01,5.668164344052421810e-04,1.034766444745806730e-04,1.143092592574201783e-05,4.754578191888155078e-04
9.985012850961072495e-01,8.476886799220944083e-04,1.651192404568985086e-04,1.352413498633213125e-05,4.723828485274714087e-04
9.981045952344398398e-01,1.359046113183834522e-03,2.926674764567096252e-04,2.098092259808167110e-05,2.227102533213759343e-04
9.979679221057821126e-01,1.707211941208445095e-03,1.856679627439324369e-04,1.014885142510066544e-05,1.290491388403264196e-04
9.983484920431904275e-01,1.383410943011982802e-03,1.661794813568121800e-04,9.252992537089953733e-06,9.266453990366666134e-05
9.975969785345578655e-01,2.048199184678619299e-03,2.172031583518349411e-04,1.072903993323899375e-05,1.268900824783800283e-04
9.971944158891046239e-01,2.415382446518578828e-03,2.438030745274688690e-04,8.053682705017012566e-06,1.383449071443331097e-04
9.978885638936443314e-01,1.822511578060386416e-03,1.716413955610196951e-04,6.687877304870523497e-06,1.105952554292022110e-04
9.975603935212545847e-01,2.077324261612777632e-03,2.570581635153571290e-04,8.294441833774832040e-06,9.692961178339516324e-05
9.961272748598249960e-01,3.250677834291990521e-03,5.028703002120420628e-04,1.375223287981355541e-05,1.054247727911559633e-04
9.970236600524916559e-01,2.470708063154569093e-03,4.058263009970211176e-04,9.604113127197035909e-06,9.020147022961276116e-05
9.877229851810706007e-01,1.051727949834451413e-02,1.513811705171073767e-03,2.060653407749470857e-05,2.253170813362068104e-04
9.928095419684590528e-01,6.028330708246156314e-03,9.865031380900351858e-04,1.611811381635202438e-05,1.595060713882135784e-04
9.961684662734299200e-01,3.228728050694780558e-03,4.841420117747283420e-04,1.105931029065001985e-05,1.076043538100906224e-04
9.930144994800711444e-01,5.852465912118461761e-03,9.697367717891601556e-04,1.595580150761734159e-05,1.473420345136422017e-04
9.884167285644349654e-01,9.569708776389459354e-03,1.774437892620532847e-03,2.566324657268922240e-05,2.134615199823883323e-04
9.942311168616506656e-01,4.535217604965270828e-03,1.060401517825882963e-03,1.827803607721283191e-05,1.549859794810150206e-04
9.962063046462293903e-01,2.951197707139260364e-03,7.071630656255525373e-04,1.489053435404957757e-05,1.204440466516095917e-04
9.919831531377106826e-01,6.485163912596543859e-03,1.306848796845805046e-03,2.341625765980278944e-05,2.014178951873090860e-04
9.712399909478738325e-01,2.112219864031729399e-02,7.209934668880156432e-03,7.715571573806467083e-05,3.507200271907313319e-04
9.965641511910623418e-01,2.817094962288327602e-03,4.737720346255868114e-04,1.193063660475876700e-05,1.330511754189466454e-04
9.863618413463063339e-01,9.286270158178113951e-03,4.060776708355673045e-03,5.688692707572725910e-05,2.342248600841629062e-04
9.905630687924693589e-01,5.915303964896048705e-03,3.287188786873436984e-03,4.978500484137980480e-05,1.846534509197425534e-04
9.888420300196014701e-01,8.490407247737172952e-03,2.348914892498093349e-03,3.874370716757244350e-05,2.799041329954592454e-04
9.674879528301791876e-01,2.103380142151770743e-02,1.096523699139693303e-02,9.768146692458461080e-05,4.153272899817195209e-04
9.729555855897683569e-01,1.743853928105295464e-02,9.211259459303969277e-03,9.399239392452711647e-05,3.006232759503940709e-04
9.704199041688693628e-01,2.074487588173752617e-02,8.451685123245143705e-03,8.301500987929031510e-05,3.005198162685054930e-04
9.882680928452765023e-01,8.847561298949310066e-03,2.645733919949895714e-03,3.201922031002684690e-05,2.065927155142475860e-04
9.835109668847767939e-01,1.247989383258614644e-02,3.712798330323691803e-03,3.766695421411193591e-05,2.586739980992976639e-04
9.802700874484389093e-01,1.483257188377952625e-02,4.588714202059256293e-03,4.737254543439170306e-05,2.612539202878775614e-04
9.236894395089644272e-01,4.932653707930249876e-02,2.638217730304826675e-02,1.275002197383473459e-04,4.743458889466060360e-04
9.447935127575881609e-01,3.634375043481528900e-02,1.828190812060191683e-02,1.092247017557356170e-04,4.716039852387616323e-04
9.694416851872119656e-01,2.313344614443767558e-02,6.861618705389560882e-03,4.312844415064188806e-05,5.201215188102629962e-04
9.562597502315293152e-01,3.445349404043594049e-02,8.617696095617716212e-03,4.973290358059034573e-05,6.193267288362927633e-04
9.786441081164048983e-01,1.537258694369722858e-02,5.633923599364628991e-03,4.508059525981104914e-05,3.043007452735262933e-04
9.872523190505513302e-01,8.863763492819509357e-03,3.632154676910707026e-03,2.829801783498970299e-05,2.234647618835654465e-04
9.943889471240262568e-01,4.329463477017021777e-03,1.085242443817586565e-03,1.093882200613517606e-05,1.854081331329577806e-04
9.921850730996712997e-01,6.527876581103387796e-03,1.064159124021025289e-03,1.265057768306856403e-05,2.102406175211922142e-04
9.938583781857150967e-01,5.111785825330427899e-03,8.839271902212910391e-04,1.068443871928612782e-05,1.352243600141005673e-04
9.944821272395679701e-01,4.540662190073175945e-03,8.313257157072590289e-04,1.189600183990742355e-05,1.339888528117270580e-04
9.924935071788301144e-01,6.050596936117973168e-03,1.265635594708523076e-03,1.652877528496509045e-05,1.737315150583250314e-04
9.956393144103324877e-01,3.331149494933491155e-03,9.222059411639897848e-04,1.432657219177867718e-05,9.300358137825913711e-05
9.947363951095388179e-01,4.210009795457588487e-03,8.195338037962695632e-04,1.080778253540248629e-05,2.232535086717851659e-04
9.805288732205702518e-01,1.438894955894588594e-02,4.333404417042191481e-03,5.359634312974983984e-05,6.951764603120632463e-04
9.631248107293831628e-01,3.128877438622205964e-02,4.781194153484302420e-03,4.649215383437763798e-05,7.587285770762112157e-04
9.387486499943916707e-01,4.823721197919488002e-02,1.233581081615306614e-02,7.598790085985329711e-05,6.023393094006504120e-04
9.845579119375778010e-01,1.175002110214849044e-02,3.415711553557782606e-03,3.326313426637442293e-05,2.430922724493499284e-04
9.805566522773777605e-01,1.503413851904761983e-02,4.067393963044149512e-03,3.647743756802459598e-05,3.053378029624323649e-04
9.860726152280494539e-01,1.085788292280149940e-02,2.696192925057976000e-03,2.582827894098120122e-05,3.474806451500122976e-04
9.783479406179930171e-01,1.673947589425891710e-02,4.523303473251957807e-03,3.874500134252163003e-05,3.505350131534798420e-04
9.944444542085456584e-01,4.450357329083499437e-03,9.650363633336918627e-04,1.456717172556077634e-05,1.255849273116455846e-04
9.975328699640335639e-01,1.860935311897230892e-03,3.711416404274679639e-04,1.294218627684097510e-05,2.221108973648496367e-04
9.971635460009692364e-01,2.211010367035365007e-03,3.623185526639230176e-04,1.117877528880076097e-05,2.519463040427556157e-04
9.978597558668323986e-01,1.730291096833677699e-03,1.694986870958684240e-04,8.296211525082243152e-06,2.321581377128675264e-04
9.946239698010969077e-01,4.602111955404771665e-03,4.032093727925391562e-04,1.298517012422573877e-05,3.577237005814961940e-04
9.952005114655781970e-01,3.992418107712019174e-03,5.131914716687462422e-04,1.703179772200011702e-05,2.768471573190058998e-04
9.923998364545856266e-01,6.028811227076370967e-03,1.298324054079026636e-03,3.501969757094935260e-05,2.380085666878506998e-04
9.973689785970771826e-01,2.188301802523051186e-03,3.004823317290155412e-04,1.087430134553733093e-05,1.313629673252293781e-04
9.964498348327974764e-01,2.968102814417506331e-03,4.353237997546231417e-04,1.447725665866859230e-05,1.322612963717609540e-04
9.932884087489776137e-01,5.767895396428458950e-03,7.319092100503462456e-04,2.010255216867919649e-05,1.916840923751235719e-04
9.901211008396397784e-01,7.895819463043152533e-03,1.747396148649897315e-03,3.152460977840946610e-05,2.041589388886629888e-04
9.910846241623911812e-01,6.326364867755485642e-03,2.420684135647252749e-03,4.766567371148448004e-05,1.206611604945168487e-04
9.911531354854756781e-01,6.850115886226353090e-03,1.810653166666228303e-03,3.587385751505391265e-05,1.502216041164944566e-04
9.916246047689666332e-01,6.628348596249817801e-03,1.534361984497632867e-03,2.981184992035056279e-05,1.828728003656337879e-04
9.821080494318301657e-01,1.238196753397117870e-02,5.190552411709552921e-03,8.089681639900377194e-05,2.385338060901595755e-04
9.632539603133726258e-01,2.647849403181430639e-02,9.745872218073426546e-03,8.641437917956842994e-05,4.352590575599350775e-04
9.576669654037054391e-01,2.977709263604864931e-02,1.201651179279345644e-02,1.022540760918973777e-04,4.371760913605780689e-04
9.609423409904082058e-01,2.695311320934633270e-02,1.151793978231972423e-02,1.056682107331716680e-04,4.809378071925013366e-04
9.435680724941845066e-01,4.497473510503536415e-02,1.063066854046808805e-02,9.078978475150694207e-05,7.357340755605523220e-04
9.509899528951941683e-01,3.701470334689688224e-02,1.118684961365279396e-02,7.698160609509113544e-05,7.315125381610046093e-04
8.733650783393538397e-01,9.722167706268533549e-02,2.698115034158716716e-02,1.023415612070746421e-04,2.329752695166645206e-03
8.901294106566670639e-01,7.901471522469427633e-02,2.865894717763230182e-02,9.646453511095319153e-05,2.100462405895415358e-03
9.145560673121672091e-01,5.896674980144483297e-02,2.480541212005522508e-02,1.453885639395865277e-04,1.526382202392990561e-03
8.402827155358830735e-01,1.049332446047122058e-01,5.275770357687967205e-02,2.311983258241837188e-04,1.795137956700979106e-03
7.534887417170363921e-01,1.389673874660996011e-01,1.049633279818223824e-01,3.502592609099875257e-04,2.230283574131757332e-03
7.579626379234518652e-01,1.302822340803407586e-01,1.089806909314758876e-01,4.214788501718392654e-04,2.352958214559556366e-03
6.645921712037606843e-01,1.503694418119836951e-01,1.827681765229570154e-01,5.520339451239711153e-04,1.718176516174579286e-03
8.092553710287965218e-01,9.394290541420963203e-02,9.529586555853054863e-02,3.111988749356361461e-04,1.194659123527722164e-03
8.151985447364569204e-01,1.069366306385217402e-01,7.630757367411687697e-02,2.459107104374557806e-04,1.311340240467119989e-03
8.614115875413355106e-01,9.704027046053202710e-02,3.894072963266705101e-02,1.486420885545183910e-04,2.458770276910717759e-03
9.838560589901380604e-01,1.154112590727747120e-02,3.582974169298373552e-03,4.192212444713474932e-05,9.779188088389699062e-04
9.964497865241055408e-01,2.417192822766662391e-03,9.092070989289156076e-04,2.542481593071948255e-05,1.983887382682877291e-04
9.952771427031360529e-01,3.405433938806544034e-03,9.383842548365041187e-04,5.242973512935540181e-05,3.266093680914974981e-04
9.972130357056361305e-01,1.926741234436240863e-03,6.141562440635369921e-04,3.385284707085117956e-05,2.122139687932484732e-04
9.976160272846690269e-01,1.218498516420823789e-03,3.126797526562200696e-04,2.261625892080686479e-05,8.301781873332404922e-04
9.990478048845463643e-01,4.268391962606312654e-04,1.191929355460697381e-04,1.212020295312852161e-05,3.940427806938956987e-04
9.990294100920101839e-01,2.617951763445000883e-04,7.101896335558198264e-05,1.072362262966325808e-05,6.270521456601344662e-04
9.977146157981423569e-01,5.339240758627124533e-04,1.356604289153318663e-04,2.185875442381366937e-05,1.593940942655832369e-03
9.934700971930784386e-01,1.936454774208092597e-03,5.673893730483775197e-04,7.136239166791539786e-05,3.954696267997328922e-03
9.893089544680092606e-01,4.481248025948962772e-03,2.482225729005069215e-03,1.925976461561741931e-04,3.534974130880347981e-03
9.949904890278579161e-01,1.963004954792946059e-03,6.881332563879654978e-04,7.176559022251557095e-05,2.286607170738708290e-03
9.905305053909257973e-01,2.618295945117818727e-03,1.259022186574755911e-03,1.141769602250708693e-04,5.477999517156617766e-03
9.974835020847439004e-01,1.427721048731220299e-03,4.536901807246461059e-04,3.227185377060923346e-05,6.028148320297179287e-04
9.981778745815155229e-01,5.898927972895448872e-04,1.673814250840371725e-04,2.695534956587607452e-05,1.037895846544986504e-03
9.931686492896742990e-01,2.236851786233307396e-03,4.735362738083557501e-04,5.178743201512150230e-05,4.069175218268722069e-03
9.945794290525580283e-01,1.770456262017167191e-03,3.429721215495591907e-04,3.456650809764419332e-05,3.272576055777568025e-03
9.955899294381014286e-01,1.819790223301109757e-03,3.986788738554889670e-04,3.941420647003991674e-05,2.152187258271960092e-03
9.952358072620921536e-01,1.512334819240237441e-03,3.927559898981899510e-04,3.245728259516775715e-05,2.826644646174157702e-03
9.942612869064108017e-01,2.407866670555167642e-03,6.533826988684430289e-04,5.004453944876153680e-05,2.627419184716810619e-03
9.953269162943327864e-01,1.798433913616544937e-03,4.648319845690905582e-04,3.466835325927261071e-05,2.375149454222233621e-03
9.968318785056453635e-01,1.391349488873911897e-03,4.058065383311434808e-04,2.630688535570586134e-05,1.344658581793975287e-03
9.989106277608664763e-01,4.993975298465200144e-04,9.887827025524378638e-05,9.073558634117742148e-06,4.820228803975170695e-04
9.989825279033808236e-01,5.578995894728334395e-04,1.093814085437531914e-04,1.095287678994879905e-05,3.392382218126758185e-04
9.987628895152297348e-01,7.315246025312787748e-04,1.759710770263361824e-04,1.790848372046049535e-05,3.117063214921711825e-04
9.988907095594030672e-01,7.149043293189642810e-04,1.323110702868164612e-04,1.320590607690839082e-05,2.488691349142945039e-04
9.983401043714699163e-01,8.796131284987071270e-04,2.458426337373148182e-04,4.084443803212047403e-05,4.935954282620723908e-04
9.987762192916324056e-01,6.366093113396336560e-04,1.412981196599612081e-04,1.926854554697351792e-05,4.266047318210698051e-04
9.989731135929453831e-01,6.112116190026760073e-04,1.037929683592885602e-04,1.140126792324553474e-05,3.004805517694813383e-04
9.990230341744273934e-01,6.496526951793757821e-04,1.400048880795397809e-04,1.405887930606415542e-05,1.732493630075710995e-04
9.975784051185629941e-01,1.673612580629587048e-03,3.477833100463903091e-04,2.075667966807635598e-05,3.794423110929162016e-04
9.917108662431194377e-01,5.792375845888067705e-03,9.740411498775579900e-04,4.041087712967547912e-05,1.482305883985239560e-03
9.562037477570208832e-01,1.952245925213828837e-02,4.100740645058109646e-03,1.283571069550689650e-04,2.004469523882761520e-02
9.794418473384339796e-01,6.224735282065537063e-03,1.823266934382402000e-03,7.798294397113526735e-05,1.243216750114715594e-02
9.463398334574792958e-01,8.208414885612533643e-03,4.853522212023261666e-03,1.882730033835664895e-04,4.040995644150144339e-02
9.608164054965695478e-01,3.668397789954973721e-03,1.603238077861272653e-03,1.039108316675911852e-04,3.380804780394659759e-02
9.151619278488121179e-01,8.857295581508450172e-03,3.604160733289303760e-03,1.969202914574706036e-04,7.217969554493264273e-02
9.169406815754232998e-01,4.510280721906009989e-03,1.447345023683771145e-03,5.895032656053251791e-05,7.704274235242655755e-02
9.716053514553051329e-01,3.258407540479557433e-03,8.644147002038861730e-04,2.771710853713830108e-05,2.424410919547413321e-02
9.407491508308790662e-01,1.209588314340767808e-02,2.337604682631922413e-03,4.445794362854116203e-05,4.477290339945268899e-02
9.066946428754034670e-01,2.293703247427479261e-02,4.435159541720537502e-03,7.331991451431013932e-05,6.585984519408703830e-02
9.017754544870769662e-01,8.957010186064236559e-03,4.509240823765863979e-03,9.653146972415609767e-05,8.466176303336879483e-02
9.451013219505407514e-01,5.943177102503475334e-03,3.810239899238418090e-03,7.301864033989034926e-05,4.507224240737753990e-02
9.550491569467730590e-01,1.008532448670389214e-02,1.105896163606628034e-02,2.171789900241843235e-04,2.358937794043258415e-02
9.473031066209506301e-01,6.609615217349584619e-03,4.773527263940335365e-03,1.750079849637522968e-04,4.113874291279578238e-02
8.198675040103901024e-01,1.781912384694848625e-02,5.075157382130200678e-02,2.557588491249433021e-03,1.090042098301099716e-01
7.265083837904741104e-01,3.313074319559475983e-02,6.086017428405755825e-02,2.834933001358651457e-03,1.766657657285150285e-01
6.466714516701098647e-01,3.059695692743978276e-02,2.787960361650578325e-02,1.233026468519957120e-03,2.936189613174245983e-01
6.294532322416173109e-01,1.783449083142051722e-02,1.313937485030760265e-02,5.313784964501945323e-04,3.390415235802043958e-01
5.634690638058006407e-01,8.051310499221262310e-03,4.304731672025281786e-03,2.606545532189161272e-04,4.239142394697338889e-01
6.261143565708849890e-01,2.542728673693775421e-03,1.892919437658212474e-03,1.618754292557119940e-04,3.692881198885073490e-01
7.636283588365034847e-01,1.513789993586249927e-03,1.987905128303001350e-03,1.944369903641571717e-04,2.326755090512430402e-01
7.701045707520552952e-01,1.960636996355534945e-03,1.420052173701799245e-03,1.475686061606104691e-04,2.263671714717267192e-01
6.842615298485921205e-01,1.932173428163599981e-03,1.441217518539527568e-03,1.523591691141968176e-04,3.122127200355903631e-01
7.102368418370965664e-01,2.156018452750816002e-03,1.777713359966549833e-03,1.326613718351343611e-04,2.856967649783509478e-01
6.618612087426677393e-01,1.947219921098959508e-03,1.841874316339126407e-03,1.661133279989866274e-04,3.341835836918952141e-01
6.381342544610043577e-01,3.012265087461567584e-03,2.818018679329538628e-03,2.347523768164062755e-04,3.558007093953881594e-01
5.836501599376217042e-01,2.591902351231595118e-03,2.095148504006329095e-03,1.714518742539482700e-04,4.114913373328864532e-01
5.214298578721083821e-01,5.009210237781294706e-03,2.423391102239077013e-03,1.858506341878088397e-04,4.709516901536834887e-01
4.820175922422462733e-01,1.986861609035434420e-03,1.260697025524568646e-03,1.048968278816488889e-04,5.146299522953121652e-01
4.708682278491349016e-01,6.966638424356571407e-03,4.642584744615358035e-03,2.494862439110311189e-04,5.172730627379821255e-01
5.286619182471062883e-01,3.153275654826117897e-03,1.330056776982123422e-03,1.048744212852454304e-04,4.667498748998002989e-01
4.767671960848207657e-01,5.065623793673791619e-03,2.595399752312680872e-03,1.835896357653930833e-04,5.153881907334272316e-01
4.184507938403541627e-01,7.049665367153697300e-03,2.358528034308822637e-03,1.525187744826352293e-04,5.719884939837005522e-01
4.586246215270136095e-01,4.161172004548117399e-03,1.579578898455290085e-03,8.839946151572474408e-05,5.355462281084670817e-01
5.112745823616254848e-01,8.863761884554429218e-03,3.396409688712705328e-03,1.297990203610286948e-04,4.763354470447462852e-01
5.823555838356166969e-01,2.428651454395108333e-03,1.043569404825980514e-03,7.729611361604390041e-05,4.140948991915460731e-01
4.906110072718226078e-01,3.381809882006398416e-03,1.643862695825570831e-03,1.125744192421647709e-04,5.042507457311032892e-01
5.001566207851443346e-01,3.070498422702270386e-03,1.108294015062656970e-03,7.406717710483603969e-05,4.955905195999858459e-01
4.738519766565963409e-01,2.927058156368908450e-03,9.959064484211786229e-04,6.976865319647908357e-05,5.221552900854170565e-01
5.529202908005738104e-01,2.164043841914376366e-03,7.718045507821405570e-04,6.011158221804310575e-05,4.440837492245117146e-01
5.485006304359789642e-01,4.470573143647592340e-03,4.005574209020822812e-03,1.844899688532665775e-04,4.428387322424993111e-01
5.078063208477774371e-01,8.785195748093336393e-03,1.330395025712767694e-02,4.359299771046962462e-04,4.696686031698968367e-01
4.835843282289642997e-01,1.653289403507827646e-02,1.822068113680791468e-02,5.383672757925461261e-04,4.811237293233570633e-01
4.137180737680223874e-01,3.711714374949937924e-03,2.676560642645896271e-03,1.297646074833307692e-04,5.797638866068983710e-01
4.534033555687504990e-01,7.009837868169931444e-03,6.908090264293931769e-03,2.949342664209557235e-04,5.323837820323646941e-01
5.013970380490224699e-01,3.118942414194436543e-03,2.448868143324305427e-03,1.619962803779044318e-04,4.928731551130808297e-01
4.443067924628298915e-01,1.758274945053432204e-03,1.211358283019747014e-03,9.617363212753604097e-05,5.526274006769695823e-01
5.114914800608205692e-01,2.611036357759215221e-03,1.093160316402177167e-03,6.142988830687464287e-05,4.847428933767112258e-01
4.700116446346820909e-01,5.993133472657721436e-03,2.150563841281188243e-03,8.570153714565172717e-05,5.217589565142333186e-01
4.815036583725630370e-01,3.384135744734942473e-03,1.398881442184386585e-03,8.282137431817553465e-05,5.136305030661993953e-01
4.531408159332826480e-01,5.711430991231532597e-03,2.932321609480254779e-03,1.288235158572822883e-04,5.380866079501481769e-01
3.849043240662327059e-01,5.897820357412969679e-03,2.625942603000698018e-03,1.110222841478688985e-04,6.064608906892057227e-01
3.591463421394039401e-01,1.564315211121609060e-03,8.579101205047666781e-04,4.837610879556522071e-05,6.383830564201743440e-01
3.691327081492185025e-01,2.537422391415406278e-03,1.130744589766021326e-03,6.574591251946821984e-05,6.271333789570805450e-01
3.809090631813670247e-01,1.272723524593085895e-03,5.192048223625559799e-04,4.064952921505736612e-05,6.172583589424622819e-01
3.780697233065282714e-01,4.958434990781151845e-03,3.054516043435785526e-03,1.264636486291776025e-04,6.137908620106253821e-01
3.362837281489757246e-01,2.059952589145163521e-03,1.308790610201795339e-03,6.719919433447794454e-05,6.602803294573429405e-01
3.721308636198432662e-01,3.029104868560227991e-03,2.438550100453472196e-03,1.158737513914395809e-04,6.222856076597517161e-01
4.180027260022705637e-01,4.427065511827303623e-03,3.799385434687560428e-03,1.301189308965346376e-04,5.736407041203180901e-01
3.849095528152611800e-01,1.933956480408044205e-03,1.194369422613217237e-03,6.115596237441067837e-05,6.119009653193430154e-01
3.377061401233267812e-01,2.810873773152140591e-03,1.992326336657264992e-03,8.314442092731965403e-05,6.574075153459364440e-01
3.968309592219771420e-01,1.206208056475092938e-02,1.700138465957957284e-02,2.833411140496715046e-04,5.738222344396426422e-01
3.368720836362599225e-01,1.355288736792101267e-02,2.249425608061888029e-02,3.880029338403969677e-04,6.266927699813598096e-01
2.949314020778052714e-01,5.875167011388824495e-03,6.473515141061009226e-03,2.276294141172444010e-04,6.924922863556278729e-01
2.919266621900893366e-01,3.907680187653202186e-03,2.852288711550291476e-03,1.142717747173443440e-04,7.011990971359899349e-01
3.075045181156018659e-01,3.817939778468868155e-03,2.324309959352322506e-03,8.542291402596535787e-05,6.862678092325509294e-01
3.394680423070424724e-01,8.144484052646694741e-03,4.929778523466180236e-03,1.523173485501063242e-04,6.473053777682945542e-01
4.503585247287000826e-01,1.780895115673918755e-02,9.683797222035977342e-03,2.083856963010420572e-04,5.219403411962236783e-01
4.032138788756353676e-01,1.126101957750662991e-02,8.217619676470888646e-03,2.418782377831183404e-04,5.770656036326040628e-01
4.420925047551678699e-01,6.604303342043523449e-03,3.482880086230428877e-03,1.352943540528676945e-04,5.476850174625053080e-01
4.513180857660422651e-01,7.035637419708131932e-03,5.770331941487478328e-03,2.141602326198133004e-04,5.356617846401424687e-01
4.484773479433318277e-01,5.229605876760390001e-03,5.787834653875825394e-03,2.442858495445289187e-04,5.402609256764874246e-01
6.073531951536981222e-01,5.458962649128536009e-03,3.438752669410649089e-03,1.326488644439639960e-04,3.836164406633187363e-01
5.841996845001501404e-01,1.103687996048494796e-02,1.941758183824327313e-02,4.894277230851563822e-04,3.848564259780364316e-01
4.928781751153672452e-01,8.755058398521163576e-03,9.068931496875607193e-03,3.625163073938664476e-04,4.889353186818420349e-01
4.701860671961625160e-01,9.788924037373377893e-03,4.679867743825012749e-03,1.794295916567862465e-04,5.151657114309823315e-01
5.582580206751632801e-01,1.978865783910548071e-02,1.415868878256576133e-02,2.863217738349100217e-04,4.075083109293304862e-01
4.927654295195565415e-01,7.939388597071547066e-03,4.996495514744463302e-03,2.075239226747228243e-04,4.940911624459526363e-01
4.676964356998012939e-01,1.832212927039167730e-02,2.016206698495894706e-02,4.864855371956811015e-04,4.933328825076524482e-01
5.865046929292744293e-01,1.216800387855173499e-02,2.415580825897928330e-02,7.186582048298085536e-04,3.764528367283647703e-01
4.308228443596787138e-01,1.470578420912219998e-02,2.091321871361491447e-02,6.815935382389583718e-04,5.328765591793451772e-01
4.266241347800985850e-01,2.213110146908133652e-02,4.401555858979273872e-02,1.106816287157006123e-03,5.061223888738702881e-01
4.508328723316171738e-01,2.045826385901083552e-02,3.307674454867305658e-02,8.693344115943992239e-04,4.947627848491046310e-01
5.189572602011898184e-01,7.054558419491109220e-03,8.254487572633206066e-03,3.684679076928799868e-04,4.653652258989929846e-01
5.137301652802831464e-01,1.043736882217637107e-02,8.813443813753252948e-03,2.767106441185001806e-04,4.667423114396687667e-01
6.192672648569164107e-01,1.090604403991758675e-02,8.376093666566273785e-03,2.516190118122102449e-04,3.611989784247875979e-01
7.009086472200066753e-01,2.259192433723260576e-02,4.495042885558415968e-02,9.593148084849848628e-04,2.305896847786914616e-01
5.500258229082317651e-01,2.508203455275229143e-02,6.092472918473344073e-02,1.450780541091850834e-03,3.625166328131906868e-01
5.882912322566583585e-01,1.691288652996666628e-02,3.659794334226645907e-02,1.031113972406107193e-03,3.571668238987024679e-01
5.154017977711496945e-01,1.171845485814911221e-02,1.762313809880831222e-02,5.432666935536764434e-04,4.547133425783391747e-01
4.811919090469968241e-01,3.381067378298874965e-02,3.777032163422343325e-02,7.062311206860784080e-04,4.465208644151049122e-01
4.808005583031303432e-01,2.831374357732185237e-02,4.552759627084582150e-02,8.695504632030572577e-04,4.444885513854987535e-01
3.304776282543862020e-01,4.229634227508468486e-02,4.718915945360069308e-02,7.985841771894448349e-04,5.792382858397391310e-01
2.683832104931611062e-01,3.037865327437786270e-02,5.657377151447214730e-02,9.944074512514586121e-04,6.436699572667373692e-01
4.018423943722080893e-01,1.230453117424409187e-02,2.051423671706053414e-02,6.055298484033883911e-04,5.647333078880837354e-01
3.589911795452507826e-01,8.675146918188348169e-03,8.372796250913236427e-03,3.368313771531324563e-04,6.236240459084945176e-01
3.677825037326661328e-01,5.501225862299582645e-03,5.023299129429617364e-03,1.840751928708867034e-04,6.215088960827338527e-01
3.820043532807270714e-01,2.942545690806536510e-03,1.925836736681016100e-03,1.041808461904876975e-04,6.130230834455949740e-01
3.953813576333000679e-01,5.821031615681356540e-03,4.884016652943933869e-03,2.290015276165103489e-04,5.936845925704582472e-01
4.506919313698610763e-01,4.923591310004351781e-03,5.129102168717019489e-03,2.413029725322990383e-04,5.390140721788853062e-01
3.394514913218469876e-01,4.792071174935175898e-03,6.182327696701957025e-03,2.805892957964566982e-04,6.492935205107193131e-01
3.582047656488669407e-01,5.654277759692752370e-03,9.964223241755554294e-03,4.250519151195585477e-04,6.257516814345652767e-01
3.385606585788338285e-01,9.001723907128632296e-03,1.366111457723280867e-02,5.179010715598594654e-04,6.382586018652449678e-01
3.443582628230558162e-01,9.164507940241381836e-03,1.879440949242041844e-02,7.330419046614720675e-04,6.269497778396208032e-01
3.194639991076020924e-01,3.392169962111949572e-02,8.794041250872194904e-02,2.016972584503694699e-03,5.566569161780527963e-01
3.354718575421457016e-01,3.591983510241550381e-02,9.360277346895690131e-02,1.722642839348178124e-03,5.332828910471337780e-01
3.004482962887444764e-01,2.332334343953111969e-02,7.687789866769756397e-02,2.582228192957306163e-03,5.967682334110696596e-01
3.022015519738093237e-01,8.530755695356301294e-03,1.734392180387815327e-02,7.527765710082601289e-04,6.711709939559480365e-01
3.868646797555299055e-01,7.519085229430693199e-03,1.192625875328157288e-02,5.991450365490113596e-04,5.930908312252088921e-01
3.342486440026450345e-01,1.087755833032517938e-02,1.686999190766630408e-02,8.381031654627754072e-04,6.371657025939008179e-01
2.745115613699838364e-01,1.401708203757937726e-02,3.034127523460826426e-02,1.029320035333771734e-03,6.801007613224946402e-01
4.014582568444949318e-01,9.893676034753051685e-03,7.177571414409462253e-03,2.289644794372729347e-04,5.812415312269052503e-01
3.836350870991184214e-01,8.950837798009174048e-03,1.432992055526507470e-02,6.053537378007584112e-04,5.924788008098065273e-01
3.146699798410904636e-01,8.026875728818307076e-03,9.453222283163861123e-03,3.352846476056210224e-04,6.675146374993218279e-01
4.026504034268224563e-01,1.397661426286750733e-02,1.514282668089497394e-02,3.722745955080605817e-04,5.678578810339069971e-01
3.468688431329575161e-01,4.576972189686325139e-03,5.031424898339560345e-03,2.540312763637038885e-04,6.432687285026529311e-01
3.768254952484760278e-01,7.087102874982625922e-03,1.192646289321736518e-02,5.264776630323216673e-04,6.036344613202918596e-01
4.578526330857841109e-01,2.147011044399769336e-02,5.068033773244368795e-02,1.718015270879579871e-03,4.682789034668949357e-01
4.201204276914582425e-01,2.422384895590946191e-02,5.783279970235703782e-02,1.386126996533197436e-03,4.964367966537420740e-01
2.637900364905166328e-01,4.205084921561773326e-02,9.643263676189450795e-02,2.384760940354007427e-03,5.953417165916171649e-01
3.566229647067291619e-01,1.756380416186521798e-02,3.514380317502860396e-02,1.501100409753308544e-03,5.891683275466236269e-01
3.621653528336678529e-01,3.141649296498295191e-02,4.088155283182583200e-02,1.252892767999358361e-03,5.642837086015239922e-01
1.632324194380800619e-01,4.765266786872539122e-03,5.539849712173800303e-03,2.604719845369360474e-04,8.262019920783367777e-01
3.899085746660751473e-01,1.222332919245655222e-02,1.070967987554630185e-02,4.805256344466389269e-04,5.866778906314753517e-01
3.142797778451354995e-01,1.450705339483889834e-02,2.494872150852302586e-02,6.879573562909491093e-04,6.455764898952116582e-01
2.297461694250338970e-01,9.824538658090992138e-03,3.488915672682004615e-02,9.307830121164232303e-04,7.246093521779387592e-01
2.672384340445405626e-01,5.558705119565991379e-03,9.014373076147616862e-03,3.215543109834179906e-04,7.178669334487622899e-01
2.984232915779025386e-01,9.996846195295344337e-03,1.712607533506608354e-02,5.606631857858683336e-04,6.738931237059501145e-01
1.552360285627061853e-01,6.493051495198900666e-03,7.478526020879809263e-03,3.053480758529395888e-04,8.304870458453622595e-01
2.023277083508497609e-01,3.280550204133127201e-03,2.104956525412445163e-03,1.614076235278597102e-04,7.921253772960767936e-01
1.710519642230426962e-01,3.091752386290994112e-03,1.792903928678702720e-03,1.042654963393890551e-04,8.239591139656482488e-01
1.228213727741559180e-01,1.201427060456737844e-03,1.100338533489505577e-03,6.979307634723590714e-05,8.748070685555506820e-01
2.487826264331691739e-01,2.803051796954048741e-03,1.710258639008988609e-03,9.883340693209900025e-05,7.466052297239356150e-01
3.803038946718604874e-01,2.203507698406902571e-03,2.495882187690080106e-03,1.826190541359527949e-04,6.148140963879065168e-01
3.646989233507580974e-01,1.542657504234550610e-03,1.114801062919762182e-03,1.102099978243918670e-04,6.325334080842632822e-01
2.441178888235912003e-01,9.397688994814817074e-04,8.184122242181861425e-04,7.595961818286966268e-05,7.540479704345262046e-01
2.659500097027704957e-01,1.163626778279624628e-03,8.056169572402242535e-04,6.973852981669111833e-05,7.320110080318931178e-01
2.605458276504972748e-01,1.353493637312896351e-03,7.202640749775620016e-04,5.728707046094679218e-05,7.373231275667513351e-01
2.473037532507570690e-01,1.029694020117666049e-03,4.909250014000342971e-04,4.626742945968371275e-05,7.511293602982654916e-01
1.509234318377003503e-01,7.907246219275019302e-04,4.140603571622852646e-04,3.057569544731436470e-05,8.478412074877627047e-01
2.506849200125199628e-01,1.150365363482316276e-03,8.075649327764744230e-04,6.677452456389931118e-05,7.472903751666573058e-01
2.064825822185626936e-01,1.054865037303091054e-03,6.132437437616282102e-04,4.531169553525552337e-05,7.918039973048373037e-01
2.067466601719966379e-01,1.168462840207752434e-03,5.065926029731756663e-04,3.995082860221882312e-05,7.915383335562201639e-01
2.078197566021373344e-01,1.478257187875624311e-03,5.798121412848410020e-04,4.132878573979872731e-05,7.900808452829624073e-01
1.698759018903315265e-01,9.284492336108470575e-04,5.048394414691178634e-04,3.203917890401547904e-05,8.286587702556843515e-01
1.669771643407440276e-01,7.772251869410510584e-04,4.058954201047830761e-04,3.305240441214412776e-05,8.318066626477982339e-01
1.600506626513030495e-01,7.626316879428580043e-04,3.198675927892076325e-04,2.938060691240891622e-05,8.388374574610524270e-01
1.678604420968489441e-01,1.013343831928908024e-03,4.119191292949596784e-04,3.184097874012930732e-05,8.306824539631869619e-01
2.061730199790086371e-01,1.374904337195468739e-03,6.710496151106003183e-04,4.775919725265272343e-05,7.917332668714327504e-01
1.827299136960953696e-01,1.162600865416775096e-03,3.908321864059859986e-04,3.425594637320665791e-05,8.156823973057086841e-01
1.913335621586455815e-01,1.320851907249511901e-03,4.157596805148075655e-04,3.046773839550940069e-05,8.068993585151947867e-01
2.313931561535286230e-01,2.148841643768666272e-03,5.870691614499675033e-04,3.847582529929311206e-05,7.658324572159533883e-01
2.068970358654070585e-01,9.959082769351111208e-04,4.984101295532351308e-04,3.338776111471653067e-05,7.915752579669896871e-01
1.900174202401785084e-01,7.223533733241496030e-04,2.576340555195038911e-04,2.202310412301360581e-05,8.089805692268546844e-01
1.534906524806849415e-01,7.830462390436840683e-04,4.036440421666384398e-04,3.857241269910960331e-05,8.452840848254056239e-01
1.868141982359745323e-01,8.308611715381400420e-04,3.333843713922708782e-04,3.011444588020262598e-05,8.119914417752148728e-01
2.190089291791453840e-01,1.100622885433441729e-03,5.258257774584645244e-04,5.146889662376025995e-05,7.793131532613389867e-01
1.957815539509430713e-01,1.601107163494285219e-03,7.243746181126480476e-04,4.627569954078189550e-05,8.018466885679093048e-01
1.883896979686082995e-01,1.932183202963287747e-03,8.588391012029578196e-04,3.674104011846805631e-05,8.087825386871070332e-01
1.557090050893414346e-01,8.063375707091651086e-04,4.146538248991748620e-04,2.591889753289220360e-05,8.430440846175174530e-01
1.219370416254563216e-01,1.096173189032875923e-03,4.127612954757632017e-04,2.373363291593043111e-05,8.765302902571190380e-01
1.787069461176008234e-01,2.894891308076149791e-03,1.359101683039805417e-03,6.512485578466341166e-05,8.169739360354985047e-01
1.169651385536828458e-01,1.372685794406434089e-03,5.586964397640564609e-04,2.665059120623903177e-05,8.810768286209403888e-01
4.345591589672793686e-01,1.783039370508657110e-03,7.042300634707849682e-04,4.408282342203338034e-05,5.629094887753191001e-01
5.490141647386324042e-01,8.475811353138502143e-04,4.374646423858036064e-04,3.625446882651093378e-05,4.496645350148414377e-01
3.832803418235791737e-01,1.130885560758646859e-03,4.417493871378904455e-04,4.000004165745331479e-05,6.151070231868669413e-01
3.016131590420216835e-01,1.384957435417584612e-03,4.704416029648158170e-04,3.405796448432770623e-05,6.964973839551116264e-01
3.089530469211361763e-01,1.265801840951809266e-03,4.245341280637349754e-04,3.060912500343799809e-05,6.893260079848450017e-01
2.685875397498003747e-01,9.591171981797321725e-04,3.305386312304645037e-04,2.422431419752302085e-05,7.300985801065918990e-01
2.801258173982497657e-01,1.323138795800223640e-03,3.824946980260405475e-04,3.030382468307536660e-05,7.181382452832407726e-01
2.347424473074664064e-01,1.156170611407062983e-03,3.231331770095787858e-04,2.083542360481023878e-05,7.637574134805120707e-01
2.135281231209346098e-01,1.021707023338219982e-03,3.118027968274527826e-04,2.406815589266986065e-05,7.851142989030072128e-01
2.125574824825756104e-01,9.033883701352841619e-04,2.614090199267254076e-04,1.889495714308162222e-05,7.862588251702193887e-01
3.164527290853113572e-01,2.118239204122716619e-03,6.870608212864735874e-04,3.632682310732305425e-05,6.807056440661721775e-01
2.101534646798733363e-01,1.650009683258761659e-03,4.225403554588122901e-04,2.402887816845721401e-05,7.877499564032404145e-01
1.905159777532804133e-01,1.819600096915530065e-03,4.232196350511309999e-04,2.328144108572411094e-05,8.072179210736671884e-01
2.506464655945622733e-01,1.442081709831086493e-03,3.646330091459949459e-04,2.246554679563356107e-05,7.475243541396648927e-01
2.265564762991405801e-01,9.828068650896872992e-04,3.209330975084935468e-04,2.235734712324155787e-05,7.721174263911380065e-01
2.327416920368555464e-01,1.754759925692246647e-03,5.368148400479576688e-04,3.374522282427550664e-05,7.649329879745799809e-01
1.665293203186980209e-01,1.133959921325765818e-03,4.278081205520577646e-04,2.636853287612305469e-05,8.318825431065479670e-01
2.018787504985842807e-01,9.827366687403273331e-04,3.555975808585540494e-04,2.838033669666089080e-05,7.967545349151200496e-01
2.914546875661979675e-01,1.934353895819245373e-03,6.188151795576110658e-04,4.582413464523443580e-05,7.059463192237798168e-01
2.228991443477231771e-01,1.579631660582377171e-03,5.749412433117899153e-04,3.736603853973234673e-05,7.749089167098428543e-01
3.003806803765042832e-01,2.046527443420757385e-03,7.690626074951305248e-04,6.903153063267725349e-05,6.967346980419469871e-01
3.337112570903353892e-01,1.938214571014220235e-03,5.604412687391505717e-04,5.440187396921098312e-05,6.637356851959419490e-01
1.959722957185259518e-01,1.241157996939780623e-03,4.770412414050056202e-04,4.353637993420516141e-05,8.022659686631948839e-01
2.610126210095875532e-01,1.350223883089816121e-03,5.395579409231907866e-04,4.462837578853956185e-05,7.370529687906111072e-01
1.819749200151521140e-01,1.820345037879123789e-03,8.791630245612701983e-04,5.359463919314513179e-05,8.152719772832144329e-01
2.306609197583566750e-01,1.433482225601910662e-03,6.702267363007053053e-04,5.082418868778681704e-05,7.671845470910529929e-01
1.985311366408565870e-01,1.791716873376536946e-03,1.023007199407799340e-03,6.069571434051023373e-05,7.985934435720186686e-01
2.786990544959566107e-01,1.172738082542945127e-03,6.291900688093971569e-04,5.534777767950894203e-05,7.194436695750114907e-01
2.075067520334152871e-01,1.577090582498800022e-03,1.065885203221587701e-03,7.230938708939973363e-05,7.897779627937748792e-01
1.482004542532100455e-01,1.059472949524859452e-03,9.135810203422313784e-04,6.138416518598655989e-05,8.497651076117368474e-01
2.037304868196085361e-01,1.111753739320112989e-03,8.448542199604002888e-04,5.618456047716462127e-05,7.942567206606336860e-01
3.182954909199688931e-01,6.805386367027886456e-03,4.244400809692201910e-03,1.743903144756733825e-04,6.704803315888354653e-01
2.078440540126189340e-01,1.479807413039402244e-03,8.627516092708858390e-04,5.956012203632066372e-05,7.897538268430344122e-01
1.868547441482221461e-01,1.444118830018399158e-03,7.733704941234716352e-04,5.288828897852253404e-05,8.108748782386574483e-01
1.533416785794702863e-01,1.115905770975607943e-03,7.079146969244761627e-04,4.417605412386774644e-05,8.447903248985058067e-01
1.541625661220507593e-01,1.000140224311169522e-03,5.653423558017636307e-04,3.276334682031230126e-05,8.442391879510160457e-01
2.350865757236584308e-01,9.830087698650446029e-04,4.735956740306193451e-04,3.178025940185694582e-05,7.634250395730439731e-01
2.191271527232800942e-01,1.228459769254466438e-03,4.017185049894625372e-04,3.223375071416567812e-05,7.792104352517619237e-01
1.824268314847370676e-01,2.059183366555690335e-03,8.572218733526278719e-04,4.406502261891363136e-05,8.146126982527356342e-01
2.171916201244862843e-01,2.426131840304642049e-03,1.868180922569371259e-03,9.756700080718752415e-05,7.784165001118326099e-01
3.286951026768069051e-01,1.960761622808282478e-03,8.257726602947246123e-04,6.885198231821375932e-05,6.684495110577718391e-01
4.406914025667525991e-01,2.512378712592125939e-03,1.198799783889593603e-03,8.658887612313740929e-05,5.555108300606426130e-01
6.170779599283311434e-01,9.756820424193790586e-03,4.479954785641421244e-03,1.570945567104828995e-04,3.685281703051230817e-01
5.032901449102045177e-01,1.005298146346290770e-02,3.620619977713600453e-03,1.649485579058219845e-04,4.828713050907131876e-01
4.407164736114930759e-01,7.968600740774770680e-03,4.403564144349690623e-03,1.650946718373642668e-04,5.467462668315452579e-01
3.529168445400024945e-01,1.111109799534305310e-02,1.315472609351915623e-02,4.174328127370445724e-04,6.223998985583982790e-01
5.637888115978717529e-01,3.957151859955453967e-03,3.880822210397330552e-03,2.065781688908134030e-04,4.281666361628846951e-01
6.864472585123486681e-01,4.484266072308231224e-03,3.711307222964805533e-03,2.467232417293112800e-04,3.051104449506489846e-01
3.785007912122355656e-01,1.004989982520329908e-02,9.388381572863140068e-03,4.430214792655809289e-04,6.016179059104324045e-01
3.165037051160894954e-01,1.988169857029216045e-02,1.774615846657384005e-02,6.593631602177400580e-04,6.452090746868267557e-01
2.628737395483491945e-01,4.710530646347035888e-03,4.466662738886603527e-03,2.637613913313209156e-04,7.276853056750858251e-01
2.886759256916298644e-01,4.708254471013141075e-03,5.282271701196827873e-03,2.974390300693092212e-04,7.010361091060909322e-01
3.006654957103752634e-01,4.357959379331112319e-03,3.221779211246931542e-03,1.942098123827820948e-04,6.915605558866638747e-01
2.969063713265866489e-01,3.361382197863054498e-03,2.205454514762792209e-03,1.561954308863538912e-04,6.973705965299012988e-01
2.247960819647678299e-01,1.976428480073963781e-03,1.382351379004327467e-03,9.760822068207663474e-05,7.717475299554718005e-01
2.321511206035031250e-01,2.619917804130341126e-03,1.693372346490463120e-03,7.387883736817398635e-05,7.634617104085078543e-01
2.227167655084658360e-01,2.260790382786295218e-03,2.110826654152486628e-03,1.209522192616725153e-04,7.727906652353337957e-01
2.702628058457566818e-01,1.608293061378006416e-03,1.547025128226942785e-03,1.144414239487972758e-04,7.264674345406895162e-01
4.322184379971835133e-01,1.811459524687916451e-03,1.258993597947944765e-03,1.144503987331056460e-04,5.645966584814475775e-01
3.207134196728981812e-01,1.815445714019871173e-03,9.463639909573467578e-04,8.274177963694319296e-05,6.764420288424877192e-01
3.499730547607319830e-01,1.471842003711243668e-03,9.113778283703107127e-04,9.026543788985006225e-05,6.475534599692966964e-01
3.343510909817720700e-01,1.746709510804532071e-03,6.859947303113103330e-04,6.392767823892072775e-05,6.631522770988731441e-01
7.884829117932021791e-01,3.330682604696283237e-03,1.617905693655630108e-03,1.072803448719867518e-04,2.064612195635739667e-01
9.022908379106248100e-01,4.046286009367690284e-03,1.105536282264354313e-03,5.461046837988933777e-05,9.250272932936318138e-02
8.631170696945881238e-01,3.673174260519785402e-03,8.131111989345572374e-04,4.327141533803275134e-05,1.323533734306194809e-01
9.829446549178980641e-01,1.510284437983162734e-03,2.265358799643179231e-04,1.306545824590699921e-05,1.530545930590880045e-02
9.754049301974208053e-01,3.091849136474846861e-03,5.187251403025463191e-04,2.726699292472194497e-05,2.095722853287717777e-02
9.933891916783045284e-01,1.612300211111540246e-03,3.671716480586114523e-04,2.351257419950838673e-05,4.607823888325854322e-03
9.944050997378421908e-01,2.392311142174259608e-03,4.578284505638700354e-04,2.794534815314070360e-05,2.716815321266566764e-03
9.963702718979798867e-01,1.259114410593427076e-03,2.097899652505211070e-04,1.762684356893240287e-05,2.143196882607296700e-03
9.943775264626077970e-01,1.943640287321332476e-03,2.211249960245184024e-04,1.613453744478478380e-05,3.441573716601564401e-03
9.893350124532773737e-01,2.881896328872054266e-03,4.077009690040078282e-04,3.179242524441709553e-05,7.343597823602202382e-03
9.863640013366306025e-01,2.440585881138386971e-03,6.490323837131565339e-04,5.063186674346842347e-05,1.049574853177434944e-02
9.781349355983391947e-01,3.472851155452537451e-03,1.012999657638994581e-03,5.817960563941718414e-05,1.732103398292983779e-02
