8.909151855960069089e-01,3.083229765598074351e-02,3.849447721344882029e-02,9.184861595332676279e-03,3.057317793923089097e-02
9.528536487592950133e-01,7.837716970041487888e-03,3.814688697778149604e-03,4.230147850115756401e-04,3.507093078787378027e-02
9.884934296302324563e-01,5.159010466502167089e-03,1.819313704323274753e-03,1.473247713679318237e-04,4.380921427574269687e-03
9.981840132157285828e-01,1.015412690642833980e-03,5.295990066396596974e-04,4.082857939167390977e-05,2.301465075972768213e-04
9.984160014251372006e-01,1.071512377107100046e-03,3.277697871179524667e-04,3.954468939394222774e-05,1.451717212438027827e-04
9.911292208692716876e-01,6.620268949303968233e-03,1.549122386458876184e-03,1.231423998104052089e-04,5.782453951551416987e-04
9.964784426066799483e-01,2.643429117119700314e-03,6.420056549851552684e-04,4.371510223705425550e-05,1.924075189781976455e-04
9.978821213781765564e-01,1.773196614522104964e-03,1.936938793997362894e-04,1.126822899478920166e-05,1.397198989068760536e-04
9.917238270302484171e-01,6.796081355166669336e-03,1.156281201842238125e-03,4.761540817758908365e-05,2.761950045652202391e-04
9.676794526643868188e-01,1.829091330869666437e-02,1.262674427386069505e-02,7.279293219530222825e-04,6.749604311028500891e-04
9.244238989700495068e-01,3.414380772027723887e-02,3.768166933434546895e-02,2.161611705016885498e-03,1.589012270310911348e-03
8.378698880009475269e-01,4.123751877246396164e-02,1.149819301679765593e-01,3.696606271015897942e-03,2.214056787596042908e-03
6.698935303280812992e-01,9.622125869885711502e-02,2.267801690800458347e-01,4.264016853927863997e-03,2.841025039087922630e-03
9.601472317407092616e-01,1.682728059028206977e-02,2.172462852182757004e-02,6.244136737275402145e-04,6.764454734534705669e-04
9.159278096214594767e-01,4.000884429816004700e-02,4.087260375414294988e-02,1.211542479887349390e-03,1.979199846350159289e-03
9.596307204231876442e-01,2.064678900084322352e-02,1.363848202726105838e-02,4.155362662850509625e-04,5.668472282422865396e-03
9.846377969867405877e-01,5.186505316776347449e-03,5.010117678840162597e-03,3.899587330115054798e-04,4.775621284631662716e-03
9.631466287055118203e-01,5.420735241265879113e-03,1.479568253148634376e-02,1.545293520796824169e-03,1.509166000093913225e-02
9.835632069543563949e-01,2.014066241097669293e-03,2.915150772266086182e-03,3.720755075191111870e-04,1.113550052476053667e-02
9.689226373845134521e-01,4.373417618004245971e-03,9.226556384694694843e-03,8.197958767244049958e-04,1.665759273606331331e-02
9.234223603648941125e-01,1.171905594429482889e-02,2.929160904952358632e-02,2.145812411362413730e-03,3.342116222992514568e-02
9.113470233663867326e-01,1.271392287105945276e-02,3.714713488564495153e-02,2.310368169082619143e-03,3.648155070782627130e-02
9.138650814699282865e-01,1.281916230260167835e-02,3.993981409376597125e-02,2.015804606875460855e-03,3.136013752682868805e-02
8.990732750244281313e-01,1.260000145577194579e-02,5.199416755912280447e-02,3.947734272519327903e-03,3.238482168815785822e-02
8.644278414787807119e-01,1.224058660367256454e-02,8.412415376257198485e-02,1.181344430373997868e-02,2.739397385123459525e-02
7.331301923378026331e-01,2.753706651001957759e-02,1.866365364014885564e-01,1.987295908612849576e-02,3.282324566456078924e-02
8.819614338942449727e-01,2.070327915118284554e-02,6.270056373781422721e-02,5.813873161962906412e-03,2.882085005479497267e-02
9.236833842898406477e-01,1.428384139832475537e-02,4.331126243808255949e-02,3.479944661434629730e-03,1.524156721231739731e-02
7.980883351856494778e-01,2.663197720995855167e-02,1.323773027896378851e-01,4.517449759185583960e-03,3.838493505556837826e-02
7.973591292860013890e-01,1.989173590168953273e-02,1.337112774869098353e-01,5.125087047007467755e-03,4.391277027839184111e-02
9.155432783838421962e-01,3.998180575915661998e-03,2.434157428243015342e-02,2.159247988563575173e-03,5.395771876924837507e-02
9.069737411951130923e-01,8.656442306661477765e-03,4.876799715592092244e-02,2.268923712526722900e-03,3.333289562977784920e-02
9.060304510212252582e-01,9.006505683295841502e-03,5.205911150831899620e-02,2.139144220011668113e-03,3.076478756714830579e-02
8.123953970124704327e-01,1.730763565615735244e-02,1.183244156017460302e-01,4.373541658553694103e-03,4.759901007107256860e-02
8.321003113480627267e-01,2.838413941549106784e-02,9.598614934573562740e-02,2.076847529080097596e-03,4.145255236163041673e-02
9.386054829143135603e-01,1.193887026716894569e-02,2.093781421783348640e-02,6.547650377823446052e-04,2.786306756290173395e-02
9.085922379880397859e-01,1.414968216890398825e-02,5.252396915645456132e-02,1.200331759208122379e-03,2.353377892739363583e-02
7.771785580753693967e-01,2.241642178432654703e-02,1.601652175240458886e-01,3.173385388967203853e-03,3.706641722729119709e-02
7.641664117602195994e-01,2.019077085699668914e-02,1.488578048028586231e-01,3.947012260771251557e-03,6.283800031915380557e-02
7.995337365766069793e-01,2.157031580237152996e-02,1.010385450530354445e-01,3.117201606041422775e-03,7.474020096194468332e-02
8.674638445316542601e-01,1.337469338044781388e-02,7.362111727293671470e-02,2.499852070680463542e-03,4.304049274428059513e-02
8.952504564292173006e-01,8.874371051550835471e-03,5.641409351528327287e-02,4.358008701637683738e-03,3.510307030231078068e-02
8.121012006557699614e-01,1.138211424306233115e-02,8.396297495567654756e-02,8.543875749213027809e-03,8.400983439627805749e-02
8.459594917312593942e-01,7.571892171704321974e-03,7.192259564682806916e-02,1.039955795116343125e-02,6.414646249904486230e-02
9.085099656169464133e-01,5.120472269437452428e-03,2.365550835349810102e-02,3.928280902576728774e-03,5.878577285754137127e-02
8.593204123165480990e-01,9.042889596765085400e-03,2.580871427928710382e-02,2.948399893803221091e-03,1.028795839135964590e-01
7.947130544595198964e-01,4.627864874350681897e-03,7.979469252759321604e-03,1.307924131811543907e-03,1.913716872815585945e-01
8.063937269629865012e-01,4.093033966279179328e-03,9.751768947116396663e-03,1.661606059524214701e-03,1.780998640640936437e-01
8.603233030445949225e-01,2.363311275592834462e-03,5.535423557068290187e-03,1.349327262313056251e-03,1.304286348604309087e-01
8.648310282746981548e-01,3.664765654452232808e-03,8.626008167618203284e-03,1.486050246965570218e-03,1.213921476562657698e-01
8.002808225332835868e-01,3.068313462054798098e-03,8.447448246547299699e-03,1.702900920826989776e-03,1.865005148372871902e-01
7.964736465634304485e-01,2.151843407108778618e-03,5.297846870600387073e-03,1.719230275871456298e-03,1.943574328829888731e-01
8.013381275793994840e-01,1.622732002265706280e-03,3.176922654714542122e-03,1.013012637912129137e-03,1.928492051257081619e-01
7.991708503065714231e-01,3.956773444278194329e-03,9.840349071620325960e-03,1.924925755046395055e-03,1.851071014224836830e-01
8.599447226169965042e-01,2.269909434534299678e-03,5.809393450105799356e-03,1.927525475544164405e-03,1.300484490228191459e-01
8.459812235389773116e-01,2.625732001079543118e-03,5.143957195383187277e-03,1.954525845977571341e-03,1.442945614185824343e-01
8.017146966404856689e-01,2.252274104248104796e-03,4.181575554326671246e-03,1.637625338116645551e-03,1.902138283628228843e-01
7.739744890408905009e-01,3.532483269028369351e-03,5.867097165224348897e-03,1.732267262778145172e-03,2.148936632620787046e-01
8.373855681862651945e-01,3.282215991436321281e-03,5.286274166793941166e-03,1.192907675302777668e-03,1.528530339802018911e-01
8.079593928266806113e-01,3.303307273145969936e-03,3.413029144950060784e-03,8.925360311807558743e-04,1.844317347240425897e-01
7.894357872851223146e-01,3.795531326940286901e-03,9.265405841015487282e-03,2.250914510896029602e-03,1.952523610360260287e-01
7.766188540849537914e-01,4.791090639384043559e-03,1.177438056690443234e-02,2.945608741658039403e-03,2.038700659670997783e-01
8.371535441927433485e-01,5.024655451468709906e-03,1.413578532109213172e-02,4.430972336311208952e-03,1.392550426983844569e-01
7.976298997596602547e-01,9.146301546376640890e-03,1.399817462802251805e-02,3.495559693512580342e-03,1.757300643724280242e-01
7.192289428433881193e-01,3.926444758737311115e-03,3.642269430577027220e-03,1.081379486371472545e-03,2.721209634809260147e-01
8.049972156676168389e-01,2.720119438996864043e-03,1.684077362964556384e-03,5.193029725594051037e-04,1.900792845578622436e-01
9.367994574392791707e-01,2.229147908434069621e-03,1.162196993316373271e-03,2.870885079847859222e-04,5.952210915098578997e-02
9.506418612750758834e-01,2.411873930345038563e-03,9.503359132081548892e-04,2.053946955352532451e-04,4.579053418583577811e-02
9.573903089558243318e-01,2.758083456530771235e-03,1.479226938980505264e-03,3.316126916861021211e-04,3.804076795697819424e-02
9.512749354023037895e-01,2.504920228650967841e-03,1.275069078438408748e-03,3.021805147677549897e-04,4.464289477583911758e-02
9.014083617022520256e-01,2.581164524722074759e-03,9.605198944440078565e-04,2.673902680922000778e-04,9.478256361048979783e-02
9.157651251300042983e-01,3.676378311127124175e-03,1.351436980904183530e-03,2.922342150903919434e-04,7.891482536287389160e-02
9.057564646299545164e-01,1.948719863199414523e-03,1.497744221270143339e-03,2.446389472061543161e-04,9.055243233836980654e-02
8.909406017973857672e-01,2.228137901705384231e-03,1.295492570702851814e-03,2.994330361391934082e-04,1.052363346940668604e-01
9.386058227786775454e-01,2.844775646661852880e-03,1.538015327824417133e-03,2.359443166102726159e-04,5.677544193022595470e-02
9.643391060922066327e-01,2.391678628223746841e-03,2.240281921821629663e-03,3.329882018354873331e-04,3.069594515591238248e-02
9.484794777108164210e-01,2.818401766104865203e-03,4.113411011951148381e-03,9.712629131769036405e-04,4.361744659795063761e-02
9.348219476038587272e-01,3.634142269639804336e-03,4.129072752798815596e-03,9.621207792616863312e-04,5.645271659444105194e-02
8.714052472681037553e-01,1.179284789770651196e-02,3.088288914518806660e-02,5.861716044319027069e-03,8.005729964468258353e-02
8.208845170547630632e-01,1.544777868588385721e-02,3.876891882338349277e-02,6.135316551905243762e-03,1.187634688840642355e-01
8.055288341354270854e-01,1.941620085514187549e-02,7.526207458208848677e-02,8.842965019860052345e-03,9.094992540748245147e-02
8.039106117337382340e-01,4.840751758663119214e-03,1.971850246997692083e-02,3.982912693288150757e-03,1.675472213443336134e-01
7.858092533810709934e-01,3.468988226729277820e-03,1.472178542498905202e-02,3.120174316409944117e-03,1.928797986508008488e-01
7.556724079755395840e-01,2.092926386635123384e-03,6.126640279722411937e-03,1.467954063561003730e-03,2.346400712945418132e-01
8.206486234733494367e-01,5.477068328944703808e-03,9.151769304088969853e-03,1.438914187541536676e-03,1.632836247060753254e-01
8.571454549431757330e-01,1.151408127236572092e-02,1.157548274532964501e-02,6.801963281177730684e-04,1.190847847110111657e-01
8.176392255462463510e-01,1.818711832691729050e-02,4.066762757719810661e-02,2.413404474469014495e-03,1.210926240751691724e-01
6.517104342591856225e-01,7.734577895859216963e-03,1.611752538963442949e-02,2.252699606096995443e-03,3.221847628492237603e-01
6.166649800614841803e-01,9.795667912766359980e-03,1.214832097873556893e-02,1.938378093320658859e-03,3.594526529536933301e-01
5.926801044207786751e-01,8.667815828150148005e-03,1.409951616158633056e-02,2.113742219187161528e-03,3.824388213702976658e-01
6.701860051309179722e-01,9.711305114560850327e-03,1.851037240835562425e-02,2.850977599089336498e-03,2.987413397470763399e-01
6.151685849211480095e-01,5.749240264681741014e-03,9.952588183531471330e-03,1.509114192845939940e-03,3.676204724377928335e-01
7.491416469430033365e-01,3.282462215978887866e-03,1.046095961048799580e-02,1.282423360128285249e-03,2.358325078704016087e-01
6.833821753371080998e-01,2.673983833833885621e-03,5.533754383400486809e-03,9.888385696691936750e-04,3.074212478759883460e-01
7.404967453011205292e-01,2.662894538171706269e-03,4.597872798507447907e-03,7.200293265395004772e-04,2.515224580356608675e-01
6.138295905727160218e-01,5.489656125016234220e-03,1.120076380922983492e-02,1.627656855472353007e-03,3.678523326375655600e-01
6.502847906831835667e-01,6.942804797925481233e-03,1.081762041546384910e-02,1.790801404004610433e-03,3.301639826994224869e-01
6.696638598622730587e-01,2.504834827874341183e-03,6.246472239452944761e-03,1.297021509631344919e-03,3.202878115607682985e-01
6.681786035540496771e-01,4.764907798509535920e-03,1.019831053903010043e-02,1.875580917317949421e-03,3.149825971910926725e-01
5.548979473883846047e-01,2.879404801070875770e-03,4.004633052891472950e-03,9.268094137709788610e-04,4.372912053438820501e-01
7.267134939698861595e-01,1.194252397501079262e-02,4.950037575417731706e-02,6.125748338522253936e-03,2.057178579624034109e-01
6.314272990989348022e-01,6.018124205400334457e-03,2.491445718846670154e-02,5.582849280878734305e-03,3.320572702263194231e-01
6.902812223952079496e-01,4.039730823406349237e-03,1.966015486302145204e-02,4.175944953835487167e-03,2.818429469645288288e-01
7.626879774333001905e-01,4.543734499602034016e-03,2.006445516731093434e-02,4.442801258467312352e-03,2.082610316413197604e-01
8.002713726547457940e-01,2.449925395083694859e-03,7.602477966333537340e-03,1.629899881696823816e-03,1.880463241021401444e-01
6.570335990506797064e-01,1.212678761585054242e-02,3.037231392040734904e-02,3.013085716889878606e-03,2.974542136961724204e-01
5.550675626515448879e-01,2.371007011558440986e-02,6.494230545250473385e-02,3.956519857715496205e-03,3.523235419226504739e-01
5.597673507343114974e-01,1.010309773185100179e-02,3.159806317302964185e-02,4.157341396422959724e-03,3.943741469643849973e-01
7.855457512519042895e-01,5.106413297495718782e-03,1.491109502585575251e-02,3.224081685437809978e-03,1.912126587393063459e-01
7.730317870674578984e-01,8.833546224723015650e-03,7.626617892368071916e-02,1.815129839422416694e-02,1.237171893899140784e-01
7.657612760008147834e-01,6.070050639005277957e-03,7.761767342955112892e-02,3.464705497638226328e-02,1.159039449542463435e-01
6.983516082281437942e-01,1.076765452869702343e-02,1.607819031887833816e-01,6.735549974489982161e-02,6.274333430947599821e-02
8.147308492405563873e-01,1.006869491029290659e-02,7.748419497814337809e-02,2.968213990998341129e-02,6.803412096102397222e-02
6.457467232311701055e-01,2.016871053456093660e-02,6.250369272562215917e-02,1.487744743853085770e-02,2.567034260701158699e-01
6.039307535411427841e-01,1.851647758192789470e-02,1.020981191544987343e-01,2.027086271391858457e-02,2.551837870085120197e-01
6.684933625850882910e-01,1.232798335670737266e-02,5.416315454924346823e-02,1.757592786221187642e-02,2.474395716467490403e-01
7.217464094045200618e-01,7.585571390223334702e-03,3.963195674625472065e-02,8.021826685609989918e-03,2.230142357733918279e-01
9.766925159501675946e-01,4.480082673076483252e-03,3.482942875485763902e-03,3.778342139130702691e-04,1.496662428735717580e-02
9.643033275708687846e-01,5.121773487931941850e-03,1.487276400918691524e-02,2.994741641952679799e-03,1.270739329005957791e-02
9.958461608498030415e-01,9.495919747200111481e-04,1.658583998873767919e-03,8.244225423030273562e-04,7.212406343003502536e-04
9.381569458753592494e-01,3.010455417497664467e-03,3.418670192928601609e-02,1.933048364545232600e-02,5.315413132404530651e-03
8.983539671720399689e-01,4.179307868973030846e-03,5.706334865019363489e-02,3.206833539457552146e-02,8.335040914217727720e-03
7.332986669675660707e-01,9.157978851618547161e-03,1.479549460980612574e-01,9.889843447922380681e-02,1.068997360353017741e-02
7.241226387372295958e-01,9.028191205502918149e-03,1.488370937636061819e-01,8.834887533100145574e-02,2.966320096265993161e-02
6.934941128424981782e-01,7.585833266693447000e-03,1.486554299563453974e-01,9.322134572037227285e-02,5.704327821409080346e-02
3.727466217589446851e-01,1.615871602428174680e-02,4.097458980191828193e-01,1.797266231077500609e-01,2.162214108984074692e-02
7.968637822048799668e-01,1.307299125297098352e-02,1.417457016646413437e-01,3.127181631944239010e-02,1.704570855806534016e-02
4.313138706190963734e-01,1.888830603122105753e-02,4.323447223415988194e-01,1.049235751972180386e-01,1.252952581086574056e-02
5.818070107584513151e-01,1.742243635416035677e-02,3.185898701854891768e-01,7.224884396483322035e-02,9.931838737066036801e-03
6.055600104735954226e-01,1.223102022893923259e-02,2.262861768795788597e-01,1.489794436475942729e-01,6.943348770292014430e-03
6.906623690994684317e-01,1.186424346067868271e-02,1.466607663508762704e-01,1.438783363211118549e-01,6.934284767864828773e-03
4.029310462928470948e-01,1.921397465759436263e-02,2.350213177689080002e-01,3.377086524459746997e-01,5.125008834675852214e-03
5.360009704123703811e-01,2.108144555345620869e-02,2.318260725990490545e-01,1.271050379659501572e-01,8.398647346917414991e-02
2.954150701556461645e-01,1.325289283192490446e-02,4.247503086088928459e-01,2.471060873529277169e-01,1.947564105060834924e-02
4.951092800327948629e-01,8.777289775160457275e-03,2.388168912231515562e-01,2.116655569965244788e-01,4.563098197236865189e-02
7.831649959638977698e-01,1.233606905168985017e-02,1.158317177765099681e-01,6.361652939076790914e-02,2.505068781713434833e-02
7.151391980695857020e-01,6.143395671823217129e-03,1.288124975304275055e-01,1.111229694926514078e-01,3.878193923551206262e-02
6.782313324764327467e-01,6.098855304699358007e-03,1.370781488759527933e-01,1.662872875430822794e-01,1.230437579983270462e-02
7.436607318934344013e-01,6.576983140049296600e-03,1.358604392364570757e-01,9.147327265162111254e-02,2.242857307843816941e-02
5.470371607213270204e-01,1.231982287022458100e-02,2.785913857115943637e-01,1.485464743436380741e-01,1.350515635321586881e-02
5.478403482137865765e-01,1.507960812205108581e-02,2.380620777093092610e-01,1.921121211431333076e-01,6.905844811719823693e-03
3.368386153928669136e-01,7.383367206439058611e-03,3.131736686756777521e-01,3.366861397946649959e-01,5.918208930351101169e-03
4.356346871785261032e-01,6.365963754845482651e-03,2.013536894816740919e-01,3.442021164701736247e-01,1.244354311478081815e-02
4.233433707532975876e-01,9.901948074479591591e-03,2.475420454211588184e-01,3.047887789556486537e-01,1.442385679541536604e-02
5.274957652073248848e-01,4.572636145863481598e-03,1.100151121659565384e-01,3.435617798278945423e-01,1.435470665296057456e-02
5.998803509444472493e-01,6.561293589463483393e-03,1.064010089078040733e-01,2.534523532949703450e-01,3.370499326331483775e-02
5.493444329957146710e-01,5.952624039128107981e-03,1.358354845878278760e-01,2.945958776720934424e-01,1.427158070523598145e-02
7.235686704631102417e-01,5.815735209789114728e-03,1.127520575280720333e-01,1.486401355582542272e-01,9.223401240774427301e-03
9.139806525195259823e-01,9.797851449317555167e-03,5.160056254312532509e-02,1.965973844219913447e-02,4.961195045832033322e-03
9.559297482813359226e-01,3.652985937263152159e-03,2.120655000318260458e-02,6.611676045190671008e-03,1.259903973302768133e-02
9.961807564815680083e-01,1.449734665885338888e-03,1.300213838643025401e-03,2.603312921240261797e-04,8.089637217796048340e-04
9.977812643812691284e-01,1.081044658577020364e-03,4.242282475345513599e-04,1.002010610365404848e-04,6.132616515826809674e-04
9.988578812466447632e-01,6.459524399027883343e-04,1.865322995370751792e-04,5.397497262092493638e-05,2.556590412943679762e-04
9.995337111081801229e-01,2.830751163770037194e-04,7.151792146618161049e-05,2.359698793988130301e-05,8.809886603661286168e-05
9.996028241883607723e-01,2.420336518214473540e-04,5.152737081524517152e-05,1.858756996048804684e-05,8.502721904200728103e-05
9.992461277519811835e-01,5.128106234177098616e-04,9.947348329281172324e-05,2.767782424722093151e-05,1.139103170611139074e-04
9.996470649730267999e-01,2.323647596369711238e-04,5.587945258484047268e-05,1.549222191948282411e-05,4.919859283176451260e-05
9.986947881868979415e-01,9.108269499475756762e-04,2.231544346312353921e-04,4.941407450065284421e-05,1.218163540226376083e-04
9.965350585866300515e-01,2.111501558058126622e-03,9.548969995128507408e-04,2.215023045816878549e-04,1.770405512171916004e-04
9.943057909114639825e-01,3.362068787141045227e-03,1.773148826297564224e-03,3.486828972338266303e-04,2.103085778634988660e-04
9.847749360679036723e-01,5.537965962573404392e-03,7.634153611859416724e-03,1.801309720717329853e-03,2.516346369462996689e-04
9.952352213352613219e-01,1.906406008120802454e-03,2.158058144175700917e-03,5.772007020690497498e-04,1.231138103731725360e-04
9.989411814166916370e-01,6.076073342698970524e-04,3.322500391519723258e-04,7.405321582156281434e-05,4.490799406484086127e-05
9.978954494489417071e-01,1.146901081290144404e-03,5.882038663074801036e-04,2.612899976517696257e-04,1.081556058090475908e-04
9.971817143281740403e-01,1.211528235061914288e-03,6.044472177043674812e-04,7.884175479349626176e-04,2.138926711247302027e-04
9.993937956055221061e-01,3.707459350659194578e-04,1.165970172507800910e-04,5.319638211217317820e-05,6.566506004913610320e-05
9.996110067003037836e-01,2.621319726123636689e-04,6.075897907145376284e-05,1.900073142050645803e-05,4.710161659204704151e-05
9.994132328488265493e-01,4.183812972584768442e-04,9.193397225202829166e-05,2.137453811590120617e-05,5.507734354707202409e-05
9.997475233504840020e-01,1.709679107685854727e-04,3.678776682783338768e-05,8.874849294908910839e-06,3.584612262473903927e-05
9.996840295548848898e-01,2.221512992085734666e-04,4.407262475791697118e-05,1.138990695800289689e-05,3.835661419056252781e-05
9.997321974673152312e-01,1.808554506444389224e-04,4.491346365105613531e-05,1.155049812380883754e-05,3.048312026536823712e-05
9.996554628365785788e-01,2.336368765463115111e-04,5.251425945467502190e-05,1.862096506633170002e-05,3.976506235410131641e-05
9.993660027433430848e-01,4.051803831834101255e-04,1.179017843374926541e-04,5.663034501733119736e-05,5.428474411856484545e-05
9.989565766616770315e-01,4.831706514349293257e-04,2.780164594479016152e-04,2.007071696190057997e-04,8.152905782117762649e-05
9.989714983669052417e-01,5.982858564293231252e-04,2.489627459853910600e-04,1.198966895541065552e-04,6.135634112582357932e-05
9.990564599258073830e-01,6.486027258434593065e-04,1.915101519853821394e-04,4.988523260610712640e-05,5.354196375768317074e-05
9.989487985052039054e-01,7.782917942218610949e-04,1.810395821901276221e-04,4.376359277624883689e-05,4.810652560785941100e-05
9.993526629772213621e-01,4.828428474851536516e-04,1.037265512554269152e-04,2.930264796256180535e-05,3.146497607552476317e-05
9.995322769061131263e-01,3.336092138929341909e-04,7.949330375387512690e-05,2.182974567363762730e-05,3.279083056629303832e-05
9.993957475503892907e-01,4.155178041777393325e-04,9.965137355040492174e-05,4.018219006593495781e-05,4.890108181644619429e-05
9.987102045017625107e-01,9.194418594200274479e-04,2.134684745600400784e-04,7.543235979040344911e-05,8.145280446703478158e-05
9.994503146105113700e-01,3.993719675483358117e-04,9.241906131604667900e-05,2.741901028792571990e-05,3.047535033629023997e-05
9.993123879395371389e-01,5.169546891555923179e-04,1.002901477983820301e-04,2.423428118830118813e-05,4.613294232059852984e-05
9.989749726072911784e-01,5.831407549206852128e-04,1.721013679399858770e-04,1.302208357550378043e-04,1.395644340930702265e-04
9.994367000352878394e-01,3.434432675801766285e-04,8.900091181923756823e-05,5.037955231470468654e-05,8.047623299809246553e-05
9.996923177193729471e-01,1.758197506168007219e-04,4.439137704518736490e-05,2.696377571049310897e-05,6.050737725463375017e-05
9.995566619268092534e-01,2.545582840106643224e-04,4.745618412720690419e-05,2.925521959305380702e-05,1.120683854597832039e-04
9.962110915281261470e-01,2.840490273541517764e-03,3.544472490107380578e-04,9.604723431464526611e-05,4.979237150070092710e-04
9.928237024111551401e-01,5.997826148044849322e-03,6.426195003484359500e-04,7.274684158550687456e-05,4.631050988661629289e-04
9.982380993102079048e-01,1.391165056830989764e-03,1.383058188334298512e-04,1.968073673812691048e-05,2.127490773892748172e-04
9.982484198988991198e-01,7.328917452242907516e-04,1.097896715267314541e-04,3.411088643681317719e-05,8.747877979130021893e-04
9.988791783839157112e-01,7.125730507687314322e-04,1.079631872508891340e-04,2.922086124141659404e-05,2.710645168233339719e-04
9.979519958597524720e-01,1.077941820837760838e-03,1.478722796853488652e-04,4.349598759857713275e-05,7.786940521258365472e-04
9.992449511136951568e-01,4.646889266796708174e-04,6.985903333743770588e-05,1.892209334168483116e-05,2.015788329459299217e-04
9.988293169889796985e-01,8.684563446310134861e-04,1.247639124178325702e-04,2.268574663708568500e-05,1.547770073342527922e-04
9.986919300305656666e-01,1.072683583314518706e-03,1.226851125686405884e-04,1.759432353476565031e-05,9.510695001634202268e-05
9.980659772969314725e-01,1.109482595375630700e-03,4.668229026589806397e-04,1.326771662663283865e-04,2.250400387676292980e-04
9.982328447521683357e-01,9.289749795853567867e-04,4.867938498436806300e-04,2.144148126800560195e-04,1.369716057224374317e-04
9.970207631138030546e-01,2.122791692189836873e-03,5.929017708295775298e-04,1.216892859104553654e-04,1.418541372669450851e-04
9.966290559485173617e-01,2.551916750832782226e-03,5.560170559583618721e-04,1.271153280950430148e-04,1.358949165964043915e-04
9.963630038120342425e-01,2.783668807022201663e-03,5.241469660399414743e-04,1.022819350999195942e-04,2.268984798037230197e-04
9.958857806801595380e-01,2.705021470226032319e-03,1.186033439625472710e-03,1.136700108604883722e-04,1.094943991282829065e-04
9.943115356535773275e-01,3.681398009926571506e-03,1.615934223396945117e-03,9.014589540733754800e-05,3.009862176917123071e-04
9.821556975903815712e-01,1.051637741372721431e-02,6.430438863162595345e-03,1.941229589959430366e-04,7.033631737326695617e-04
9.786419050664619812e-01,1.471377498264335275e-02,5.947552451697257769e-03,1.394149411119807486e-04,5.573525580853413942e-04
9.897824870483189486e-01,6.520436340549669307e-03,2.958821052868394058e-03,8.009826915245793488e-05,6.581572891105928139e-04
9.653938586406735078e-01,2.293430229648977386e-02,9.557930339828542982e-03,1.709440619809669576e-04,1.942964661027223776e-03
8.626818168275077747e-01,7.714198614710965352e-02,5.829300731662247215e-02,3.617119971006060950e-04,1.521477711659500890e-03
7.937857190908829130e-01,1.260802216053843183e-01,7.798763605278875854e-02,4.686285152722071854e-04,1.677794735671533054e-03
8.790532959716436112e-01,7.184478788085617296e-02,4.808306371304859467e-02,3.136632796759762751e-04,7.051891547755887758e-04
5.920347615261386531e-01,2.371733116682175346e-01,1.690017141689128533e-01,6.785445623747950617e-04,1.111668074356148526e-03
5.158397271902691594e-01,3.114142170291856471e-01,1.709257633089216466e-01,5.094143954311422832e-04,1.310878076192363529e-03
3.697001709507963807e-01,4.007887932968622891e-01,2.275289174718079233e-01,6.484603861807435336e-04,1.333657894352752258e-03
2.479444564069700763e-01,4.605214071948682264e-01,2.887594689121707470e-01,6.548353141414979582e-04,2.119832171849565707e-03
1.961632609393426097e-01,4.931436744326785915e-01,3.078484182995813168e-01,6.845231109798496916e-04,2.160123217417608127e-03
2.834843964012105921e-01,2.134947439876543895e-01,4.953800954265249468e-01,2.383806564322736143e-03,5.256957620287233506e-03
8.301435321102437204e-01,5.697212679185726519e-02,1.094383176742685232e-01,1.101867996245987479e-03,2.344155427384453025e-03
6.872849151686512004e-01,1.026553037349693248e-01,2.051248223695604223e-01,1.239611799024233334e-03,3.695346927794595886e-03
5.050894886413838103e-01,2.612615986589312267e-01,2.218963700842176145e-01,1.148925774418006578e-03,1.060361684104938092e-02
4.842746096643944509e-01,2.530124431057803047e-01,2.116851801958148649e-01,1.079780031791155882e-03,4.994798700221917548e-02
3.842314838140091227e-01,2.718761244487821194e-01,2.968640832779163019e-01,1.159372898742443191e-03,4.586893556055003651e-02
3.224626925573415570e-01,1.911584952505046564e-01,4.598626915538372439e-01,2.212228318961975866e-03,2.430389231935452948e-02
1.014900580780858097e-01,1.548877726320673776e-01,7.287178851694720016e-01,3.617591834787335474e-03,1.128669228558740537e-02
3.574102787375078860e-02,2.281968677280456215e-01,6.927444454549502861e-01,1.966922821508682116e-03,4.135073612174464813e-02
2.531710360917265382e-02,2.498608633983482319e-01,6.592307772469120364e-01,1.931717629886565762e-03,6.365953811568043907e-02
1.493663407538498716e-02,2.430603179670404734e-01,5.877960665628356729e-01,2.236038487272377050e-03,1.519709429074664331e-01
2.295222392708673453e-02,1.691876452532232455e-01,7.363283624914374048e-01,3.248731115383987015e-03,6.828303721286867189e-02
8.099077486270643556e-02,2.853063131440345401e-01,5.366672865154642480e-01,1.613352075295369954e-03,9.542227340249943845e-02
1.352810949055924805e-01,3.656199747316375981e-01,4.121012663914891405e-01,9.964069776775691389e-04,8.600125699360326725e-02
6.400320919572545508e-02,3.633317361689567537e-01,4.848275812807590901e-01,1.036438058338517380e-03,8.680103529622022751e-02
2.801365048845594688e-02,3.667908371530729794e-01,4.019372377556996168e-01,1.033924090350212856e-03,2.022243505124211860e-01
1.278113657063326691e-01,3.216978723901231518e-01,3.786457510361906365e-01,2.236244045154647461e-03,1.696087668221989420e-01
7.587268873573266292e-01,1.222847344561051458e-01,7.737200663185068994e-02,1.070331917261965488e-03,4.054603963745553874e-02
8.791685774778441598e-01,6.138453360070433157e-02,3.368406666491405299e-02,7.286791773719139033e-04,2.503414307916547107e-02
7.570698336870481659e-01,1.044767770189510142e-01,8.047804832767008199e-02,1.227040895779866504e-03,5.674830007055094161e-02
5.980800128084745593e-01,1.757346852397299319e-01,1.864127780405336055e-01,1.984167367434424688e-03,3.778835654382745046e-02
3.022138842495502020e-01,3.176989885165177885e-01,3.247605091938984834e-01,2.340999237106640169e-03,5.298561880292698700e-02
3.103542817204221760e-01,2.314227998178981505e-01,4.158389813384884004e-01,3.073048147123775935e-03,3.931088897606754839e-02
1.141627123940247568e-01,2.812492908146599357e-01,5.568521767911132070e-01,2.763473703161907838e-03,4.497234629704024295e-02
7.962270512927452359e-02,3.333445786530436772e-01,5.178171083521831974e-01,2.340145569212486679e-03,6.687546229628610339e-02
9.964007502930728732e-02,3.818107337172028659e-01,4.118603346802871545e-01,2.089270943186854849e-03,1.045995856300159232e-01
7.507212950978653376e-02,3.215633709414214003e-01,2.739312394843218534e-01,1.297639669368502637e-03,3.281356203951016903e-01
2.280231184512176157e-01,2.312689251260235390e-01,2.149597823361463766e-01,2.051584514882407936e-03,3.236965895717300867e-01
2.833936714832673287e-01,1.838325734634758124e-01,1.460234354559233061e-01,1.753082586690874909e-03,3.849972370106427011e-01
2.881950666725366927e-01,2.322715788921065061e-01,1.910454354932124010e-01,1.964887035615409724e-03,2.865230319065290021e-01
3.033566878083421292e-01,1.873900103825865415e-01,2.374498408211227762e-01,2.310395373016871975e-03,2.694930656149316928e-01
1.442104788530994830e-01,2.635901172909751455e-01,2.850904163770613953e-01,1.925034204598203343e-03,3.051839532742657846e-01
1.146634069772873299e-01,2.360274620192822081e-01,2.574875416246206195e-01,1.697560084764912405e-03,3.901240292940449383e-01
1.983601451294447204e-01,2.142458913296780565e-01,3.334756105454053099e-01,2.340491255618805735e-03,2.515778617398530814e-01
7.092192727328876511e-01,1.419298540180543022e-01,1.005547318352524866e-01,6.411501957970214445e-04,4.765499121800857718e-02
4.965608865263753113e-01,1.289303048225492188e-01,9.769105654167838104e-02,8.254851726108869978e-04,2.759922669367862458e-01
3.656415061307834447e-01,1.954391344430334299e-01,2.933391645903581924e-01,2.616731859945826966e-03,1.429634629758790854e-01
2.085149666685484349e-01,3.207173455410294860e-01,3.910735296187632937e-01,1.817558916075204777e-03,7.787659925558371166e-02
1.905411222403463334e-01,3.585481459561303264e-01,2.552034919160780513e-01,8.423630033551384854e-04,1.948648768840901269e-01
1.865558771702344187e-01,3.302866833391921997e-01,3.685116903353138906e-01,1.180680336091729891e-03,1.134650688191677498e-01
1.616930343021097394e-01,3.956543278524169982e-01,3.333219582624303290e-01,8.871808209817799544e-04,1.084434987620612328e-01
1.226037270005104485e-01,4.051854300279280618e-01,4.172888163591107480e-01,9.009080278625996663e-04,5.402111858458819027e-02
4.696223193879849878e-01,2.309522351995254574e-01,2.141630090382766749e-01,1.067152232235553735e-03,8.419528414197732791e-02
2.388900498700905206e-01,3.537067947556880587e-01,3.192957023383234949e-01,1.418077357869329232e-03,8.668937567802860455e-02
1.275639746127791019e-01,3.992980859438771679e-01,4.078770586607440296e-01,1.094820359130789598e-03,6.416606042346879868e-02
4.890307280929663547e-02,2.736372168512257730e-01,6.587651918929251504e-01,1.377975228766477366e-03,1.731654321778590411e-02
4.971319596306369992e-02,3.620923281310903796e-01,5.577063643127019299e-01,1.301804551604500296e-03,2.918630704153955813e-02
6.969015477115313162e-02,3.429721703515333786e-01,5.440239182486406033e-01,1.819471912228102757e-03,4.149428471644484723e-02
7.784240377988452253e-02,3.437147203034474074e-01,4.951081773621816562e-01,1.190094294611283767e-03,8.214460425987515912e-02
2.846860404123143229e-01,2.104837170418987213e-01,3.519912004559850871e-01,1.622148565571741906e-03,1.512168935242300671e-01
8.612453893424896201e-01,3.978969599060171863e-02,4.341838380222364652e-02,7.707510108300976359e-04,5.477577985385481685e-02
9.210249625811206542e-01,4.673675086073755119e-02,2.030513219064455921e-02,2.428732269931821214e-04,1.169028114050391261e-02
7.840093482046452955e-01,1.517176898068160196e-01,5.246239221726114316e-02,3.597105118457225004e-04,1.145085925943193673e-02
6.045009359287336625e-01,2.498662594000711779e-01,1.299189680227715582e-01,9.249571034337132147e-04,1.478887954498980285e-02
3.005867300254159713e-01,3.798251106092272456e-01,2.573184781837910551e-01,1.640295506782951055e-03,6.062938567478275143e-02
1.252042472524872163e-01,3.724130394112646902e-01,4.493839556779873345e-01,2.347283065193998559e-03,5.065147459306686833e-02
1.536661123667590612e-01,3.867428954692373466e-01,3.919851512366201440e-01,1.987314494597623282e-03,6.561852643278588693e-02
7.406256849228715078e-02,4.602104670587376933e-01,3.612063150859989857e-01,1.329434728496157493e-03,1.031912146344800552e-01
1.094590085349284037e-01,4.133757183637946087e-01,4.295900612082986236e-01,1.011161116728291100e-03,4.656405077624994893e-02
5.757793219617815539e-02,2.535008821430796422e-01,6.376407407732503918e-01,1.698189098911552248e-03,4.958225578858021371e-02
4.848749905893559031e-01,1.320867623998031870e-01,3.480772234081853655e-01,3.520390130595288901e-03,3.144063347206028924e-02
7.222938306873515346e-01,1.072750192557074406e-01,1.545275100360778697e-01,1.139202899369157673e-03,1.476443712149416027e-02
7.127858185078640441e-01,9.384899215056845267e-02,1.587909144237421855e-01,1.989478430539111126e-03,3.258479648728615508e-02
4.636378179725579307e-01,6.316163606275232434e-02,4.359305474151430881e-01,8.864353259435232141e-03,2.840564529011136569e-02
3.176148961112437719e-01,5.594615858709111461e-02,4.083462370966901567e-01,7.346889633630239100e-03,2.107458185713446952e-01
3.176880863142360623e-01,1.341492138829440128e-01,4.717118389828804936e-01,5.119027628021181019e-03,7.133183319191820082e-02
3.210470297689118069e-01,1.957381363962292231e-01,4.335882476801135033e-01,2.745249433052251997e-03,4.688133672169323557e-02
2.031190105531332779e-01,2.185260237666950267e-01,5.360418420496332326e-01,1.874481776578367257e-03,4.043864185396005978e-02
4.508183888454285193e-01,1.707426027577447214e-01,3.597298884189737422e-01,1.515664135122798267e-03,1.719345584273011124e-02
1.507724060482645012e-01,3.772344771119600093e-01,4.116542795536750066e-01,1.543702302245834358e-03,5.879513498385462167e-02
1.354433720803461250e-01,4.031415281200451672e-01,3.936413927252655487e-01,1.076330242781626959e-03,6.669737683156155839e-02
3.957966432209748808e-02,4.923152282858810347e-01,3.888193817739258318e-01,7.401885682906956653e-04,7.854553704980495044e-02
2.228206567895780338e-02,4.336677214917333822e-01,4.637617561963658930e-01,7.719746361978510520e-04,7.951648199674507533e-02
2.060873519789215569e-01,3.149920909421778381e-01,3.523705569613846400e-01,1.174343423141831254e-03,1.253756566943740602e-01
5.535636050222738636e-01,1.340520475942126866e-01,1.848525998564083117e-01,2.142303207196389302e-03,1.253894443199087549e-01
3.999887491089981206e-01,9.026068575713210029e-02,3.681678258517286917e-01,1.045816917207256780e-02,1.311245701100685057e-01
3.704089384686783948e-01,8.379331720284316498e-02,3.687764516467377240e-01,9.330471049689816401e-03,1.676908216320508460e-01
8.243923190888304831e-01,3.219510053859057225e-02,6.603054653105921989e-02,1.416074281685517598e-03,7.596595955983440063e-02
9.223340278855909347e-01,1.808617656197288731e-02,2.358658425354945992e-02,7.202950514836516799e-04,3.527291624740308551e-02
8.923416951283709153e-01,9.584952479108949444e-03,1.252145563596038583e-02,9.979761641089089988e-04,8.455392059245074587e-02
6.784255837101671460e-01,2.519492300305526192e-02,3.499932376689126462e-02,2.022476852081976639e-03,2.593576926678042294e-01
8.143315124963045326e-01,1.497175135453230645e-02,1.341577019493125217e-02,6.029347371192260744e-04,1.566780312171127398e-01
8.075653228625379043e-01,2.226646545401658739e-02,8.699250486336980448e-02,4.705143886556653783e-03,7.847056293351900580e-02
9.503465218994545660e-01,5.958240058317782091e-03,6.660180931616796647e-03,4.061758413670302388e-04,3.662888126924390003e-02
9.432115828717287931e-01,6.287496634250522819e-03,7.489147982746678991e-03,4.797542376941498323e-04,4.253201827357987186e-02
8.112194267349583932e-01,6.256023755028763782e-03,9.857601491935751373e-03,1.044433762348901881e-03,1.716225142557281369e-01
9.413753675215579264e-01,1.492428166519967157e-03,9.578016452592963935e-04,1.038409344158489452e-04,5.607056173224700402e-02
9.744850743483132183e-01,2.488424033220223812e-03,1.500461758804051736e-03,1.822295348898738006e-04,2.134381032477254345e-02
9.202525174162686783e-01,2.641861838809752075e-02,1.917228398697211345e-02,6.905016946409484350e-04,3.346607851402050304e-02
9.466485076630664075e-01,1.013408131791794856e-02,9.023211071299526778e-03,4.556385487572060344e-04,3.373856139895882456e-02
9.233972365326221787e-01,1.344646190145937920e-02,3.697956463851118786e-02,3.433155855872577905e-03,2.274358107153463468e-02
8.895734958519621038e-01,1.261491143841812247e-02,4.015337740386933779e-02,3.368809688670290018e-03,5.428940561708013590e-02
9.530128758687703705e-01,5.080707758826072569e-03,8.560336946824989926e-03,6.998106312874179937e-04,3.264626879429112505e-02
9.617190516018623292e-01,2.701410082449806540e-03,5.328848378823242485e-03,4.516495381689768153e-04,2.979904039869545399e-02
9.873175319631457558e-01,1.827419512169621866e-03,2.493956042349989698e-03,1.864195521025739503e-04,8.174672930231878520e-03
9.873481446909108117e-01,2.599372283233031614e-03,2.303910561261121072e-03,1.785545574318847073e-04,7.570017907163112056e-03
9.198451076097439172e-01,1.387860761628145929e-02,2.572993109297224551e-02,1.027737388024213593e-03,3.951861629297822448e-02
8.504100274657205860e-01,2.750052764580011161e-02,9.302682897976534415e-02,3.855722215028106227e-03,2.520689369368568286e-02
7.998015880712072700e-01,1.227900992045722478e-02,4.461233647935551605e-02,4.389214496781999875e-03,1.389178510321980031e-01
8.540776875009135072e-01,9.487894478937962395e-03,2.283328191423398060e-02,1.891682438059792649e-03,1.117094536678548827e-01
7.377168727880963894e-01,2.304502597369320616e-02,1.076146945569807223e-01,7.825202361871242893e-03,1.237982043193584791e-01
7.891733580329708397e-01,7.518575511120323580e-03,2.868609391211106655e-02,3.159795537897150397e-03,1.714621770059005512e-01
7.507216784613011118e-01,6.794957795525672153e-03,1.916703094991683426e-02,3.124228397970714270e-03,2.201921043952856927e-01
6.215666378010795690e-01,1.372739403611127756e-02,2.977006863118003208e-02,3.241266368209152864e-03,3.316946331634199052e-01
5.970249054539096267e-01,1.618944119592278727e-02,1.554204427214954387e-01,3.018387343844711190e-02,2.011813371902251013e-01
5.272416230244481028e-01,1.353667128061978794e-02,2.924399980749150529e-01,7.035645727643059788e-02,9.642525034358642722e-02
4.711213720447884890e-01,2.341231751836444705e-02,2.595226988358154685e-01,3.921521731776024533e-02,2.067283942832713606e-01
5.589116048951622284e-01,1.444261468680833362e-02,2.214273407071634947e-01,5.081412773851566589e-02,1.544043119723501889e-01
4.960164719422273660e-01,1.625229664203152805e-02,3.046002426755576309e-01,5.545818138891284860e-02,1.276728073512705675e-01
3.581095042656439187e-01,2.418115891633035308e-02,5.148949022388736863e-01,4.904978175044116817e-02,5.376465282871098483e-02
3.566747326721699252e-01,1.822711861974923506e-02,5.072852764996745867e-01,8.159729805587268014e-02,3.621557415253341683e-02
4.587883869062098219e-01,1.697777070548564873e-02,3.766167996846915278e-01,9.285383222704055028e-02,5.476321047657238539e-02
3.914753027416397746e-01,1.386693473394489361e-02,3.238736698907732636e-01,1.057240764525661791e-01,1.650600161810758248e-01
5.671397655308507701e-01,2.270652241080217681e-02,2.033299105454511035e-01,4.325332927029498786e-02,1.635704722426008784e-01
4.044505814543599143e-01,2.417129331753957791e-02,3.996238207079742533e-01,9.829857920414548922e-02,7.345572531598083821e-02
3.746091477894107902e-01,1.760061266095780397e-02,3.699326836257905704e-01,9.903195018175514619e-02,1.388256057420855782e-01
6.289449188400743074e-01,2.801710293521341918e-02,1.734862970216715095e-01,3.112960501675695116e-02,1.384220761862838267e-01
6.764110662942398600e-01,3.460965550191382606e-02,1.569690270456158832e-01,1.356500342090168759e-02,1.184452477373286738e-01
4.821190839801478556e-01,2.652633485517209150e-02,2.762677054457909898e-01,5.049185104381671840e-02,1.645950246750722823e-01
3.829614971375303045e-01,2.479809729999069012e-02,3.840125626560760286e-01,6.716274907652372561e-02,1.410650938298791957e-01
3.481158542597916350e-01,3.503359369119346534e-02,3.970464770040273983e-01,4.352279162462650147e-02,1.762812834203609236e-01
2.615397521778932699e-01,6.521350893357970302e-02,3.560919443209846214e-01,1.788447675705083506e-02,2.992703178104915152e-01
3.715148445511123887e-01,2.702569112595605907e-02,2.525977035325217557e-01,3.052379592118288978e-02,3.183379648692268860e-01
3.636629997497829447e-01,2.492020998300717438e-02,1.712499188359161428e-01,3.095009979882568443e-02,4.092167716324680571e-01
5.505020169425972609e-01,2.251529960197467747e-02,8.839770031119552340e-02,1.534357133073574117e-02,3.232414118134969150e-01
5.738664663991100978e-01,3.145655812902542481e-02,1.292237018297155704e-01,1.478839795051085579e-02,2.506648756916381449e-01
4.378482969192676877e-01,3.587302184028461766e-02,2.316578447270045971e-01,2.369027649776215411e-02,2.709305600156809435e-01
2.935797563735612070e-01,2.755289766232163137e-02,3.528230571960128126e-01,6.366225326171878751e-02,2.623820355063856691e-01
4.162343197828277663e-01,2.308532930627291146e-02,1.944045966651391510e-01,1.931202267293068153e-02,3.469637315728295035e-01
3.519424056301649339e-01,3.266540349923938852e-02,2.404623660985835409e-01,2.830221772460582083e-02,3.466276070474064164e-01
2.438874555486598428e-01,1.792113655084115464e-02,2.583443727687789737e-01,4.210130606740656450e-02,4.377457290643136378e-01
1.525330904932241938e-01,7.598208958325023028e-03,1.767741838741138383e-01,3.187227556602822282e-02,6.312222411083088236e-01
4.186470464471254149e-01,1.879228010573501251e-02,1.586623359101330677e-01,1.560208447820882020e-02,3.882962530587977246e-01
4.349851567332781999e-01,2.344739317499759321e-02,2.272117072217577360e-01,1.823606716802337116e-02,2.961196757019431414e-01
3.960606311542855251e-01,2.348742814269367055e-02,3.962476404875681646e-01,4.490177053764855819e-02,1.393025296778040156e-01
4.608007979383998975e-01,1.787812546959527404e-02,3.518512554804971160e-01,3.605475554063354571e-02,1.334150655708742361e-01
5.861314940799543516e-01,1.373136237194175387e-02,1.638921471104216876e-01,2.175903238062520950e-02,2.144859640570569714e-01
5.292310115729458309e-01,1.563935926313946359e-02,1.643126782970207311e-01,2.439146754713187454e-02,2.664254833197620687e-01
4.412285068918624376e-01,3.049368031368957649e-02,3.001222320910997277e-01,3.513543719347819727e-02,1.930201435098700402e-01
5.133917184942984324e-01,2.574823185275911669e-02,1.895175375274104346e-01,2.224566741831040736e-02,2.490968447072216818e-01
3.182579980910679729e-01,4.121287352650418456e-02,4.809066810991526331e-01,4.268018633125860578e-02,1.169422609520166384e-01
3.095705220427595883e-01,5.437038622756083101e-02,4.940960272076356796e-01,2.974200892105845206e-02,1.122210556009853866e-01
4.870227547251927414e-01,2.143807862360971872e-02,2.988335358337323444e-01,4.062596987673141452e-02,1.520796609407336353e-01
7.233186848096325727e-01,3.002552058129854748e-02,1.589745340262344875e-01,2.073912199176450658e-02,6.694213859106980247e-02
6.355450572237182350e-01,3.177699623773698467e-02,2.650681006808113249e-01,2.939290824756059239e-02,3.821693761017271040e-02
6.606914219539750110e-01,3.076559047011213563e-02,2.093388060475778190e-01,2.155058318981341661e-02,7.765359833852161775e-02
7.567376853264831116e-01,1.834001309541830396e-02,1.277297670161194887e-01,1.431382074763318940e-02,8.287871381434590290e-02
7.394290635212418250e-01,3.118599063025912638e-02,9.916675067383119713e-02,1.234913972678688444e-02,1.178690554478811214e-01
7.953261170014992443e-01,9.898467709091021347e-03,2.676903119387932101e-02,6.152996752039428981e-03,1.618533873434908343e-01
7.492225272295229832e-01,1.019423738634017175e-02,3.114934068075085258e-02,5.740105732822977334e-03,2.036937889705629223e-01
7.758081487329036019e-01,1.342012484373042609e-02,4.807192176678325157e-02,8.446295010842517353e-03,1.542535096457402777e-01
7.685091395799269476e-01,3.031842522690331859e-02,9.637342887057590013e-02,7.007466452631876813e-03,9.779153986996194647e-02
7.100300998959507837e-01,5.929189346263590704e-02,1.149014896595895729e-01,6.650709625680446130e-03,1.091258073561431619e-01
7.139368826760157383e-01,5.956231898349215181e-02,9.992379087304839591e-02,6.635442580019629624e-03,1.199415648874239126e-01
7.932546809516537456e-01,2.538485043389122203e-02,8.992339866233071966e-02,1.214730565968157733e-02,7.928976429244276314e-02
5.302307858041774846e-01,4.684262362407867752e-02,3.291347927371169324e-01,1.880394730588001717e-02,7.498785052874690216e-02
4.448810403669523628e-01,6.613678523494172234e-02,3.772220475917828497e-01,1.771439527255895194e-02,9.404573153376409589e-02
5.564534312754136902e-01,5.556223506699855402e-02,2.835044011045974588e-01,1.887981386679000312e-02,8.560011868620015507e-02
6.500980660485087270e-01,3.309208896266933181e-02,1.130458405416778778e-01,9.974390768835108070e-03,1.937896136783088252e-01
5.579948853973183409e-01,5.004764359121741113e-02,3.208972681393769122e-01,1.902827883256228564e-02,5.203192403952493911e-02
6.453120970759014252e-01,4.977579564131410367e-02,2.411336007723825225e-01,1.798847773270811912e-02,4.579002877769374619e-02
5.998702144457443985e-01,5.348376409398419157e-02,2.656620608213753898e-01,1.633902530836461864e-02,6.464493533053143615e-02
6.041734787188461908e-01,5.949991216023110818e-02,2.953020403308485031e-01,6.687386749880146718e-03,3.433718204019403641e-02
9.138928998638315981e-01,2.820324373460041459e-02,5.008980507192474507e-02,1.225098592423745029e-03,6.588952737219400460e-03
8.335933275638411910e-01,5.128417489645406557e-02,9.069043022861222880e-02,3.195058841770865871e-03,2.123700846932164224e-02
4.944565058564122650e-01,1.115967878935826274e-01,3.030936289564097885e-01,1.073230276422995795e-02,8.012077452936537669e-02
2.348288341896085374e-01,7.793790236696114537e-02,5.162254176328251454e-01,1.418730189620430113e-02,1.568205439144006730e-01
3.860080027723649665e-01,6.063991648376756971e-02,3.106150314041832283e-01,1.118596075271419132e-02,2.315510885869699054e-01
2.633951320726352074e-01,9.010249676840084709e-02,4.441078999586789422e-01,9.453484699099116984e-03,1.929409865011859626e-01
2.238222484350175234e-01,1.166834634060554404e-01,3.586774521581393982e-01,5.652987284596017702e-03,2.951638487161915569e-01
2.355212053634717639e-01,8.116087126970966681e-02,4.782808671491013408e-01,9.347892517667500886e-03,1.956891637000498230e-01
1.840161473587811902e-01,7.037098256291432485e-02,4.286268780064182438e-01,5.730027776529782700e-03,3.112559642953564576e-01
4.428178397602147154e-01,7.390953090760295219e-02,2.323001395643588818e-01,3.908653808155486756e-03,2.470638359596678268e-01
4.339609037413661441e-01,3.032152046831659148e-02,2.013255992239008918e-01,1.084262439115605756e-02,3.235493521752602630e-01
3.139765694713596567e-01,2.453257527998911960e-02,2.375007074395074635e-01,1.493789311248197062e-02,4.090522546966618989e-01
5.278506047477151686e-01,2.193822413491730919e-02,1.583612786658586957e-01,1.479450810920814909e-02,2.770553843423007034e-01
5.139076198329849410e-01,3.616733481603748301e-02,8.861565554568213987e-02,3.850845136707589569e-03,3.574585446685877854e-01
6.396317209380000257e-01,2.201836987422711375e-02,7.799983808648076888e-02,7.042256621958653193e-03,2.533078144793333708e-01
4.360013376930536588e-01,3.546142707421686552e-02,1.450120378710494651e-01,6.847574451475314967e-03,3.766776229102046791e-01
3.738111836238289243e-01,5.513334777279599308e-02,2.768057786164475065e-01,8.703448908332571399e-03,2.855462410785949978e-01
4.229156941274651027e-01,3.880516069152434300e-02,2.873704365888581358e-01,1.592845613713537306e-02,2.349802524550169691e-01
5.265338872842074691e-01,4.290388920319333776e-02,1.432419571031438299e-01,7.361699401992848057e-03,2.799585670074624111e-01
5.220750964166540609e-01,5.890186850664333451e-02,1.340597797375032707e-01,6.845624306110237658e-03,2.781176310330891188e-01
5.401854929714969833e-01,5.517637432060012309e-02,7.974409640161801704e-02,4.506176559444569421e-03,3.203878597468404754e-01
6.725697111274834272e-01,2.901280984926745549e-02,5.443411819502032289e-02,5.115998079106255474e-03,2.388673627491225415e-01
6.420144321091489914e-01,4.470403648072765468e-02,1.362585811714139283e-01,1.011074242137121118e-02,1.669122078173382318e-01
5.186600378808234879e-01,8.405557063728306966e-02,2.940477912524870896e-01,9.187916944521683921e-03,9.404868328488488749e-02
7.424538958315627379e-01,3.834136816134914999e-02,1.378320988664138713e-01,7.444142319769852904e-03,7.392849482090434188e-02
8.067397739582988780e-01,2.413898788511928406e-02,7.600516152442783613e-02,5.102644798920247596e-03,8.801343183323385999e-02
8.069782514836554288e-01,2.313340688437293124e-02,1.251196648382202625e-01,5.824102736337217166e-03,3.894457405741420797e-02
8.406540242208396796e-01,1.909808821221872094e-02,6.967478427348676451e-02,4.337380108554890826e-03,6.623572318490000832e-02
7.712241469055404197e-01,4.799369348195815788e-02,8.379848149028204518e-02,3.319069306503650597e-03,9.366460881571561647e-02
8.114369569170166718e-01,2.607907787337699138e-02,3.968784217364700745e-02,2.073729279659013245e-03,1.207223937563003252e-01
7.060196115257864058e-01,4.634960498496519532e-02,1.419172819906406868e-01,6.532216919126138457e-03,9.918128457948147125e-02
6.726244062489308284e-01,1.053271277729952854e-01,1.079089846567288791e-01,2.564945740422201748e-03,1.115745355809230066e-01
2.997566990767722150e-01,6.748066802929394981e-02,7.181294050470475587e-02,2.665928141086668091e-03,5.582837642481424112e-01
1.134636623577280068e-01,4.631578499935230797e-02,8.834881504595024082e-02,3.343030855569634977e-03,7.485287067413998185e-01
4.984655984496965120e-01,3.431183880709452738e-02,2.698184937243130674e-02,9.833096196844486395e-04,4.392574037510931784e-01
7.368584252012735369e-01,1.894245924223713837e-02,1.426213440759577580e-02,6.990920445240158838e-04,2.292378891043695688e-01
7.308488969378298394e-01,1.606728237732665820e-02,4.551343792257642878e-02,1.850050778873270352e-03,2.057203319833938449e-01
7.197293089086815865e-01,8.885620343104059377e-03,1.392025763314034062e-02,6.616523293158087671e-04,2.568031607857581555e-01
9.149325551025793146e-01,1.491546206153671235e-02,1.228566785316953687e-02,4.336693521013323819e-04,5.743264563061310779e-02
8.661035849491856009e-01,3.052434429588771203e-02,3.308421419145272935e-02,7.615492709904129803e-04,6.952630729248343577e-02
7.850618799153884497e-01,4.224445121105743772e-02,8.102506003791160039e-02,3.152349796096845600e-03,8.851625903954561669e-02
5.920587885019161778e-01,4.861127628586373040e-02,1.563803761375279211e-01,6.820520914052544646e-03,1.961290381606395350e-01
2.836490302010220010e-01,5.082405567591138235e-02,3.424590702600677217e-01,1.166677228580089050e-02,3.114010715771980409e-01
2.652770826633809031e-01,4.154243402284359121e-02,2.451598713903891391e-01,1.122514264485655056e-02,4.367954692785297466e-01
2.075203114785402481e-01,1.991506078638566324e-02,1.639036068548781200e-01,1.639259768609396817e-02,5.922684231941018895e-01
2.483940882953893925e-01,2.722986956811820902e-02,2.161916546030294151e-01,1.879255059784095891e-02,4.893918369356220488e-01
2.231081479184280070e-01,2.686009120562976582e-02,4.447932546283307476e-01,3.758749209100517574e-02,2.676510141566061929e-01
1.388565711041507000e-01,2.929469695753796066e-02,4.981644517106057490e-01,2.760993348962922575e-02,3.060743467380763749e-01
1.566272590255340380e-01,1.834618670449004313e-02,2.917446237001568021e-01,2.310190268308074182e-02,5.101800278867384408e-01
1.857984660763585816e-01,1.152645293482138650e-02,1.111578601202086458e-01,1.463505913290801333e-02,6.768821617357035914e-01
2.522004554576163238e-01,2.136343740221351845e-02,1.137584742177240038e-01,7.580858302477809507e-03,6.050967746199683583e-01
4.710093201363003135e-01,4.194682420185004423e-02,1.619772581751174056e-01,6.423357877993752553e-03,3.186432396087385266e-01
2.103315618043180568e-01,6.408686078580097534e-02,3.999260880453219258e-01,1.178733552694644082e-02,3.138681538376126290e-01
1.996508510601096298e-01,7.159966991780269963e-02,3.832758262477283795e-01,9.036698272137121124e-03,3.364369545022220520e-01
2.166972008001104844e-01,3.547599793006479124e-02,3.710546673504425685e-01,2.247555507825175700e-02,3.542965788411304162e-01
2.356296854177288014e-01,2.310116268288558289e-02,2.352254827169340812e-01,1.325991964492394953e-02,4.927837495375275156e-01
1.836365828895666907e-01,4.748079996584726736e-02,3.074136586162407037e-01,9.870841581485049337e-03,4.515981169468603063e-01
2.528874888993525305e-01,5.144683214291466411e-02,3.185881502785966601e-01,6.059056812529326104e-03,3.710184718666066916e-01
2.113648698598585007e-01,4.854671228250258957e-02,4.921541620650471405e-01,1.347194432085456819e-02,2.344623114717371837e-01
2.700443939849696551e-01,3.701413978107823827e-02,2.594355254304805958e-01,1.305748737156984564e-02,4.204484534319016809e-01
2.794080665978291300e-01,3.831581498410033954e-02,3.948791457998325760e-01,2.182614636395602964e-02,2.655708262542819109e-01
8.103481596157537936e-01,2.963623904735614850e-02,1.311063066796170906e-01,7.710589526139713726e-03,2.119870513113330732e-02
7.279029948140390838e-01,3.716742167764989363e-02,1.247626077937623174e-01,1.112010481902192191e-02,9.904687089552678680e-02
4.931828330225574986e-01,1.790866778477558791e-02,6.606896718027284454e-02,9.450853383628091478e-03,4.133886786287658821e-01
4.286594375847801452e-01,1.701733373576488559e-02,4.870467743109969938e-02,8.164077259201086428e-03,4.974544739891542111e-01
3.929997103078066156e-01,2.890498953224342193e-02,1.248789348629601031e-01,1.690231291801209262e-02,4.363140523789777458e-01
3.787056656451248671e-01,1.274400140886704745e-02,4.142454030038869583e-02,8.073048954913175645e-03,5.590527436907061221e-01
4.082885726251039293e-01,1.538295379421837986e-02,1.171603526674712126e-01,2.133860476908467155e-02,4.378295161441217997e-01
3.754558745999629354e-01,1.185600838831940736e-02,1.048735408062436147e-01,1.450367138719097643e-02,4.933109048182830469e-01
5.890568600734946703e-01,8.580930254627640655e-03,9.017830635213491819e-02,1.457851345722733019e-02,2.976053898625154459e-01
5.162636316456731267e-01,1.795764096778893967e-02,8.810799108993477846e-02,1.015041633359272527e-02,3.675203199630103224e-01
6.464978901920696019e-01,1.974124996082677122e-02,1.103418011120800429e-01,1.400450456001837637e-02,2.094145541750051798e-01
7.212224296276527058e-01,7.713110180639237527e-03,2.685570685423097764e-02,6.512143490181612066e-03,2.376966098472955147e-01
5.523491358064871459e-01,1.147545384889075808e-02,3.083378863732789965e-02,3.848153405829730055e-03,4.014934683014644845e-01
4.689213647064897073e-01,2.771334104582377431e-02,1.391989322666512818e-01,1.839196107824860732e-02,3.457744009027864940e-01
3.682473199222654481e-01,2.000330444231891713e-02,1.206914510391269291e-01,1.539923929826195713e-02,4.756586852980268509e-01
3.664434961154083292e-01,1.329157646139584974e-02,1.867680399260382429e-01,5.622319108909116375e-02,3.772736964080664057e-01
3.094286437584993221e-01,1.065519086339157713e-02,1.422785578892660774e-01,4.735585199528676015e-02,4.902817554935563482e-01
2.000348197272907302e-01,8.131516596574050668e-03,8.106556288893351780e-02,1.974580137524750353e-02,6.910222994119542550e-01
4.616093332633905422e-01,5.757728625793439789e-03,6.454217126438384355e-02,1.705160638324820094e-02,4.510391604631840412e-01
3.980376003716891153e-01,1.109036267036674593e-02,1.212072540617459976e-01,2.740518326883999156e-02,4.422595996273581131e-01
2.259803096803306988e-01,2.057864731575986122e-02,1.064806250416632377e-01,1.358754512069572894e-02,6.333728728415504161e-01
2.825160461153674030e-01,2.403842933494730258e-02,1.703969552830447431e-01,2.122553625211290318e-02,5.018230330145277973e-01
3.001552305963475775e-01,1.918844232571391417e-02,1.357928196784523589e-01,1.477319283430286213e-02,5.300903145651831849e-01
3.200480826048198724e-01,1.983544970778878050e-02,2.642127945141296008e-01,2.704315130508513909e-02,3.688605218681765829e-01
3.788344018183021911e-01,4.247094975045303394e-02,2.025138225006348769e-01,1.301381651455868135e-02,3.631670094160511231e-01
8.070978445138563551e-01,2.602365455272039746e-02,5.525549298917147023e-02,2.261225129435703862e-03,1.093617828148162191e-01
5.741712712653955775e-01,4.528993468233732944e-02,8.915832501263343257e-02,3.341641548303743783e-03,2.880388274913298630e-01
4.655291361477857937e-01,3.153222753076972973e-02,1.101683166899289912e-01,1.061490906971573542e-02,3.821554105617997465e-01
3.381270304198459864e-01,4.699807582763809721e-02,1.940554915211026854e-01,1.583224844912491797e-02,4.049871537822883338e-01
2.172697949853852339e-01,3.018122670001371563e-02,2.226560824755279833e-01,2.605200422356102399e-02,5.038408916155119321e-01
3.358578860693978707e-01,3.552177460635453504e-02,1.330933094189509780e-01,1.313830446025203436e-02,4.823887254450445750e-01
2.204809811682605647e-01,2.788856693346407345e-02,1.071437891604792719e-01,7.673995516324965717e-03,6.368126672214711181e-01
2.649063454802658146e-01,3.776235352845508375e-02,1.637577865131149280e-01,7.005284292892265639e-03,5.265682301852719904e-01
2.483422946089506589e-01,3.336204897594472613e-02,1.203985365231680926e-01,5.787477033632133609e-03,5.921096428583044746e-01
1.808508711947885428e-01,2.476875774264397645e-02,2.334512203186712709e-01,2.051147395105801588e-02,5.404176767928382530e-01
1.915166156452072499e-01,2.624415165743822567e-02,2.496827598059160325e-01,3.118877566921831115e-02,5.013676972222201877e-01
1.262152549012338643e-01,2.065479976178258292e-02,3.988482463448322357e-01,4.641398222097172649e-02,4.078677167711796114e-01
3.150349325466381134e-01,5.865524567897380248e-02,3.388548504989560284e-01,1.287626253189642217e-02,2.745787087435356266e-01
3.737687809208796730e-01,6.837287251046961223e-02,1.639505116273555219e-01,3.843082007371432726e-03,3.900647529339237307e-01
8.850673032057667644e-01,2.714455794884544984e-02,4.939089190999076950e-02,1.618936613957713301e-03,3.677831032143943218e-02
5.546088517204387225e-01,5.966364051855960887e-02,2.632698267650345758e-01,9.765317292546444455e-03,1.126923637034206449e-01
2.107414295173163366e-01,4.269931843264687665e-02,6.224257340887068279e-01,3.172437041852890077e-02,9.240914754280099563e-02
2.900585280557238521e-01,3.787210960830904305e-02,4.588709176595663353e-01,4.133455266156951108e-02,1.718638920148312377e-01
2.071211226087479318e-01,4.882034431855329648e-02,5.200587565464260820e-01,3.686922066111563562e-02,1.871305558651570056e-01
1.972950168365027457e-01,2.100549850780337666e-02,5.766653308429630087e-01,8.786284605428597294e-02,1.171713077584448787e-01
1.154485299641513363e-01,2.357138178745322651e-02,4.351927241370566191e-01,7.476787871318500700e-02,3.510194853981538077e-01
9.934449964301815539e-02,2.295082381596958918e-02,5.021208268344394821e-01,8.719569005999897038e-02,2.883881596465737718e-01
2.128311018205301108e-01,2.682840549475744643e-02,3.087810688333377240e-01,8.588019691589787730e-02,3.656792269354768310e-01
4.867013736328102413e-01,2.554803212287274153e-02,3.354606714607866191e-01,6.426147738748780314e-02,8.802844539604265384e-02
3.153868769522165105e-01,4.865670975751065080e-02,4.855920177907347424e-01,3.873322851752433738e-02,1.116311669820139740e-01
2.689006311199206856e-01,3.909098605265939191e-02,4.762179713062926201e-01,5.450238084276218947e-02,1.612880306783652240e-01
5.610370784920984955e-01,3.373956495787536897e-02,2.897449317636722199e-01,3.304118557786493715e-02,8.243723920848906872e-02
7.839094509935601307e-01,2.848269213041047104e-02,1.485417370905462719e-01,1.941509651796087532e-02,1.965102326752241751e-02
5.926604284140788437e-01,5.987612954549662025e-02,1.826609068132128699e-01,1.903639790366926793e-02,1.457661373235423774e-01
4.054483899249320955e-01,5.579278683974221026e-02,4.110954984326535833e-01,3.086729553106332125e-02,9.679602927160890768e-02
4.044187869401966728e-01,4.907429753070523953e-02,3.374822719131384541e-01,2.395152912522603011e-02,1.850731144907335757e-01
4.802674198467780653e-01,3.132982644255070948e-02,2.664596281193838401e-01,2.134619613701251375e-02,2.005969294542748194e-01
5.756786890886373964e-01,3.185267409220476215e-02,2.045837665605982070e-01,1.551396175676303911e-02,1.723709085017966491e-01
4.555906360072170536e-01,3.230223005869787417e-02,2.326358478932763485e-01,1.877809426104590229e-02,2.606931917797626896e-01
4.742249900427988329e-01,4.062527235424263916e-02,2.921721046299338709e-01,2.171477527339564506e-02,1.712628576996289842e-01
3.815150357298767725e-01,4.380492860803538585e-02,4.460691250183133616e-01,4.205515277966044574e-02,8.655575786411405514e-02
2.671348328170469744e-01,3.351030147108786938e-02,3.919265489642110301e-01,4.249607286978940301e-02,2.649322438778646815e-01
3.342861212303566698e-01,4.444590255340620522e-02,3.861916856256313313e-01,5.609241374436411270e-02,1.789838768462417573e-01
6.503666656710304084e-01,1.993661798414789882e-02,1.849698672095802243e-01,8.926784596208181544e-02,5.545900317315961836e-02
6.292493298110990452e-01,1.114467417669197033e-02,1.282071253484183271e-01,5.144648368789674076e-02,1.799523869758939132e-01
6.382439377297192129e-01,9.035938428788319390e-03,4.843745985594385267e-02,1.068622693252966466e-02,2.935964370530188550e-01
5.951331892775344468e-01,1.649818573211693160e-02,9.386524002484297746e-02,3.088714811733482557e-02,2.636162368481708151e-01
5.919997346360365009e-01,1.836286753902524257e-02,2.478796977571033344e-01,4.450580136130822401e-02,9.725189870652670154e-02
4.802098414410753136e-01,1.817634360917807015e-02,3.458654569126263234e-01,8.575020560577821527e-02,6.999815243134205334e-02
4.400170037124903621e-01,1.474368097560464254e-02,3.581924466086737757e-01,1.082301007331862991e-01,7.881676797004494306e-02
4.544467034748357337e-01,1.719062977031620212e-02,3.353064450922966788e-01,1.096336328512343139e-01,8.342258881131722759e-02
3.002212259152851614e-01,1.428479100104248535e-02,4.846795673952201677e-01,1.582263681453436321e-01,4.258804754310855506e-02
4.398402915789868528e-01,1.532947239771016712e-02,3.729008629636093586e-01,8.930976270480273094e-02,8.261961035489097382e-02
3.991877648725717931e-01,1.455983279547220198e-02,3.644752990727601616e-01,1.279840419816781205e-01,9.379306127751779742e-02
4.919093912520867140e-01,2.028465569141187086e-02,3.030655945201831125e-01,8.161392950793135148e-02,1.031264290283869373e-01
4.216352023093103973e-01,1.922558388651583391e-02,3.838438169692802715e-01,8.606305577711650945e-02,8.923234105777702596e-02
3.806412830052301466e-01,9.683712985509650151e-03,3.833516349870847439e-01,1.297642289969095641e-01,9.655914002526587436e-02
5.364679831915166730e-01,7.741191154066560422e-03,2.707838524581093198e-01,7.946533825385178329e-02,1.055416349424556505e-01
3.190705610328923858e-01,7.480765796963685481e-03,3.966783642242014407e-01,2.168738044748756144e-01,5.989650447106698028e-02
3.395392719753996813e-01,6.262127867585203476e-03,3.741159135750232734e-01,2.112044544185212869e-01,6.887823216347054023e-02
6.536617535348978603e-01,1.230559723103517682e-02,1.798203980841198424e-01,6.839800929331449342e-02,8.581424185663256987e-02
8.915389314803853216e-01,7.305687322788879771e-03,4.964776778871600460e-02,1.384495135151334565e-02,3.766266205659651173e-02
8.366944155245407133e-01,1.715368795845621797e-02,9.276408042060656223e-02,1.991126886922849407e-02,3.347654722716803671e-02
5.024829931534402494e-01,2.202295376055464840e-02,3.340360340291230745e-01,9.606633844162978941e-02,4.539168061525229725e-02
4.289766564828004780e-01,1.763420735401010839e-02,3.349646493898830735e-01,1.268656160818840695e-01,9.155887069142221169e-02
4.539926879915073266e-01,1.673875165895070960e-02,3.732964911974762101e-01,8.000360548072200928e-02,7.596846367134361955e-02
5.760265153024531903e-01,1.628393666790848432e-02,2.496707886305309376e-01,6.085066489822408414e-02,9.716809450088340072e-02
4.246390782203733893e-01,3.014963410347352990e-02,2.751773498854168665e-01,3.933354160336507283e-02,2.307003961873710374e-01
5.485177492218776818e-01,1.553811545798942755e-02,1.120663897776532220e-01,2.042888896525117681e-02,3.034488565772284208e-01
6.423731351260111300e-01,1.041757997708440964e-02,8.184592197749267217e-02,1.827515023897065272e-02,2.470882126804411771e-01
7.551486954785490147e-01,9.729430223574657768e-03,4.775794608025415999e-02,1.248020184113869668e-02,1.748837263764836392e-01
6.239014067311938749e-01,1.561285697809501258e-02,1.439009951991859493e-01,4.287942538660721725e-02,1.737053157049180119e-01
5.448203646873929218e-01,1.401519376905976250e-02,1.978337834967505704e-01,6.293491554639012164e-02,1.803957425004066029e-01
6.713536287022943139e-01,7.456207194354871025e-03,8.785032148606380931e-02,2.628357528250013786e-02,2.070562673347868254e-01
5.738631106895689671e-01,1.360699702758297845e-02,1.384152274193810039e-01,5.666592445368839881e-02,2.174487404097787124e-01
4.292330266347336720e-01,9.177354724982987252e-03,2.758204876469366740e-01,1.327833701699755453e-01,1.529857608233712030e-01
4.738341754288344920e-01,1.287216135048989754e-02,2.369185306374161637e-01,1.482450687827917279e-01,1.281300638004678194e-01
6.957348702474277502e-01,2.121750320896090627e-02,1.558726117948356915e-01,4.773737853579042983e-02,7.943763621298516320e-02
7.871114437066325520e-01,1.468153201048845793e-02,5.525259933498287424e-02,1.364147620731664262e-02,1.293129487405794698e-01
8.764015059191714307e-01,1.175951835655133886e-02,2.932081265025318281e-02,6.678829558940699990e-03,7.583933351508331810e-02
7.663046123716528157e-01,2.382694608710657011e-02,9.974574562449783910e-02,2.508821827310838554e-02,8.503447764363429584e-02
3.872641471709225014e-01,2.851216083889427516e-02,3.642477267766103255e-01,8.723983262863922727e-02,1.327361325849337470e-01
2.608875787768275001e-01,1.295633507694528112e-02,4.569201000566553428e-01,1.095686266842722245e-01,1.596673594052994694e-01
2.445249476731945482e-01,1.797395176177670612e-02,5.376481528807541821e-01,9.865509285980422760e-02,1.011978548244701348e-01
2.496063022508764051e-01,1.093063818045091756e-02,4.662875270727784294e-01,1.707121981643802133e-01,1.024633343315141110e-01
3.303678667871230989e-01,8.658473109415974409e-03,3.998220169615693820e-01,1.737210490190460865e-01,8.743059412284540088e-02
5.313891676102409090e-01,7.287556122301244374e-03,2.833898146730693401e-01,9.615425269598330826e-02,8.177920889840523122e-02
3.289892023927896703e-01,7.859183199995551858e-03,4.201645630229651207e-01,1.524717768253040506e-01,9.051527455894559093e-02
5.072803868560631368e-01,9.645421754177017221e-03,2.976670960893739726e-01,8.721675578202688073e-02,9.819033951835898222e-02
4.647178451431746016e-01,1.352110350977148157e-02,3.253889200352905187e-01,7.858196196186233162e-02,1.177901693499010805e-01
3.602118252935572196e-01,2.083294173935447413e-02,3.896780992481457817e-01,6.100218468636806057e-02,1.682749490325744501e-01
4.038041077774918164e-01,2.044536135371644026e-02,2.864761437020583168e-01,4.647933323359274699e-02,2.427950539331405755e-01
5.879372184457576367e-01,1.099343689138852428e-02,2.240252865879581168e-01,3.218789579298263204e-02,1.448561622819129480e-01
9.536678249813914654e-01,5.833452854223010291e-03,2.157358866026976366e-02,2.192462617509154544e-03,1.673267088660659874e-02
9.882188300904094502e-01,4.310696329017995286e-03,4.881432406614561251e-03,3.676644769751414264e-04,2.221376696982906018e-03
9.898566293765935775e-01,3.685459895010344353e-03,2.146316560456122593e-03,1.435769432505265369e-04,4.168017224689459302e-03
8.339697706002970889e-01,2.069500732814759381e-02,1.138526230535094053e-01,6.496895160793022921e-03,2.498570385725299575e-02
6.840115422360323327e-01,1.643151963974324309e-02,2.268559651699372515e-01,1.454766899382241643e-02,5.815330396046489159e-02
5.950699911604920844e-01,1.377610481913846101e-02,2.966664649853038571e-01,2.345140485928166874e-02,7.103603417578382984e-02
3.997428984044617550e-01,2.024670220868091119e-02,4.777597777763567533e-01,2.412663939723359852e-02,7.812398221326702363e-02
4.887247404824031083e-01,2.647699570523453713e-02,3.844806859779837382e-01,2.736433860339815977e-02,7.295323923098057106e-02
4.801607004471542539e-01,2.328175001204058070e-02,3.499809169838945522e-01,2.744532188948144852e-02,1.191313106674292133e-01
6.703819329746792954e-01,1.776814643444821901e-02,1.996970516403664964e-01,3.307627278057820308e-02,7.907659616992770979e-02
6.145294633494925440e-01,2.475435577752407162e-02,1.314664958637804526e-01,2.118983588165793824e-02,2.080598491275449935e-01
5.016826488846795051e-01,1.407268750701164313e-02,4.280021474281502786e-02,7.315792644753433584e-03,4.341286562207404831e-01
5.628922291973100789e-01,1.682081704838544675e-02,1.518779059269479981e-01,5.088511783983502151e-02,2.175239299875214305e-01
6.971867293000563182e-01,1.201912307320139248e-02,6.479673653701767400e-02,2.093530503928393849e-02,2.050621060504404791e-01
7.969267501425112421e-01,7.281151010402464943e-03,1.515647189656895225e-02,4.428381712690381868e-03,1.762072452378268539e-01
7.673389251005909850e-01,1.376611025334807843e-02,7.755265654348846016e-02,1.602290500687418573e-02,1.253194030956981952e-01
5.895395293486404009e-01,1.337432255697784331e-02,1.833516515807185887e-01,5.254271996775208842e-02,1.611917765459111307e-01
6.005428769673312184e-01,8.645498922985737911e-03,1.329957499101262763e-01,6.605289335503400361e-02,1.917629808445228123e-01
4.585746880036982165e-01,1.321834312038744352e-02,2.857278373885104861e-01,9.936281644722261275e-02,1.431163150401812134e-01
4.167163222157186930e-01,1.115246500763595466e-02,3.301203586867350603e-01,1.427828960489836152e-01,9.922795804092672534e-02
3.610524527348423773e-01,1.078186622257325082e-02,3.968145429348510778e-01,1.671502049051052374e-01,6.420093320262811043e-02
2.679727986113424332e-01,8.159268958552909692e-03,5.049831180058833580e-01,1.655384225843442025e-01,5.334639183987717470e-02
3.669416931026621143e-01,1.145206929791975185e-02,3.539825958019334196e-01,1.440040863937647742e-01,1.236195554037199940e-01
3.427638914554787530e-01,1.315335651158432151e-02,4.131894307572356317e-01,1.482266201500674618e-01,8.266670112563384576e-02
2.944083848911849821e-01,2.147443815274818757e-02,4.508427954206206678e-01,1.365790944276875640e-01,9.669528710775865399e-02
6.294199616207633019e-01,2.339234952846525398e-02,1.538540961250957073e-01,3.736224462411306957e-02,1.559713481015625736e-01
5.065911418929870402e-01,3.185865337464331010e-02,2.920193945696234472e-01,5.175798195685639425e-02,1.177728282058898013e-01
4.532357910284169344e-01,4.514130232052680075e-02,2.763266413416352041e-01,3.977214054966251439e-02,1.855241247597586018e-01
8.169063658551281026e-01,3.690459511909926354e-02,1.111980007509441593e-01,1.247356604791705070e-02,2.251747222691151060e-02
