5.810737087774199283e-01,2.496778843101254280e-02,1.093689737960367031e-01,9.638385666102064486e-02,1.882056723345102711e-01
9.856441960651496359e-01,4.450151809596895013e-03,4.796852029410322155e-03,2.760086372069475193e-03,2.348713723773716410e-03
9.960233758053508302e-01,2.832598700758142893e-03,6.439419907763485303e-04,1.341602827393639341e-04,3.659232203752872323e-04
9.972184425881227554e-01,2.228081124007876262e-03,3.566174528430787272e-04,5.148856045440684793e-05,1.453702745718391681e-04
9.884525184395325237e-01,7.265419988960263899e-03,3.719602353974873089e-03,3.794546118135054460e-04,1.830046057188164518e-04
9.332514467588219897e-01,2.458214836944870932e-02,3.818760764798197205e-02,3.604549074486591235e-03,3.742481492607199799e-04
8.663506371386867633e-01,5.025537436710756506e-02,7.881656182415049117e-02,4.087663676443356250e-03,4.897629936118361779e-04
7.593022615478878246e-01,5.137621508109196933e-02,1.760733995476205793e-01,1.278233113995490972e-02,4.657926834446276350e-04
5.859027712932055598e-01,1.402985116256749987e-01,2.640726161570172148e-01,8.327690643111498522e-03,1.398410280990758326e-03
2.686419114354716142e-01,4.021569389757911894e-01,3.172415129941287271e-01,4.208606471507558844e-03,7.751030123100855797e-03
1.580089906290905177e-01,4.706712270214167826e-01,3.522986708356894980e-01,4.468348332253180288e-03,1.455276318154996064e-02
1.185200229814409034e-01,3.975134016080250632e-01,4.717290136777134713e-01,3.743942822849115337e-03,8.493618909971358336e-03
2.526267919350844160e-01,3.645424301840917147e-01,3.665618618744356794e-01,4.701357727203765713e-03,1.156755827918448838e-02
6.065644762928699141e-01,1.611593046992569889e-01,2.023382416757452396e-01,7.511175227614277396e-03,2.242680210451356709e-02
6.667477754143661395e-01,1.171902692152923531e-01,1.709506474682807864e-01,9.281761647890292982e-03,3.582954625417042460e-02
6.418313374932690385e-01,1.403250260485428003e-01,1.841443972509048954e-01,1.435529458789248577e-02,1.934394461939067250e-02
4.771614688878245691e-01,1.168458022361675008e-01,3.702034309456855854e-01,2.708867247325272634e-02,8.700625457069515942e-03
8.105215855644831713e-01,2.330564079181670495e-02,1.262086919429420140e-01,3.358489570571148580e-02,6.379185995046640460e-03
8.223268196142182740e-01,3.160206526023531803e-02,1.124717061295388981e-01,2.865375875090587707e-02,4.945650245101603296e-03
3.808341439461407907e-01,8.215461959261899372e-02,4.598066706772973578e-01,6.926018844565737242e-02,7.944377338285459403e-03
5.462398128549966758e-01,4.142093470600485827e-02,3.248076100323699089e-01,8.249537659745410922e-02,5.036265809174365372e-03
4.667641620511220335e-01,2.783069201328808306e-02,2.928725058807148951e-01,2.071909599490157905e-01,5.341680105859237734e-03
2.216944441977593272e-01,6.671192918873875000e-02,5.747076804159588770e-01,1.332712909762510112e-01,3.614655221292153043e-03
2.328044629791213571e-01,1.212072048858050255e-01,5.718590993532955968e-01,7.111524317214391877e-02,3.013989609633932650e-03
4.449775885712086709e-01,1.473097686144765606e-01,3.636903732136729794e-01,3.965090551034315680e-02,4.371364090298496090e-03
5.706816060414364733e-01,2.342220253005596053e-01,1.845574421448034630e-01,7.608433757089388093e-03,2.930492756111260227e-03
7.368173269964424232e-01,1.797501440718955734e-01,8.049301965159010031e-02,1.702587378050125690e-03,1.236921902021922200e-03
8.380865837359668946e-01,1.263056477516741882e-01,3.444730497790885609e-02,5.951120965603895301e-04,5.653514378894814721e-04
7.722040795945832592e-01,1.868772023102553970e-01,4.000993919636066515e-02,3.693473184326646896e-04,5.394315803679983895e-04
8.771296901938444579e-01,1.032922354183267721e-01,1.907660777497472218e-02,1.926246625379605742e-04,3.088419503160779660e-04
7.549021491719207777e-01,2.083385328669192238e-01,3.595729404747176339e-02,2.705223128654820936e-04,5.315016008228099940e-04
6.084483366578379293e-01,3.156095517566113728e-01,7.493367721990280839e-02,4.340295354702808014e-04,5.744048301774492844e-04
6.022288378255423735e-01,2.950893882441378291e-01,1.015384009418937861e-01,6.325650328426147759e-04,5.108079555834942271e-04
5.977980978126468115e-01,2.546488786245655889e-01,1.461107108157998491e-01,9.991751819982852990e-04,4.431375649895825941e-04
3.224695721335695819e-01,3.293529782681311469e-01,3.454207566207285751e-01,2.308453769277532541e-03,4.482392082931119953e-04
4.169004109818056913e-01,2.702718551163040828e-01,3.100861740913390396e-01,2.287875775016426014e-03,4.536840355348124398e-04
4.430393147421108346e-01,3.037204835553391491e-01,2.507593554498674382e-01,1.989206364412980568e-03,4.916398882695985958e-04
3.582026465546738758e-01,3.371938286129181339e-01,3.012431177362917545e-01,2.712072369140905610e-03,6.483347269752665282e-04
4.215762420638384245e-01,3.197690665458389758e-01,2.554498304025159539e-01,2.388090736463096934e-03,8.167702513434419104e-04
3.077052619606854833e-01,3.892794352782007472e-01,3.005989686693789076e-01,1.649337697988375066e-03,7.669963937465080952e-04
2.053776886219587927e-01,4.000148142750358238e-01,3.922060323542487792e-01,1.640448739286777492e-03,7.610160094697929981e-04
1.809796626326197477e-01,3.304910283370242619e-01,4.847894851267958716e-01,2.996638434453330769e-03,7.431854691067691027e-04
1.336442488321802902e-01,2.517185516085804764e-01,6.092234273302340464e-01,3.932128868669017806e-03,1.481643360336290689e-03
2.046869436038653844e-01,2.097371982506440191e-01,5.790504293607012798e-01,5.398332273821230057e-03,1.127096510968057753e-03
2.648359141280242079e-01,1.692866295417272959e-01,5.572618233122946796e-01,7.277062171499798678e-03,1.338570846453902277e-03
1.867634367956597374e-01,1.209625683415974373e-01,6.785597390518831595e-01,1.290298403241277835e-02,8.112717784468332716e-04
1.424482975677453800e-01,1.665416535787502816e-01,6.818413409290268179e-01,7.827803582777037930e-03,1.340904341700520060e-03
1.391158831086824754e-01,2.249783582094471157e-01,6.251485549084736526e-01,7.883117638526103768e-03,2.874086134870646424e-03
1.899142493348726646e-01,2.526145129317719507e-01,5.483369683767405078e-01,5.769554163568683426e-03,3.364715193046204349e-03
2.605692091580092962e-01,2.784046110900032511e-01,4.540394957894585137e-01,4.400525733413778243e-03,2.586158229115068791e-03
2.121120361823646272e-01,1.736905046714762313e-01,6.070785257546863489e-01,6.097842120147276695e-03,1.021091271325585059e-03
1.482014735614746725e-01,1.709663363719967355e-01,6.733723603477428377e-01,4.716044546196887163e-03,2.743785172588695392e-03
1.529816752383027778e-01,1.394556725543009690e-01,6.971391084672142746e-01,8.215985595385119980e-03,2.207558144796903724e-03
3.635176672229660233e-01,1.791353980036222426e-01,4.474457959323152045e-01,8.077621112789925076e-03,1.823517728306561086e-03
4.817280991185252104e-01,2.409711957022561413e-01,2.706077282685065422e-01,4.407414176301677373e-03,2.285562734410461795e-03
5.241032059235035678e-01,1.440431323366385685e-01,3.243453127292785787e-01,6.116905932861398110e-03,1.391443077717721384e-03
2.093193398104879477e-01,2.224876124798920163e-01,5.620902314146999368e-01,5.062836860660801554e-03,1.039979434259382047e-03
3.216970100701542212e-01,2.505152654015068703e-01,4.226667603495068426e-01,3.779283505969878009e-03,1.341680672862273537e-03
1.631584019919910811e-01,3.585172227008063817e-01,4.711595954782697993e-01,2.839216201299661277e-03,4.325563627633098422e-03
2.656426812270488158e-01,2.791537140070012302e-01,4.419037672785934290e-01,2.956224547032224557e-03,1.034361294032428748e-02
2.749322412043012642e-01,2.464568541652904787e-01,4.639757764040385313e-01,4.340717603842363277e-03,1.029441062252730611e-02
3.787243900201323066e-01,2.540765811127426166e-01,3.322047141781317436e-01,4.212736016524549001e-03,3.078157867246876164e-02
3.727363753473428298e-01,2.637270594663618795e-01,3.336630566218466987e-01,3.552801858681796203e-03,2.632070670576687130e-02
3.958214644505064217e-01,2.692553923329850107e-01,3.173519319537864702e-01,2.932279453221993664e-03,1.463893180950018302e-02
3.143362911357107103e-01,3.214278845372980919e-01,3.372411492676389289e-01,3.286538889049977173e-03,2.370813617030226653e-02
1.611448493942936322e-01,2.361538993405948306e-01,5.831893677373286566e-01,4.649608925465935176e-03,1.486227460231699313e-02
1.167244024759011567e-01,2.544520422476490018e-01,6.073255419691236945e-01,5.314335478625772588e-03,1.618367782870031024e-02
1.830977816659614399e-01,2.706589058256481106e-01,5.284447372156028111e-01,5.164825825732992891e-03,1.263374946705453881e-02
2.676841088227270848e-01,3.318662942265304672e-01,3.789688866922626964e-01,3.076539610981643413e-03,1.840417064749810816e-02
3.565859333568353051e-01,3.334730505125945155e-01,3.001775014747075643e-01,1.979008387590729893e-03,7.784506268271786794e-03
4.315914929462804084e-01,3.074485331516122466e-01,2.542574657129877957e-01,1.539917552210605172e-03,5.162590636908884027e-03
6.109087660158630806e-01,1.455250354179756234e-01,2.389337117796688226e-01,3.147863416578693292e-03,1.484623369913861714e-03
6.302850664933445923e-01,1.352078449305345320e-01,2.302197452833450453e-01,3.298591620704587578e-03,9.887516720711929212e-04
5.641587911454943871e-01,1.867634149188831527e-01,2.449648364746983553e-01,2.948245546734643181e-03,1.164711914189588745e-03
3.948492006824942946e-01,1.803965175475122085e-01,4.186184715827456215e-01,4.713514017620442677e-03,1.422296169627263818e-03
3.129664741940913486e-01,2.463820348905219337e-01,4.347088933245925602e-01,3.544279431536416849e-03,2.398318159257751495e-03
3.048643486384049472e-01,2.668413945920438124e-01,4.210107647108909390e-01,3.008966238064288406e-03,4.274525820595997776e-03
2.878005282770173534e-01,2.651903518915689206e-01,4.355984478007579597e-01,4.288866168930492544e-03,7.121805861725192220e-03
5.560107597081960229e-01,1.662797674937798731e-01,2.691765033342881641e-01,4.368552646740690021e-03,4.164416816995199569e-03
3.322207895631029695e-01,2.907444317552490554e-01,3.622012323273912093e-01,3.301301239750188427e-03,1.153224511450660211e-02
3.128996869502162492e-01,3.007432848591392593e-01,3.768728796080150767e-01,2.223761779721624820e-03,7.260386802907788616e-03
3.906958726195794984e-01,1.998482452110736385e-01,3.957958133633090458e-01,4.001551979258708737e-03,9.658516826779111122e-03
5.083960775008378175e-01,9.770493690687387378e-02,3.774100007304007076e-01,1.301648832763341486e-02,3.472496534254079174e-03
4.565407179450907682e-01,2.001663549424075594e-01,3.308786767486497915e-01,7.354271939169265693e-03,5.059978424682537966e-03
3.230934635504874031e-01,2.158673822266798381e-01,4.502363516588241410e-01,7.547803222851614396e-03,3.254999341157025546e-03
4.403054643916646804e-01,2.066391055760781470e-01,3.413976070029369203e-01,8.077958447555908666e-03,3.579864581764249931e-03
5.297445517904433299e-01,1.356124897656227068e-01,3.136550474411153311e-01,1.870137095649994710e-02,2.286540046318632623e-03
4.463160146719326593e-01,2.101115677485305144e-01,3.304222613116386542e-01,1.066220862432053218e-02,2.487947643577668923e-03
4.803578546927642634e-01,2.298300644679617810e-01,2.801808824636535245e-01,7.413605046966951356e-03,2.217593328653439007e-03
5.056967930390042776e-01,1.641134596121193168e-01,3.088247938159165984e-01,1.865187231490312778e-02,2.713081218056617033e-03
3.184965406259955278e-01,2.604518985657552910e-01,4.011623911304397216e-01,1.740004992474269638e-02,2.489119753066777914e-03
5.632095793374304327e-01,1.678075447939159359e-01,2.574857910123306559e-01,9.495296434846103861e-03,2.001788421476894623e-03
5.549437330541731050e-01,1.780622287778010071e-01,2.598918117736727651e-01,5.552947518851589215e-03,1.549278875501569532e-03
4.219176444503203172e-01,1.938731276016729954e-01,3.737063357415730813e-01,9.333017971477191102e-03,1.169874234956493715e-03
4.548723729759689416e-01,1.224013398850491569e-01,3.830512200560918235e-01,3.869915227962318627e-02,9.759148032670152215e-04
4.448132991166137695e-01,9.965342918362582458e-02,4.219631421088224088e-01,3.299643446000875835e-02,5.736951309292148866e-04
3.550798093321760884e-01,1.193590366641570366e-01,4.957571631407963753e-01,2.901921538485235236e-02,7.847754780180881459e-04
5.300256804615767203e-01,1.411451906494349540e-01,3.167540378048726013e-01,1.120895065751219104e-02,8.661404266034852285e-04
3.388357926069754389e-01,2.121350649742736738e-01,4.313697145826501655e-01,1.609027352270433336e-02,1.569154313396339383e-03
1.931051422477090274e-01,1.591433019509945201e-01,6.230218259493016664e-01,2.382207562446724339e-02,9.076542275275067441e-04
2.092022603692994531e-01,2.444420459761079412e-01,5.214860921174105934e-01,1.632068170778937927e-02,8.548919829392587905e-03
2.669075254113461027e-01,2.527619155656813388e-01,4.479509992005510921e-01,1.654638961079037476e-02,1.583317021163115415e-02
3.315824844944796346e-01,2.111520563174448806e-01,4.355862073197732665e-01,1.450679824665239252e-02,7.172453621649874447e-03
2.349807970103932331e-01,2.892296255123025794e-01,4.472629041626756674e-01,9.323762497388551548e-03,1.920291081724003271e-02
1.616829966079740832e-01,9.612804071962909036e-02,6.449263544515876356e-01,9.357617408503944578e-02,3.686434135769863819e-03
2.319416118459265153e-01,1.373721871454569310e-01,5.270319856832802463e-01,9.261253013053555305e-02,1.104168519480081510e-02
2.824325891245211828e-01,1.849946367218747167e-01,4.605253885201795461e-01,4.875276438011681701e-02,2.329462125330775124e-02
2.484315826668657690e-01,1.353559259379541746e-01,5.618504134992668986e-01,3.976654734354755083e-02,1.459553055236569377e-02
2.911161992184967962e-01,1.436600259438026439e-01,5.281665291304062926e-01,2.913581686404007054e-02,7.921428843254221114e-03
3.314984766523520476e-01,1.832519449693223723e-01,4.541434664038286328e-01,2.014033407930604369e-02,1.096577789519092953e-02
2.653687637421318080e-01,6.753654553331048249e-02,5.923906006714192429e-01,6.860684962801441578e-02,6.097240425124124570e-03
1.866570326449349393e-01,4.927233661765372669e-02,6.794012996965522744e-01,7.886173657570684503e-02,5.807594465152088846e-03
4.588483806725797698e-01,5.483861128162802190e-02,3.801035795823647367e-01,7.978220774458125164e-02,2.642722071884620952e-02
5.933397127082358224e-01,5.215921428230484852e-02,2.950213006926794002e-01,4.494968902144030887e-02,1.453008329533943613e-02
5.976656826765617270e-01,6.341366942208020996e-02,2.746883433145539954e-01,5.350340775979796348e-02,1.072889682700613710e-02
3.454294506097515538e-01,1.008650373517232385e-01,4.412994851837194754e-01,7.750235868816665596e-02,3.490366816663913185e-02
2.088026538892302497e-01,1.769900329413117979e-01,4.303158097750313660e-01,4.997373879725107437e-02,1.339177645971755815e-01
5.419205228845352940e-01,3.323461830416073182e-02,2.649753626852848765e-01,9.362364127939253045e-02,6.624585484662658119e-02
8.335104958277812504e-01,2.215219586006455382e-02,9.991590177580592091e-02,3.819391691291950525e-02,6.227489623428769661e-03
9.222190321910794797e-01,1.055256844997392099e-02,3.099614810895071418e-02,3.465468554999628220e-02,1.577565699999628531e-03
9.742061260260952427e-01,7.224372105890008305e-03,9.820298385129051788e-03,8.050470247058719511e-03,6.987332358270935233e-04
9.667563832343571972e-01,1.566692016593270592e-02,1.349285857796766672e-02,3.470602392748470613e-03,6.132356289941891508e-04
9.346077154154834865e-01,3.309142151743927479e-02,2.889247020710963149e-02,2.792411235652297440e-03,6.159816243153613813e-04
8.558092526042869741e-01,9.119257175298850493e-02,5.031487886007073723e-02,1.918018863610699730e-03,7.652779190429287535e-04
8.375680091056314502e-01,7.981050100134183534e-02,7.918855379732325783e-02,2.823561379478343753e-03,6.093747162250354264e-04
8.504000442499133339e-01,6.002239925517859065e-02,8.319627654917914616e-02,5.658273230389618963e-03,7.230067153393355053e-04
9.615764376102080568e-01,1.444395538165765651e-02,2.042700453384898099e-02,3.248819201459758610e-03,3.037832728255234730e-04
9.102828982184285600e-01,2.178677626866330416e-02,5.343360327213458189e-02,1.409050369251577464e-02,4.062185482578362854e-04
9.757071456968431367e-01,1.210411193562136757e-02,1.090968677077683475e-02,1.072619198354032768e-03,2.064363984046723984e-04
9.883726154273277942e-01,8.383975327331472799e-03,2.858939271197278188e-03,1.713788134556916117e-04,2.130911606878117673e-04
9.693003102182198294e-01,2.221380400115947548e-02,7.953110810705084008e-03,2.258314889352671783e-04,3.069434809803100561e-04
9.851361783260553784e-01,1.114194047406950362e-02,3.438383747085738476e-03,9.649716394659702890e-05,1.870002888427014847e-04
9.833071534501988120e-01,1.223476836080079726e-02,4.068331400525523889e-03,1.171354668552159535e-04,2.726113216196597469e-04
9.904631791597422463e-01,6.661382552253109109e-03,2.517750167056246029e-03,1.498974355498458827e-04,2.077906853985013154e-04
9.858274239761712909e-01,9.188435478335262030e-03,4.448066367315406042e-03,3.099981015637578064e-04,2.260760766141875098e-04
9.863342576090445846e-01,1.064530699156880471e-02,2.672616558533821678e-03,6.677564810422775257e-05,2.810431927483837407e-04
9.896966475199677760e-01,7.984889785770457604e-03,1.927263966154608814e-03,4.078742621196400445e-05,3.504113018950627306e-04
9.901790696273952141e-01,7.502299213490193873e-03,2.001771163711914964e-03,3.911845038169492472e-05,2.777415450211652664e-04
9.917561296784725977e-01,6.545150268445791217e-03,1.435459488713833331e-03,4.309935303283887189e-05,2.201612113348275625e-04
9.905734054826981216e-01,7.426409236257158070e-03,1.707894836239502723e-03,5.670552613302342650e-05,2.355849186721065667e-04
9.899434147712382615e-01,7.393427473803448891e-03,2.365942679902145220e-03,9.177340696539007493e-05,2.054416680908039794e-04
9.860079061482239782e-01,9.544915223964533721e-03,3.979295712022950897e-03,2.246715580980972410e-04,2.432113576906373763e-04
9.312173216859798153e-01,5.172078664124752506e-02,1.600414730961225579e-02,3.696287908160695223e-04,6.881155723445776503e-04
9.626356100282842387e-01,3.088143220016018042e-02,5.334720377990115163e-03,1.067312682379992141e-04,1.041506125327481885e-03
9.869958475943411136e-01,9.916506396089904210e-03,2.303129509013152488e-03,1.420310481099894718e-04,6.424854524458284552e-04
9.627707778932582672e-01,2.860368759640056352e-02,7.769329697178868621e-03,2.249608825409260961e-04,6.312439306214486911e-04
9.670539268193545368e-01,2.650803040917077899e-02,5.804734198213683943e-03,1.101637795002854953e-04,5.231447937608116544e-04
9.459713250944167262e-01,4.407132644899634105e-02,9.134571752763821079e-03,9.292025443468416213e-05,7.298564493884258583e-04
9.891872320012085051e-01,7.678198359521624938e-03,2.577667888912492291e-03,2.381455049677995265e-04,3.187562453894630986e-04
9.674703274359797156e-01,2.146847639218802187e-02,9.440857921741992176e-03,1.140500747685228421e-03,4.798375024049615937e-04
9.283247477916323209e-01,5.045714023197059306e-02,1.993730141491789967e-02,4.383043737066259576e-04,8.425061877725199995e-04
9.558866453689559561e-01,2.784009755531846944e-02,1.509308308268592080e-02,6.709273916376030803e-04,5.092466014022210830e-04
9.727879606624482145e-01,1.721035262317387182e-02,9.301391338388795282e-03,4.105065066452039699e-04,2.897888693440566735e-04
9.835927603426539712e-01,7.865483712918012321e-03,6.265428370013886687e-03,2.065821251247214243e-03,2.105063231667629966e-04
9.679548978766557843e-01,1.884868746417799404e-02,1.191318238493237550e-02,1.027007022780142926e-03,2.562252514537157128e-04
9.757429506537461661e-01,1.161893372175271631e-02,1.068570869199314023e-02,1.686497798772944182e-03,2.659091337349491586e-04
9.561266962474277431e-01,2.274162061004479304e-02,1.854596594859768410e-02,2.234227934106527459e-03,3.514892598232867145e-04
9.618626410773259972e-01,1.922402544239077207e-02,1.595523014361751105e-02,2.597024573799435344e-03,3.610787628662046967e-04
8.259442965350010102e-01,1.105188119451518264e-01,6.148109806363530327e-02,1.379159721515176192e-03,6.766337346965281682e-04
9.852524628357287595e-01,8.306967966641303630e-03,5.436516199188198666e-03,8.175501342152646659e-04,1.865028642264878291e-04
9.512290021154644615e-01,4.036923918309082149e-02,7.379729831099263865e-03,2.539521882070823488e-04,7.680766821382035850e-04
9.795680676600224679e-01,1.522926376681338345e-02,4.480462504429268480e-03,2.635565357432062225e-04,4.586495329916678832e-04
9.915689915670454768e-01,5.887048641176961979e-03,1.928253344292512250e-03,3.786005293739897804e-04,2.371059181111513008e-04
9.741070075770343895e-01,1.876829937114717420e-02,6.171337645546120729e-03,5.839357267507061088e-04,3.694196795215528586e-04
9.841262780979158631e-01,1.039762084258860284e-02,4.543011922818061127e-03,6.804999801552414664e-04,2.525891565222296428e-04
9.493488307920890934e-01,3.642058433104371218e-02,1.304834756588930944e-02,7.195359415150035355e-04,4.627013694630576824e-04
9.878396989201227996e-01,8.754640755596008669e-03,3.057121689986690930e-03,1.155007296660372560e-04,2.330379046285802275e-04
9.578583885398883613e-01,3.331114693584076580e-02,8.080792627201963813e-03,2.408150388689091941e-04,5.088568581999541570e-04
9.800249129787329538e-01,1.189324528323618645e-02,6.626868063494868386e-03,1.113263590073102329e-03,3.417100844628649312e-04
9.912455010922281984e-01,6.567662877548628535e-03,1.881472472378261209e-03,1.493008790028316462e-04,1.560626788420629634e-04
9.692511449880369945e-01,2.533259605967318195e-02,4.768816547887902088e-03,1.496528741575283827e-04,4.977895302445628847e-04
9.544977700841168478e-01,3.335960481897826818e-02,1.066014697857187166e-02,5.819984023923447259e-04,9.004797159406450211e-04
9.555294383659559410e-01,2.708202855432598893e-02,1.633334068340903944e-02,5.830968864456562064e-04,4.720955098632237563e-04
9.734601701709213462e-01,1.633334860948703476e-02,8.773364792271049623e-03,9.494661804310191308e-04,4.836502468897221733e-04
9.807072671075092174e-01,1.017191445863337672e-02,7.139690350328256607e-03,1.673345712039225018e-03,3.077823714900024851e-04
9.838866104468869667e-01,9.872434654261751791e-03,5.263363584953182316e-03,7.508155538399328456e-04,2.267757600583452510e-04
9.787521265191874154e-01,1.304266926002351119e-02,7.016310960084311960e-03,9.008895372850444583e-04,2.880037234195928389e-04
8.956259963355120979e-01,6.897465152075683836e-02,3.290196262043992848e-02,1.811135165748774256e-03,6.862543575420953969e-04
8.823244100990483840e-01,6.918307247789944048e-02,4.581270643997582132e-02,1.748518236703138114e-03,9.312927463731631578e-04
9.647390162142385206e-01,1.634827722164105754e-02,1.374411735482380416e-02,4.564574965569032777e-03,6.040142437276734000e-04
9.801993085831155472e-01,1.471309116317477163e-02,4.116932430858533110e-03,3.671217475979295097e-04,6.035460752533505866e-04
9.868026829097894526e-01,8.148232020991366675e-03,3.980165110964709561e-03,5.579877049786261716e-04,5.109322532756188683e-04
9.613360452180196303e-01,2.397415416886866310e-02,1.224108156890845941e-02,1.751650030402304584e-03,6.970690138009600799e-04
9.851609751596234199e-01,8.856489584217579203e-03,5.048511225778326908e-03,6.359240314565910808e-04,2.980999989241403655e-04
9.867995825400914800e-01,9.398241515605646607e-03,3.345172695125872217e-03,1.777542999457839147e-04,2.792489492311965278e-04
9.823475007354849353e-01,1.146317818635981915e-02,5.456967444204536936e-03,4.423972732243877486e-04,2.899563607263975508e-04
9.097411067852884115e-01,6.751568099187668648e-02,2.132784355951953051e-02,8.657600869958190009e-04,5.496085763196054694e-04
9.005449123534194911e-01,6.843057096500522463e-02,2.992125039521099580e-02,4.742982801974528640e-04,6.289680061668341191e-04
9.765362477049556178e-01,1.428304798416143127e-02,8.126423651575849505e-03,7.202330411769946759e-04,3.340476181302305084e-04
8.926694770796993472e-01,7.693475497006507791e-02,2.890863106420303585e-02,8.332850064583064527e-04,6.538518795742308308e-04
9.629966491971012621e-01,2.346082227123275771e-02,1.233198404886977004e-02,7.889165054646962152e-04,4.216279773316061546e-04
9.739601163226739855e-01,1.630478012519697220e-02,7.921058659311768294e-03,1.484024509659331685e-03,3.300203831580726405e-04
9.837622082861573469e-01,8.177944546080943844e-03,5.461353075868834173e-03,2.390245081865643214e-03,2.082490100270304259e-04
9.797665240299560097e-01,8.248585715112891764e-03,7.277170711940554593e-03,4.507524758842698480e-03,2.001947841478272114e-04
9.945254885836636305e-01,3.944049736636744477e-03,1.282116083591861976e-03,1.526111349702803470e-04,9.573446113754985950e-05
9.618885719993731653e-01,3.277427030695719001e-02,4.752561288266564897e-03,1.912671512740477962e-04,3.933292541291807942e-04
9.813862253920684342e-01,1.339205683983866503e-02,4.370675197248209166e-03,5.318899305538996860e-04,3.191526402908521410e-04
9.819586023130542074e-01,1.347002857759738853e-02,3.737075083753555599e-03,5.694274773064821613e-04,2.648665482883768804e-04
9.872175143510918405e-01,8.540291140485959873e-03,3.363536471592650217e-03,7.149227469695113068e-04,1.637352898600753445e-04
9.618786693385792397e-01,2.617341762949794426e-02,1.046656245659670185e-02,1.120935399726528340e-03,3.604151755996331391e-04
9.820996070134608846e-01,1.291146087610236214e-02,4.488226648480789574e-03,2.762434658018618895e-04,2.244619961540869710e-04
9.864594362475721523e-01,1.028546009303763289e-02,2.916805415285726125e-03,1.752331510640896305e-04,1.630650930403636332e-04
9.918448126028007739e-01,6.869702301919673390e-03,1.092634878976576516e-03,5.393311442328991466e-05,1.389171018797729403e-04
9.904332283568704209e-01,8.248021726881602997e-03,1.082525771794188869e-03,5.089782558662748140e-05,1.853263188671299192e-04
9.930135676586722138e-01,5.569351801716753043e-03,1.153379601109913747e-03,1.072711661774413652e-04,1.564297723235567818e-04
9.933068003470721941e-01,5.446724176875659962e-03,1.040701806642208320e-03,8.088637161537486325e-05,1.248872977944802496e-04
9.937548600664098952e-01,5.111628246048800263e-03,9.014575847708465855e-04,9.822194959579721150e-05,1.338321531748385513e-04
9.950924644510754646e-01,3.797711198903687413e-03,8.445086648430158178e-04,1.498157965575537239e-04,1.154998886201585086e-04
9.920882879765997586e-01,6.394835230425715590e-03,1.276095034969815765e-03,1.133598801951002876e-04,1.274218778097252838e-04
9.951564832174907282e-01,3.662374409289187102e-03,9.243558183275917472e-04,1.487475617877609142e-04,1.080389931046749774e-04
9.899069264318772765e-01,8.006028550207166389e-03,1.832852135215757260e-03,1.447231683646163871e-04,1.094697143351371218e-04
9.940168036625368631e-01,4.553899182454442321e-03,1.269539595678740359e-03,9.188390333015400630e-05,6.787365599977967655e-05
9.666232718855078954e-01,2.480479402102038836e-02,7.980216504019655918e-03,3.787765318496255315e-04,2.129410576024619913e-04
9.638440356748660953e-01,2.689932928349952554e-02,8.682210214284193789e-03,2.913241861045139385e-04,2.831006412455461339e-04
9.793652403182343535e-01,1.698233438276688934e-02,3.374333436014752708e-03,7.667481883917893495e-05,2.014170441448274009e-04
9.880272871578554827e-01,9.909684900991058004e-03,1.709123812095596825e-03,5.847049236939020782e-05,2.954336366884156959e-04
9.738123807786324138e-01,1.250864313209554962e-02,1.267093282954729998e-02,6.716184952362321426e-04,3.364247644885490609e-04
9.149057459396962022e-01,5.258847451684587476e-02,3.116672311937587758e-02,7.397469887338976001e-04,5.993094353481171659e-04
8.923541216254585740e-01,6.716535749354687890e-02,3.887430063167466449e-02,7.458121614193002295e-04,8.604080879005553302e-04
9.591068991347252437e-01,2.284808658478902285e-02,1.733363084678572058e-02,4.115356778095438260e-04,2.998477558904823182e-04
9.508868235692936599e-01,2.763676459620287296e-02,2.039493225574446830e-02,4.926256060429660358e-04,5.888539727161320016e-04
9.777000759388990714e-01,8.766966963695631276e-03,1.153114174420954638e-02,1.191322662056014262e-03,8.104926911398643114e-04
9.480866698580844298e-01,2.490081438755346877e-02,2.470785441090105061e-02,1.154967918833881176e-03,1.149693424627086340e-03
9.801794784106704350e-01,1.185369783079205826e-02,7.442993443985723365e-03,2.417306636125039559e-04,2.820996509392458755e-04
9.897182351953578427e-01,5.982157479085880442e-03,3.740289268694419085e-03,3.533921916332449244e-04,2.059258652287231453e-04
9.863616554641333467e-01,4.788360043489154304e-03,7.075835652570935594e-03,1.565457153264376584e-03,2.086916865422144070e-04
9.795863157268774879e-01,1.112725264732860112e-02,7.972108636161132772e-03,9.320756236495045255e-04,3.822473659833021506e-04
9.710126347170591199e-01,1.692918055819801412e-02,1.102451456437160068e-02,7.026405479547816278e-04,3.310296124165092060e-04
9.489586508057751280e-01,1.710480325019633763e-02,2.946586596512523748e-02,4.254151993361601596e-03,2.165279855415920974e-04
9.544924528016179854e-01,9.407489226218122141e-03,2.859446073437261690e-02,7.297840978970459268e-03,2.077562588208260665e-04
9.702483586811648797e-01,4.697573033109058924e-03,1.544214856858564487e-02,9.503737826137094447e-03,1.081818910032891751e-04
9.767452648355883227e-01,3.690913382528561004e-03,1.106958927234407211e-02,8.349737269419671773e-03,1.444952401195081441e-04
9.347375149321032195e-01,1.126685781868621422e-02,3.454543161866464179e-02,1.909989013549711831e-02,3.503054950489228360e-04
7.975867241452208045e-01,2.245277301438758366e-02,1.057222349952879753e-01,7.365546181729032416e-02,5.828060278133035841e-04
9.568762717189561728e-01,1.753470108090053256e-02,2.191929190987022824e-02,3.474682639472414895e-03,1.950526508006338445e-04
9.257620205737523422e-01,3.039383365264878428e-02,4.103042668905556439e-02,2.629050931929819302e-03,1.846681526136877203e-04
8.840948405063626669e-01,6.894711136228040549e-02,4.551786505634407287e-02,1.183759650738653874e-03,2.564234242742305836e-04
8.683845426399198209e-01,8.465769080980624361e-02,4.592887596730841487e-02,7.752693016857220652e-04,2.536212812799892532e-04
7.370397250566944614e-01,1.468873775139818705e-01,1.146574189822936601e-01,1.116465588899107726e-03,2.990128581309158570e-04
6.769410262880481977e-01,1.667818953519054626e-01,1.540072527062630869e-01,1.718621818995901733e-03,5.512038347874035921e-04
4.467811298888451077e-01,1.681739834586258031e-01,3.809643762167206349e-01,3.609756283921330012e-03,4.707541518872053270e-04
3.126889149264595602e-01,1.305601076514287806e-01,5.503587088545742745e-01,5.890011024339506657e-03,5.022575431979684705e-04
5.248349232237674578e-01,1.312257269869429588e-01,3.379593404557641456e-01,5.217735367705498249e-03,7.622739658198706379e-04
3.820962770950964704e-01,1.339159558453314747e-01,4.780900153151117493e-01,5.212181211713073914e-03,6.855705327471500353e-04
4.311625187419920180e-01,1.212019729804282714e-01,4.417545777811849872e-01,5.230080867036452849e-03,6.508496293583139469e-04
5.447279313526643962e-01,1.271808582684617883e-01,3.235245094356868911e-01,3.941928746395990946e-03,6.247721967910149082e-04
4.282607349753070336e-01,6.161955605447940604e-02,4.705241334145998100e-01,3.877720756881859743e-02,8.183679867952540913e-04
5.758430614727302332e-01,1.026358321680200525e-01,3.122753328352411151e-01,8.116182001846260555e-03,1.129591522162348184e-03
7.736423043833042801e-01,7.552792750289218093e-02,1.465595542478904112e-01,2.966002862519542035e-03,1.304211003393574700e-03
8.528243291465751330e-01,7.676554509103329649e-02,6.747762051425849894e-02,1.131564263951545350e-03,1.800940984181372256e-03
7.661644832316054643e-01,1.466989040786491061e-01,7.807937831389409611e-02,1.674641225571673686e-03,7.382593150279751978e-03
8.338413576185285114e-01,6.985709730958877817e-02,9.090612867568566291e-02,2.558286362269317302e-03,2.837130033927640852e-03
7.470155806994352998e-01,9.039022591740582258e-02,1.539988442977271998e-01,3.830748366031203750e-03,4.764600719400453183e-03
7.343830778686388783e-01,1.016848847833573405e-01,1.578715332785775582e-01,3.044014694265319114e-03,3.016489375160958091e-03
7.370203528565966167e-01,1.144718453246920953e-01,1.454804900737840800e-01,1.796790858811710048e-03,1.230520886115423363e-03
6.965980309559971495e-01,1.036660000304102658e-01,1.957646224206625596e-01,2.691104323652950079e-03,1.280242269277124699e-03
6.761324783636160074e-01,1.214026991977089631e-01,1.991948574767916647e-01,1.721015689963242357e-03,1.548949271919949000e-03
7.397615763789678889e-01,7.967603891716978914e-02,1.750009191163508782e-01,3.010948699426181305e-03,2.550516888085165804e-03
8.080869127228245130e-01,7.207200692649798346e-02,1.159734215857608497e-01,1.980203642779411553e-03,1.887455122137500106e-03
6.656144400522741034e-01,1.504138119387864458e-01,1.792524687555735741e-01,1.619299025246128147e-03,3.099980228119851144e-03
7.128887934579422048e-01,1.233098489921855972e-01,1.611682664763072759e-01,1.276698734781172477e-03,1.356392338783753105e-03
7.293961410352777230e-01,9.659580590843880321e-02,1.712303466210303160e-01,1.575811173772507113e-03,1.201895261480460681e-03
5.483887031434091508e-01,1.661222590426540968e-01,2.809196560340969095e-01,1.703732048536269091e-03,2.865649731303528645e-03
6.369131422012677124e-01,1.237861190896342029e-01,2.288271273495357527e-01,3.027211461096700022e-03,7.446399898465740422e-03
6.838048482472475209e-01,1.147496674663243815e-01,1.961951902085969923e-01,1.726366919292453587e-03,3.523927158538663583e-03
6.977609479031029460e-01,1.254841603355439927e-01,1.710003868817754069e-01,1.612065584381250621e-03,4.142439295196536850e-03
7.110493104480846149e-01,9.431123572680211176e-02,1.888394688126494303e-01,2.023896887362216113e-03,3.776088125101521951e-03
6.737541315125734620e-01,1.278227896161577837e-01,1.936907143224178285e-01,2.000785911349132161e-03,2.731578637502004442e-03
5.833755613253629457e-01,1.458901219351652900e-01,2.637461447222345101e-01,3.803315522043487253e-03,3.184856495193771203e-03
5.858230070977660242e-01,1.633351185157150276e-01,2.439099920185891224e-01,2.520737514040808942e-03,4.411144853889110984e-03
6.451246670650006010e-01,1.139216219373851563e-01,2.355461686035712487e-01,3.818540099327923966e-03,1.589002294714910194e-03
7.296166949889403286e-01,7.675957923477139122e-02,1.851563423262190533e-01,6.960162504320213835e-03,1.507220945749085470e-03
4.852134231209632165e-01,2.208890013815309472e-01,2.869668913090786533e-01,4.480164018508631281e-03,2.450520169918495375e-03
5.821827416534710586e-01,1.989613980376615798e-01,2.074916133227134030e-01,3.338098151971608755e-03,8.026148834182494224e-03
7.858486842632853575e-01,1.143241727773734173e-01,9.543024786744408461e-02,1.332406711825941028e-03,3.064488380071232494e-03
7.562032510598649671e-01,1.262154725289582058e-01,1.127938108196833156e-01,1.710075839081015526e-03,3.077389752412543547e-03
7.687119786870433291e-01,1.183623459318247501e-01,1.064432456788483028e-01,1.470363825917252480e-03,5.012065876366435593e-03
5.129023792323152975e-01,2.723036841371091477e-01,1.953430998235693994e-01,4.100293054503942672e-03,1.535054375250224229e-02
3.635871500774739973e-01,3.359234143053276278e-01,2.852959652924776379e-01,3.822267113172524589e-03,1.137120321154834815e-02
1.693819215272258372e-01,4.663509291681484648e-01,3.192066739161775191e-01,2.996274836457163675e-03,4.206420055199085184e-02
2.592518978889663539e-01,3.712974403474043061e-01,3.472984011032009266e-01,2.771565472593654454e-03,1.938069518783476497e-02
4.326097002387654378e-01,2.711197348262244233e-01,2.800186874999232023e-01,2.323556210031345673e-03,1.392832122505553369e-02
4.820152346560682144e-01,2.167906950573903202e-01,2.614853742939104997e-01,3.152210694108156276e-03,3.655648529852275480e-02
3.709453804196936044e-01,3.058528980815189424e-01,1.969612610882899573e-01,1.807393475625410388e-03,1.244330669348721607e-01
3.229349638520458976e-01,2.827358394136870179e-01,3.390735620728757005e-01,2.731913609735413511e-03,5.252372105165611232e-02
4.187173579192524642e-01,3.048709189124876318e-01,2.334798227462121234e-01,1.573985637598831555e-03,4.135791478444897362e-02
3.965232742577573521e-01,3.139151441619512095e-01,2.681481530396535584e-01,1.977711914760797111e-03,1.943571662587709192e-02
5.493750640571417598e-01,1.968821270770849952e-01,2.422280120731604702e-01,2.107122244354625411e-03,9.407674548258058295e-03
3.648618950616829837e-01,3.125892419962999491e-01,3.131219882439268409e-01,1.743105400078761354e-03,7.683769298011518256e-03
3.596620539200437450e-01,2.912409338592250041e-01,3.350413257366336439e-01,2.572567301962325366e-03,1.148311918213541435e-02
2.320777395551239242e-01,3.721495166957630718e-01,3.860974426680914284e-01,2.291982608870162322e-03,7.383318472151441034e-03
2.222059404200894817e-01,3.585600115036057245e-01,3.932593257269411668e-01,3.537838823820153768e-03,2.243688352554327678e-02
1.639626017111281697e-01,3.101709931150417043e-01,5.078816622196152819e-01,5.721201926522265571e-03,1.226354102769255418e-02
3.012618498542357082e-01,2.430061941870687581e-01,4.164365772673941923e-01,7.268528420513045187e-03,3.202685027078837343e-02
2.781313544522080461e-01,3.084075036853685114e-01,3.760049424324869438e-01,4.429018516861235079e-03,3.302718091307524362e-02
3.453066073968624750e-01,3.382679035648558652e-01,2.827649064121076639e-01,2.732905479312358350e-03,3.092767714686175951e-02
4.054070660083577970e-01,3.095368373129096518e-01,2.669003579064836429e-01,1.822256952191617834e-03,1.633348182005721350e-02
2.059757896344096839e-01,3.897562849218728087e-01,3.910071068932290395e-01,2.045823015951660998e-03,1.121499553453682296e-02
2.765021515537548491e-01,3.565361119794753786e-01,3.503995145378217546e-01,2.567846521735931298e-03,1.399437540721201918e-02
2.304623793182585811e-01,4.275582785607141001e-01,3.310260211394004948e-01,1.795148606676318873e-03,9.158172374950477798e-03
4.092487849353562135e-01,3.351863080034469533e-01,2.458064511605204949e-01,1.415334131749074837e-03,8.343121768927220724e-03
4.037784059030192774e-01,2.734265103453558665e-01,3.171176227475345222e-01,2.399564323393873610e-03,3.277896680696427371e-03
2.121804805375399339e-01,3.308242759232997154e-01,4.524790210415988168e-01,1.902782968042295410e-03,2.613439529519169351e-03
1.263563299440799703e-01,3.509196272209722522e-01,5.146963107879523047e-01,2.462485633476812607e-03,5.565246413518716920e-03
1.040832617485376033e-01,2.213413410830466499e-01,6.698267625339964226e-01,2.456129341871916665e-03,2.292505292547306495e-03
1.089951113212499351e-01,1.528707177499655512e-01,7.235751151601017561e-01,1.064400600147995084e-02,3.915049767202847565e-03
3.225758565151792823e-01,1.324259395484627400e-01,5.247806284966822776e-01,1.434987152161818630e-02,5.867703918057497366e-03
3.740193354243658286e-01,1.644482483316190569e-01,4.504068852941714995e-01,7.462420615168164663e-03,3.663110334675486347e-03
5.408238371441120851e-01,1.217810210896675405e-01,3.313280926435988039e-01,4.351250396822806468e-03,1.715798725798807706e-03
4.390462310784635780e-01,2.188503442942096311e-01,3.377256255410265307e-01,2.459136479283397479e-03,1.918662607016841755e-03
3.061064993388598610e-01,3.590646453902280877e-01,3.297730130100108292e-01,1.247320332459684244e-03,3.808521928441418406e-03
4.584287189523204020e-01,2.643119198193121244e-01,2.713863516673130638e-01,1.878660982274307561e-03,3.994348578780056863e-03
5.981201880815684158e-01,2.170635476948956921e-01,1.806563510389705418e-01,1.156202574537986468e-03,3.003710610027448408e-03
4.470672042861391082e-01,2.800193341090189136e-01,2.686100699854108154e-01,1.463829010280174106e-03,2.839562609151016857e-03
3.525518862069161874e-01,3.679183687390875646e-01,2.740986614629795648e-01,1.257131291704018453e-03,4.173952299312694292e-03
3.823690216148451504e-01,2.869520458990675871e-01,3.260904484061201702e-01,1.291789804585042256e-03,3.296694275381920579e-03
3.787912068944005450e-01,2.219919462792829812e-01,3.946814898155162066e-01,2.518251842975839302e-03,2.017105167824405788e-03
3.047057681899325576e-01,1.834524976606058400e-01,5.050679775641913061e-01,5.712115840454430257e-03,1.061640744815918773e-03
2.097078969890440736e-01,1.477730754611109587e-01,6.324910347075767270e-01,9.204734729360508627e-03,8.232581129076685638e-04
1.956779657889042012e-01,2.413233000032837250e-01,5.577058456247805385e-01,4.119742442181578701e-03,1.173146140849957693e-03
3.113247885461292164e-01,2.261804919241618972e-01,4.569096728727075618e-01,3.972120534192564306e-03,1.612926122808798707e-03
2.756084440752746834e-01,2.374520709124206264e-01,4.781446000908952110e-01,5.652848240397339435e-03,3.142036681012243520e-03
3.417870488143748275e-01,1.882297719712658357e-01,4.625687434141207421e-01,5.595143825431903722e-03,1.819291974806696742e-03
1.759076806468913845e-01,2.388750793353053015e-01,5.769016990221441654e-01,5.861838699737685621e-03,2.453702295921587461e-03
2.800450519079923928e-01,1.782868217502918129e-01,5.298603394496815833e-01,9.476202018912111003e-03,2.331584873122090947e-03
1.694575571667403247e-01,3.060629097781857877e-01,5.128465255321893457e-01,6.636572466738785946e-03,4.996435056145703997e-03
4.399141073917613443e-01,1.937295148477480855e-01,3.569707887295351934e-01,5.554376974792631788e-03,3.831212056162764616e-03
3.540712495530502490e-01,2.283926694333716645e-01,4.046158560405724858e-01,5.438550009179071894e-03,7.481674963826540938e-03
3.242175308313591242e-01,1.615633917776814477e-01,4.989253456733238612e-01,1.253516532494407774e-02,2.758566392691494396e-03
3.543182648154333259e-01,2.001860742162737128e-01,4.333067034575414089e-01,8.525433561216705716e-03,3.663523949534776888e-03
3.143941859098661751e-01,2.306169425154606933e-01,4.441763158929210031e-01,6.276890692450682110e-03,4.535664989301362200e-03
2.869434387753045379e-01,3.170705455344597912e-01,3.820959539742874167e-01,3.285783043872516750e-03,1.060427867207590531e-02
2.463961272289658389e-01,3.775627480793279367e-01,3.579906472881799750e-01,2.929190815450425853e-03,1.512128658807577672e-02
3.604269100720524643e-01,2.932777327767691622e-01,3.028877768831534922e-01,3.471460753689776385e-03,3.993611951433501811e-02
2.644521128585345382e-01,3.825364445827968973e-01,2.938294224724559145e-01,3.166429192502104219e-03,5.601559089371055400e-02
3.627659643294693925e-01,3.095598102330797130e-01,3.032175178793456993e-01,3.188912671296113225e-03,2.126779488680910490e-02
4.157488382852109754e-01,2.996373281667353838e-01,2.394613280294573820e-01,2.407312364615453708e-03,4.274519315398072478e-02
4.008817160019356174e-01,2.409687930002938905e-01,3.296917594465564871e-01,4.020570653398121419e-03,2.443716089781588358e-02
2.023041452994860656e-01,2.136707578933632612e-01,5.681461449293520038e-01,5.051186527275972060e-03,1.082776535052261055e-02
2.817881889980724530e-01,1.571060622427908060e-01,5.488659359110452662e-01,6.331594252103142466e-03,5.908218595988266354e-03
2.584034686006594916e-01,2.100728887334210870e-01,5.156578134050211482e-01,5.722316461917471148e-03,1.014351279898080549e-02
2.578347562214515221e-01,1.255470215890021890e-01,6.013932941428682399e-01,8.280587461728199788e-03,6.944340584949852679e-03
4.085196060564247333e-01,5.952792671280363046e-02,4.919037225472556174e-01,3.375221288922666124e-02,6.296531794289332400e-03
4.008288380773560866e-01,7.478525459166807110e-02,4.928776832724260371e-01,2.892525613890467931e-02,2.582967919645044828e-03
3.874995441400382878e-01,7.401335901522873573e-02,5.136673658878742055e-01,1.830682337409214600e-02,6.512907582766708225e-03
5.970545053033069482e-01,4.642324488651235898e-02,3.298711678352161947e-01,2.194348218415203416e-02,4.707599790812385873e-03
4.982650490338929039e-01,4.279439634814780069e-02,4.308584816131222350e-01,1.989673481061765906e-02,8.185338194219522745e-03
7.010371813194437030e-01,1.541698723768079350e-02,2.623408015096694856e-01,1.455368570064472997e-02,6.651344232561201206e-03
7.709520501524643743e-01,1.113512850843744427e-02,2.024690589914683314e-01,1.068800532641020831e-02,4.755757021219713700e-03
9.183362570891232535e-01,4.857604982219893702e-03,6.436619316099867483e-02,5.631499583914219807e-03,6.808445183743825485e-03
9.440837849784037283e-01,5.186982235180463349e-03,3.082885238904471692e-02,2.044712631599065761e-03,1.785566776577205209e-02
9.381049667408870585e-01,7.860236754567513986e-03,4.370641570874830850e-02,2.895435279419728263e-03,7.432945516377335686e-03
8.455529293623162967e-01,2.351955399971761979e-02,1.147795334385816601e-01,5.151333625270334768e-03,1.099664957411413194e-02
7.881432291702924475e-01,2.103555236124600783e-02,1.733563942762079424e-01,7.438722475135908091e-03,1.002610171711771671e-02
8.880909197049502435e-01,1.480707495828191556e-02,6.783271655317503479e-02,4.762086554815744138e-03,2.450720222877709326e-02
9.265001059789681470e-01,1.853005527018450685e-02,4.945244833250875272e-02,2.041175769787051050e-03,3.476214648551641251e-03
9.514532797870152159e-01,3.674546419909152910e-03,3.264671205097452455e-02,8.606076138013941251e-03,3.619385604087132016e-03
9.385656472524170901e-01,8.341202712662216384e-03,3.140329654827557493e-02,6.733538983610681469e-03,1.495631450303439372e-02
8.828371895608264630e-01,1.446027002909182693e-02,9.135223903511258126e-02,6.390099016290595388e-03,4.960202358678525610e-03
8.732796151731707646e-01,1.017213675165250762e-02,1.007821333168799210e-01,1.313459224981427913e-02,2.631522508482587053e-03
8.994666595691872546e-01,1.088872703529805523e-02,7.745036264328181153e-02,1.055705181410935244e-02,1.637198938123455953e-03
8.665043188381018613e-01,2.080630589806043915e-02,1.041089613106276485e-01,6.172749696831728548e-03,2.407664256378363316e-03
9.338191345287194522e-01,1.114053920093658646e-02,5.088855965294888928e-02,2.923435326450094223e-03,1.228331290944857657e-03
9.340889587903420388e-01,9.160392289652504946e-03,5.371419919140439647e-02,2.677858147407377945e-03,3.585915811939315327e-04
9.684974324164611348e-01,4.598773330704102567e-03,2.472127916573613540e-02,1.938473143483878877e-03,2.440419436146842641e-04
9.798444400057851889e-01,4.227036679219525230e-03,1.497994152479566188e-02,8.011001013352208244e-04,1.474816888643684404e-04
9.731270739116184565e-01,8.562899127751183448e-03,1.725600912300394307e-02,6.984209183661272292e-04,3.555969192600644604e-04
9.579499484942242127e-01,1.533812120767846093e-02,2.464052356043625047e-02,9.185396466682627841e-04,1.152867090992695494e-03
9.694138364386933882e-01,7.420600388482300434e-03,1.972048475006417043e-02,1.552141896731057402e-03,1.892936526029120447e-03
9.360743474440198497e-01,9.548311983851393014e-03,4.573631924149825639e-02,3.647677519989358640e-03,4.993343810641032512e-03
9.415300798939162386e-01,1.536730919705652301e-02,3.514043271061524643e-02,2.110535367341895806e-03,5.851642831070033753e-03
9.487243149421253907e-01,6.546845247931174644e-03,3.768928729935717981e-02,2.592977530576109739e-03,4.446574980010263925e-03
9.767817397658983269e-01,2.614684334897789553e-03,1.664082944292036292e-02,1.357464160267665958e-03,2.605282296015909698e-03
9.832600095079541136e-01,4.196505900255166101e-03,8.660488334513351955e-03,4.366638765066126822e-04,3.446332380770688718e-03
9.709918456291731781e-01,1.277728694315049748e-02,1.211289048513001197e-02,2.919365923834877675e-04,3.826040350162670731e-03
9.698137327777298644e-01,1.072050927733668446e-02,1.508087483299780547e-02,3.769069949245957662e-04,4.007976117011080412e-03
9.164965238629363409e-01,2.570468709870999541e-02,5.238005911998941388e-02,1.267818425521430575e-03,4.150911492842903824e-03
9.339511169958736314e-01,2.201800540037869569e-02,4.083625221499410929e-02,1.102388793666295597e-03,2.092236595087392480e-03
9.216138922793797317e-01,2.026672421404238783e-02,5.091880334131322627e-02,3.590563339281623370e-03,3.610016825983203021e-03
9.247495562766557820e-01,2.506121556278259610e-02,4.073817634269028681e-02,2.323394942315280820e-03,7.127656875556014418e-03
9.410066661770830621e-01,1.976435244516430711e-02,2.571631294980101373e-02,1.607009923424859970e-03,1.190565850452677578e-02
9.623218958268249246e-01,1.054469000765089967e-02,2.053310909945581936e-02,2.093142342455793850e-03,4.507162723612737759e-03
9.561312137469049066e-01,1.200858617128267025e-02,2.665813683273122320e-02,1.933746595059716421e-03,3.268316654021486117e-03
9.590966538797710550e-01,9.754114959648872013e-03,2.613410488195302278e-02,2.866341022114447974e-03,2.148785256512597899e-03
9.397501134575803050e-01,1.329638730125959692e-02,3.809199388973626144e-02,5.404012757867759573e-03,3.457492593556178544e-03
8.665248519534581861e-01,1.894929919308775343e-02,8.788517042811268276e-02,2.086076698002045995e-02,5.779911445320975831e-03
7.829789002164350142e-01,2.857269898223822185e-02,1.671624997980931948e-01,1.898930474810751889e-02,2.296596255126086630e-03
8.691731824611858004e-01,2.757210874604549070e-02,8.888193899005206178e-02,1.016772467482360623e-02,4.205045127892972391e-03
8.747780995068636933e-01,2.706354130000460795e-02,8.344514107800823921e-02,1.128650278674632988e-02,3.426715328377134828e-03
9.086727466750224025e-01,1.862349676401497955e-02,6.058451437958517483e-02,8.555544020134277922e-03,3.563698161243317869e-03
6.459921486817010727e-01,3.193433556803151885e-02,2.453089713679718897e-01,6.958090365094438123e-02,7.183640731350990002e-03
3.278931391893757930e-01,2.478821452663665034e-02,5.275955137904535519e-01,1.171665409205995406e-01,2.556591572934449001e-03
1.812050334435645060e-01,2.028049529282761887e-02,6.451529660562002055e-01,1.501576732635572786e-01,3.203831943850459895e-03
2.586627356550934009e-01,1.410204369788210441e-02,5.367358603497992542e-01,1.848982933316695998e-01,5.601066965555610323e-03
2.590639392264411089e-01,2.469108274837010161e-02,5.206612515250490514e-01,1.823812976025079857e-01,1.320242889763169336e-02
2.226454074359757451e-01,2.724559497656103488e-02,6.093284140695237605e-01,1.319044788798444390e-01,8.876104638094926835e-03
3.953812509576855039e-01,3.305002576325152819e-02,4.679271346734820147e-01,9.330299817255650885e-02,1.033859043302453803e-02
4.365203305700527392e-01,2.997261236888542485e-02,4.898653217063883569e-01,3.854897775156230361e-02,5.092757603111112974e-03
6.507502079055036415e-01,2.335939926762275326e-02,2.768098812006146159e-01,3.814733147509080657e-02,1.093318015116831118e-02
6.656560032886301714e-01,2.585813828151517849e-02,2.590337060661743740e-01,3.221227364236099733e-02,1.723987872131940366e-02
7.612416035793592162e-01,2.125130131603058040e-02,1.713038317017429590e-01,3.230820037908236492e-02,1.389506302378494713e-02
6.514395492158686629e-01,1.707316930307522379e-02,2.942916058944825553e-01,2.460468004244260876e-02,1.259099554413102735e-02
5.345444896798616785e-01,3.924115860259108635e-02,3.788112374271727645e-01,3.448270466563783249e-02,1.292040962473656185e-02
7.563087869004698760e-01,2.169389643534054557e-02,1.883578490207482581e-01,2.669171272205872816e-02,6.947754921382645957e-03
6.337025168323396906e-01,2.405974828385813724e-02,2.997931752667973848e-01,3.282711098614767009e-02,9.617448630857079045e-03
5.423512716929177468e-01,2.965501937753291933e-02,3.790889522680070400e-01,3.424407208667683972e-02,1.466068457486537947e-02
3.199445550244661152e-01,2.757821563161974229e-02,5.718707168354804082e-01,5.368306056952443228e-02,2.692345193890923263e-02
3.918653702569397934e-01,1.470755190382997714e-02,5.342438290960176417e-01,4.787954728611518856e-02,1.130370145709736623e-02
6.114153697927766640e-01,2.064826700929928149e-02,3.158168491019039958e-01,1.483541621204832565e-02,3.728409788397165497e-02
6.814710986925682779e-01,4.261911983795729081e-02,2.217982331768992288e-01,7.818225425453982635e-03,4.629332286712104644e-02
8.087047846999825262e-01,1.542967039397472387e-02,1.550691321814936241e-01,1.058302560471454518e-02,1.021338711983457367e-02
8.690458319680161026e-01,3.850600403231212859e-02,8.297134636875944103e-02,2.521377944444173468e-03,6.955439686468166058e-03
8.299760416774042415e-01,4.753785502415187880e-02,1.134277310676217870e-01,2.330383302102317662e-03,6.727988928719855211e-03
8.330564289135642397e-01,2.883660844485111396e-02,1.332395389650725404e-01,3.161581632636690977e-03,1.705842043875420173e-03
9.153329963489723609e-01,1.132151546676420442e-02,6.958657846979517114e-02,2.107502113837794906e-03,1.651407600630338786e-03
7.565743693916742174e-01,2.103644025970901818e-02,2.156375758319239444e-01,5.618084226551767549e-03,1.133530290141065251e-03
8.637925010586393615e-01,1.371195569180341106e-02,1.177736128630538504e-01,3.647462821386806848e-03,1.074467565116558540e-03
8.573483693824092144e-01,2.381668475998961407e-02,1.145343116974034403e-01,3.119432536180566200e-03,1.181201624017135920e-03
9.381573426211498035e-01,1.763303024231231697e-02,4.121794372966260112e-02,1.679036411545788620e-03,1.312646995329518453e-03
9.324652245551152685e-01,1.321244440502198324e-02,5.097791581364512215e-02,2.257684724339925966e-03,1.086730501877661986e-03
9.431726851059819561e-01,1.819796749710437395e-02,3.609817009780898200e-02,1.553688574820391490e-03,9.774887242845000952e-04
9.434660524106920354e-01,3.069213747969025408e-02,2.296408250839286971e-02,7.530906984476368454e-04,2.124636902777153873e-03
9.634294700248990928e-01,2.200771819999935638e-02,1.289022847100032912e-02,3.992088645188099100e-04,1.273374439582630573e-03
9.768527858584528101e-01,9.469632322989637169e-03,1.168564846318642311e-02,9.984338816055658532e-04,9.934994737655737651e-04
9.891925000818443392e-01,6.453691355224355254e-03,3.891768435944790994e-03,2.026977187639971605e-04,2.593424082224823186e-04
9.707069884755612499e-01,2.245791112646650101e-02,6.280305691707056999e-03,1.876854249006846133e-04,3.671092813644334998e-04
9.160410673288891248e-01,3.768007667900691998e-02,4.352273779036382878e-02,2.177587616189705089e-03,5.785305855501739463e-04
9.424531595611260748e-01,3.134666371590356243e-02,2.477951977749338203e-02,7.781869321831375854e-04,6.424700132938528010e-04
8.479740483356661418e-01,1.067034853124804866e-01,4.378491096041258607e-02,3.963967255182527659e-04,1.141158665922534536e-03
7.039320136261149052e-01,2.203934759564940837e-01,7.357198286139603194e-02,3.632834292464258365e-04,1.739244126748601014e-03
5.433400103300227713e-01,3.325007842459589136e-01,1.198846340929189819e-01,4.959248049254368681e-04,3.778646526173834626e-03
8.148579415178701657e-01,7.863587021530077381e-02,9.570063441450560315e-02,1.923132250884570203e-03,8.882421601438962588e-03
9.063123493554544607e-01,4.255910038646330829e-02,4.719872746861777935e-02,1.439929911750529624e-03,2.489892877713973610e-03
8.530148236054315714e-01,7.987060149402765152e-02,6.445351208326585701e-02,8.705151181204104621e-04,1.790547699154330756e-03
9.218267987717182477e-01,4.005948307895996346e-02,3.693827662603524353e-02,5.657007032938282665e-04,6.097408199926539641e-04
8.222889926109092640e-01,9.957975163478030578e-02,7.673430959732722989e-02,4.964944191253696038e-04,9.004517378579100003e-04
7.103177397271479565e-01,7.354040996831115451e-02,2.146496291694008907e-01,1.046709650129294417e-03,4.455114850107391418e-04
9.751128117592072764e-01,6.113634120745678815e-03,1.819602482468293120e-02,2.723568898361573062e-04,3.051724055278458802e-04
8.227446773356102971e-01,1.906821092538582563e-02,1.478823439740503676e-01,4.971180962557476823e-03,5.333586802396107426e-03
9.189084916515857238e-01,8.095306625465970712e-03,6.602205524142752691e-02,4.728228892107464408e-03,2.245917589413468606e-03
9.561023463838275172e-01,6.759182340661611631e-03,3.008990393272779895e-02,2.928218732435488789e-03,4.120348610347598223e-03
9.771258691813718977e-01,4.036487215187905750e-03,1.482155598510240951e-02,1.184104333616643485e-03,2.831983284721215077e-03
9.246644355796059811e-01,1.269206980139080988e-02,5.764749892986786861e-02,2.723735882451271042e-03,2.272259806684289243e-03
9.338434623698582682e-01,7.037928384810656149e-03,5.411392845628111570e-02,4.294201239777128802e-03,7.104795492727879235e-04
9.810307513663585333e-01,2.149483288454590718e-03,1.368568622315508715e-02,2.902975146554942574e-03,2.311039754767517016e-04
9.635155734625387991e-01,2.535144082493840344e-03,2.574852137642092559e-02,7.942964230402372802e-03,2.577968481441259181e-04
9.299015006587881826e-01,6.679046797442879206e-03,4.808654199026576176e-02,1.404217669844724271e-02,1.290733855055816587e-03
8.435450487781751550e-01,9.060554228862087445e-03,1.007375634937519582e-01,4.541412769469563293e-02,1.242705804515199883e-03
9.457248888421025956e-01,2.076750018332371682e-03,2.676985144547514364e-02,2.428484383035284591e-02,1.143665863737147216e-03
8.934844553318335159e-01,2.959368180489634070e-03,5.919961917451765226e-02,4.211262944081111542e-02,2.243927872348118382e-03
9.691839327149900374e-01,1.939148326205346285e-03,1.755992585994044577e-02,9.747119754746012485e-03,1.569873344118082178e-03
9.907071162992494573e-01,6.873697508862003976e-04,4.057022788910976015e-03,4.112383694322637416e-03,4.361074666308393600e-04
9.887060153093800707e-01,1.380590707574467450e-03,5.419193809761282433e-03,3.816560001885155751e-03,6.776401713990689527e-04
9.902197054196639758e-01,2.169283809157950861e-03,4.216337468380077468e-03,1.571336872182655092e-03,1.823336430615462179e-03
9.890804084514775996e-01,2.566581019278924448e-03,5.456706743107391996e-03,1.637473634755579662e-03,1.258830151380454241e-03
9.961881426677425821e-01,7.447334061832448348e-04,1.915797957145155567e-03,7.513761607627411155e-04,3.999498081662482534e-04
9.988762045917467525e-01,4.339552162967838978e-04,4.396215343868457122e-04,1.174714651893586463e-04,1.327471923801020099e-04
9.987159412280141035e-01,7.538927523765721070e-04,3.663109401753819453e-04,6.625240962099191290e-05,9.760266981282108493e-05
9.976631500599819624e-01,1.655608930681297039e-03,5.113861153629968917e-04,5.112298986355759937e-05,1.187319041102627562e-04
9.989660754105309515e-01,5.526373758478633855e-04,2.936039724457671684e-04,9.675624971631664197e-05,9.092699145919694444e-05
9.989781683010129365e-01,3.278539000422609016e-04,2.664863033023038685e-04,3.068274417309680151e-04,1.206640539115281504e-04
9.977368041188441339e-01,6.781081810513462987e-04,6.608849467847026501e-04,7.419237645714632338e-04,1.822789887481512168e-04
9.911713506881707492e-01,5.572138777234636594e-04,1.070034983541791503e-03,7.074556961831301310e-03,1.268434887325983285e-04
