7.167918689815487854e-01,1.062764632943803515e-02,4.101494206136959558e-02,1.787022843723514165e-01,5.286325825529224198e-02
9.810735152902083644e-01,9.916495018724833313e-03,3.778705547988387130e-03,9.334226556087929982e-04,4.297861487469618533e-03
9.894406233224783964e-01,8.230741154526250922e-03,1.193835862966931283e-03,9.098874987941590366e-05,1.043810910148918521e-03
9.786165675608730075e-01,1.822952936444488178e-02,1.380347054701876576e-03,4.830906175991909297e-05,1.725246958220228799e-03
8.998331016483748224e-01,7.349779989872959329e-02,7.522026801691094819e-03,1.777872951157504649e-04,1.896928435608865107e-02
6.960317349470407366e-01,2.605662536785267047e-01,3.055655057745979356e-02,2.478425807772823486e-04,1.259761821619555591e-02
3.343735570510477095e-01,5.984281476611628126e-01,5.515540311450953248e-02,1.813650540808014783e-04,1.186152711919928604e-02
2.749906505096917919e-01,6.172407844326854853e-01,9.818142111903729874e-02,2.629044825037497933e-04,9.324239456081725996e-03
3.882130701192034739e-01,4.847036643491416386e-01,1.087854667950870213e-01,3.210897758792278242e-04,1.797670896068871704e-02
2.531446534672585069e-01,6.105428520126562342e-01,1.104647766240680617e-01,2.530767719243645717e-04,2.559464112409289005e-02
6.023247424467822464e-01,2.639735972137234876e-01,5.877624823669323761e-02,3.279193743360582199e-04,7.459749272846488699e-02
6.114767329909986948e-01,1.917269616702271806e-01,8.295176552746323650e-02,8.810545877693190401e-04,1.129634852235414516e-01
8.621751036151229508e-01,3.549699957122456895e-02,1.809447977957668457e-02,5.004733375616342208e-04,8.373294369651410052e-02
8.484650769506921764e-01,6.092890617990875946e-02,4.652950174561900493e-02,1.273985344641218390e-03,4.280252977913884954e-02
9.083350762071614737e-01,2.817377936545066575e-02,1.961158341330449667e-02,6.477355235096859910e-04,4.323182549057362489e-02
5.579398601402209001e-01,2.525937546146501678e-01,1.188236606139886908e-01,1.093886763823279876e-03,6.954883786731713702e-02
7.255135059194617320e-01,1.329782615350504071e-01,9.738916598130109570e-02,1.164629271999489480e-03,4.295443729218726553e-02
7.810689897737383980e-01,1.080313010239073584e-01,6.425055924191352963e-02,7.074274723277428371e-04,4.594172248811298487e-02
9.057172054473014988e-01,6.593850114088799230e-02,1.709788377211147667e-02,1.648238808744893215e-04,1.108158575882459661e-02
9.204162573559182547e-01,6.286967654532465977e-02,1.004533401854077780e-02,9.058639115303245253e-05,6.578145689063215860e-03
8.781016788684814500e-01,5.839505049267078307e-02,1.112303556439070071e-02,8.370237451060742783e-05,5.229653269994642001e-02
9.853064975921740354e-01,8.858489292594846562e-03,1.342914691834441471e-03,1.385898962041878647e-05,4.478239433776172278e-03
9.138989382163805741e-01,8.144037445450259816e-03,1.185771823363835189e-03,2.407133552787914910e-05,7.674718117927753491e-02
9.247328150391711521e-01,1.274782222831314683e-02,1.389771205363834593e-03,2.694786021467757706e-05,6.110264366693709398e-02
9.542866504407457873e-01,1.774174577088408200e-02,2.196519274339472222e-03,2.464096530396510604e-05,2.575044354872673205e-02
9.196035866045337848e-01,4.658476932817368077e-02,6.750915123018055505e-03,4.598186957592877969e-05,2.701474707469863831e-02
8.450754593453525532e-01,2.814329440825544953e-02,7.797104812648762533e-03,5.987502989402629909e-05,1.189242664038493574e-01
8.039471457077457250e-01,2.141063229903804321e-02,5.120305400892141007e-03,6.550875386857900914e-05,1.694564078384555306e-01
7.451757451612883720e-01,2.485520144666277659e-02,6.835065052773485646e-03,6.175982002527452043e-05,2.230722285192499599e-01
6.642199392623491239e-01,5.869160719212686284e-02,2.686667807609410472e-02,2.088770032934619651e-04,2.500128984661362797e-01
7.054214695768210586e-01,5.386906422469118355e-02,2.852848975568978568e-02,3.431078932658012184e-04,2.118378685495321267e-01
8.152588708245552818e-01,3.429490205959791899e-02,2.513094278711103247e-02,5.978504550260076806e-04,1.247174338737096905e-01
6.942224845152185075e-01,3.063119155885733400e-02,1.112020546376332464e-01,8.550339800387569272e-03,1.553939294879035093e-01
7.803337177092254384e-01,1.484926925879672885e-02,1.574232757402156332e-02,1.241010574116769823e-03,1.878336748838393966e-01
7.477030775407909058e-01,1.391629177545314691e-02,7.301683057547324329e-03,5.364382556056328808e-04,2.305425093706029438e-01
7.933951707959409072e-01,1.901859785834219760e-02,9.309419563053703689e-03,6.875264177392129486e-04,1.775892853649239655e-01
7.774449377922096893e-01,5.160297054032186859e-02,3.250043106047519059e-02,2.121229981232690236e-03,1.363304306257605292e-01
7.806805993487191397e-01,5.478425023556415113e-02,7.231833922499372735e-02,6.056449386531711360e-03,8.616036180419126000e-02
5.825227569059996391e-01,1.187476942033791616e-01,8.386954025337309271e-02,3.503078695640496776e-03,2.113569299416076519e-01
4.671764986569956202e-01,1.104790116111303150e-01,1.469724230258919739e-01,3.253984022139995262e-03,2.721180826838420219e-01
3.896376727845027310e-01,6.455079417730724689e-02,4.079071285511498557e-02,8.982043179531624911e-04,5.041226158651218592e-01
3.548237391748315650e-01,4.228068668623257559e-02,2.783912995688637287e-02,6.990326108673646519e-04,5.743574115711820305e-01
2.345567038923045133e-01,1.628847572606582569e-02,9.923596011783695353e-03,3.706046463227853486e-04,7.388606197235231265e-01
2.377601858280375124e-01,1.650918044440708582e-02,9.504331406208113564e-03,2.848392076783028332e-04,7.359414631136689255e-01
1.625044491986496198e-01,1.582618097934444801e-02,5.234888220969353100e-03,1.150301052624931678e-04,8.163194514957741177e-01
2.612532725581082627e-01,2.161150036615157310e-02,2.024323509754617084e-02,5.621050195696031260e-04,6.963298869586243001e-01
1.593300434328676629e-01,1.026596365799606510e-02,8.561725532793095297e-03,2.839003060594594220e-04,8.215583670702836239e-01
2.211560551032231148e-01,6.128105067842385366e-03,7.827609205250881524e-03,4.892586646287259804e-04,7.643989719590549292e-01
1.838769050292451968e-01,1.982083329353519219e-03,2.441693337225186566e-03,2.366596266372669093e-04,8.114626586775387507e-01
2.192318066696203327e-01,3.271350196460811287e-03,3.665422340403464742e-03,3.258833743546715126e-04,7.735055374191606159e-01
2.240852566211853081e-01,2.862640360544921672e-03,1.931158864306766441e-03,1.499076351619424506e-04,7.709710365188010561e-01
3.159485233757559630e-01,3.008478564252162115e-03,2.197560086188438209e-03,1.937181733232067027e-04,6.786517198004803353e-01
3.030524322520430913e-01,3.536226945593067342e-03,1.580549145942760150e-03,1.615128746836934977e-04,6.916692787817373400e-01
2.578746510255013891e-01,3.125079244026836289e-03,1.744670971985035459e-03,1.741341442899849590e-04,7.370814646141968796e-01
1.519306320386994980e-01,1.687853294677827505e-03,1.136441350735536938e-03,9.557962816247670670e-05,8.451494936877246289e-01
2.271370074599603495e-01,3.235842227038382510e-03,2.759440597832113398e-03,2.883565706669091017e-04,7.665793531445022069e-01
2.473722369525807874e-01,2.140004750411313855e-03,2.074983734263777680e-03,2.229207151985579155e-04,7.481898538475455496e-01
4.297735051624287927e-01,5.869499652941101604e-03,4.864515695218999368e-03,5.378791618163218484e-04,5.589546003275948083e-01
2.759290059471843359e-01,1.121162141007243929e-02,9.835771197164841842e-03,6.026527415356139079e-04,7.024209487040427025e-01
1.791287749200093371e-01,1.296317861781545039e-02,5.141248546937122500e-03,1.841801605209553486e-04,8.025826177547171758e-01
1.773941256638606190e-01,3.288145123672278625e-02,9.959778414124651966e-03,2.149986505944368755e-04,7.795496460346975631e-01
2.361258980291176812e-01,2.034502981863428941e-02,6.875806754527549747e-03,1.370045902820637117e-04,7.365162608074384831e-01
1.660923365021966802e-01,8.592009024105530524e-02,1.645967465482907344e-02,1.613172985829879654e-04,7.313665813033357610e-01
2.845018538749978232e-01,8.396113148646129620e-02,1.909731725193879529e-02,1.720781050028216382e-04,6.122676192815993401e-01
5.727497158518108922e-01,6.748067682186464911e-02,1.854208257922897868e-02,1.315209272653841200e-04,3.410960038198299626e-01
3.455432207018933055e-01,4.805868545919748935e-02,1.593161999702931431e-02,1.487001582552940513e-04,5.903177736836245915e-01
2.924699639129255124e-01,1.051163902449447074e-01,2.247362502342151527e-02,1.583919487672639668e-04,5.797816288699410014e-01
2.302520694068106444e-01,1.621324388410596562e-01,2.591817813481435417e-02,1.410040336895337953e-04,5.815563095836256968e-01
2.547042215357999129e-01,1.132656548310498335e-01,4.022005176568894946e-02,2.181670019616535909e-04,5.915919048654997292e-01
2.052358376827554121e-01,1.709401531837762833e-01,6.948367480943601349e-02,3.668784892416747942e-04,5.539734558347906290e-01
8.160332242830321825e-02,1.414512118464760215e-01,3.851197904011859768e-02,1.856202034451018583e-04,7.382478664816571889e-01
1.082327796843799844e-01,1.076301599205894827e-01,2.920576559709638087e-02,1.353929379159889818e-04,7.547959018600182146e-01
1.017432384088019226e-01,7.996849066571140585e-02,4.811392700994741867e-02,1.821656723859484074e-04,7.699921782431533579e-01
9.477551975917407334e-02,1.542964001296776300e-01,5.118546970902378146e-02,1.622834117364773960e-04,6.995803269903880794e-01
9.782981132432819193e-02,7.094974788324180659e-02,3.508006404733149397e-02,1.560781797328929894e-04,7.959842985653656777e-01
1.443326792763750810e-01,7.637376291009488616e-02,7.592174024947409561e-02,3.935919878463944128e-04,7.029782255762093701e-01
2.156036594606779988e-01,9.610400811825355050e-02,8.941002605616808763e-02,6.638997177980699186e-04,5.982184066471022410e-01
1.718549648312508449e-01,4.284997749300955422e-02,2.789444489218128459e-02,3.388205295942851858e-04,7.570617922539639721e-01
2.915906428255622407e-01,1.241532650205236926e-01,1.369000323850512457e-01,1.189281367093943066e-03,4.461667784017688820e-01
8.847630465845393588e-02,1.188377643382707155e-01,8.908928905979673907e-02,6.501561344755564910e-04,7.029464858090030965e-01
5.384136223715028924e-02,1.070753829333913471e-01,4.301805899905560004e-02,2.366381747009043302e-04,7.958285576557019292e-01
6.873588346854093978e-02,1.438567305608043079e-01,5.883256709409923069e-02,2.780263723067990080e-04,7.282967925042486135e-01
2.495692614575797247e-02,9.244628713232580508e-02,3.656203585256619787e-02,1.813274813012265285e-04,8.458534233880490305e-01
6.884594853970509021e-02,4.730286106333093238e-02,6.129736009311499007e-02,6.144037415086979958e-04,8.219394265623402029e-01
2.474849813159520073e-01,1.122253743925340497e-01,7.404192305309592603e-02,5.850141002143948539e-04,5.656627071382035465e-01
1.612982419295937164e-01,1.054188963584372085e-01,7.533162954110531051e-02,5.107228192598740456e-04,6.574405093516038079e-01
9.306736885440916596e-02,9.981927430459398842e-02,4.926883650503069423e-02,2.999196749411041450e-04,7.575446006610250249e-01
8.436694920500825701e-02,1.198657710328477066e-01,7.044678616144893490e-02,3.313680765777802660e-04,7.249891255241173171e-01
7.013449408500875559e-02,9.126047934476498591e-02,2.059624282777569870e-01,1.009908794156913307e-03,6.316326894983125273e-01
8.085144491845622228e-02,8.497631187811693909e-02,1.021228278728326389e-01,5.097984631866788992e-04,7.315396168674074273e-01
7.165694858395449396e-02,1.286792677133057616e-01,1.855755677007078219e-01,7.038166337115917860e-04,6.133843993683203433e-01
5.624155183380475514e-02,1.569598381678744825e-01,1.451468807709569708e-01,4.618417729465398337e-04,6.411898874544171845e-01
7.366316727165936329e-02,1.551538965398021608e-01,9.007826360940564270e-02,3.380541973278250998e-04,6.807666183818048555e-01
1.758304484448565963e-01,1.680844153525929419e-01,6.661806079813564763e-02,3.578351236569861046e-04,5.891092402807578399e-01
9.889825079625770565e-02,1.023772283439715325e-01,1.438876435887223582e-01,9.960029151278842335e-04,6.538408743559203096e-01
9.433103215787216889e-02,1.162792159653142643e-01,1.141522537517082603e-01,7.625415547204385724e-04,6.744749565703846983e-01
1.037130852012958515e-01,1.227387038188629403e-01,6.030069212481808938e-02,3.944429996862011721e-04,7.128530758553369706e-01
1.025138457886340115e-01,9.973456892730772627e-02,6.894281474755033223e-02,3.931931665504966077e-04,7.284155773699574343e-01
6.752448763941024112e-02,1.454168962000084719e-01,1.328807669790271762e-01,5.504501489989345724e-04,6.536273990325552896e-01
4.303454473387430951e-02,1.529574097337662031e-01,2.343271104686974471e-01,1.061647520731232855e-03,5.686192875429307847e-01
4.191897437101768653e-02,1.321123340291044945e-01,1.485520623756583780e-01,7.138766158010049221e-04,6.767027526084186118e-01
2.265384733210461243e-02,8.659324209074044376e-02,6.438085771593793361e-02,2.995161262374787460e-04,8.260725367349793791e-01
3.536625484310507161e-02,4.584999599980692231e-02,6.273702879724081527e-02,4.824134970784720294e-04,8.555643068627687420e-01
4.440413318644133300e-02,4.594266270567822635e-02,1.740580343745577463e-01,2.687701685011897271e-03,7.329074680483109727e-01
2.320560955657084701e-02,1.275230190185749381e-02,2.266665887855309758e-02,2.349097654725590607e-04,9.411405198975461017e-01
4.016856269213681108e-02,3.896532344618368338e-02,7.758111039324422364e-02,5.789052145175787234e-04,8.427060982539178458e-01
5.303341629104835198e-02,5.450486895583624841e-02,1.246972375838077407e-01,7.870814477006005724e-04,7.669773957216071691e-01
2.302918097067433931e-02,6.555784776860842933e-02,6.418103704638766782e-02,3.375065714524463478e-04,8.468944276428771456e-01
4.602267023237714694e-02,6.660787810694095146e-02,1.004945296614281336e-01,6.594276908165853327e-04,7.862154943084371794e-01
4.937174315255689339e-02,8.332799823187694854e-02,8.802729077781848432e-02,4.648940524900391008e-04,7.788080737852577373e-01
1.145426029009280755e-01,4.326437605946952675e-02,3.051727232776414375e-02,2.585198545220777954e-04,8.114172288573160419e-01
4.821636423802906635e-02,1.794761367902639182e-02,9.568566973494774947e-03,1.196271744755948859e-04,9.241478279349741864e-01
2.977529415431066084e-01,3.469049745386922762e-02,1.052167070688238802e-02,1.200492768628691942e-04,6.569148410192789944e-01
4.221900853540657139e-01,3.640465420894984511e-02,1.024439350301929209e-02,1.334787388308235052e-04,5.310273881951345087e-01
7.574386848351601920e-01,2.759417037799565334e-02,9.578302167545602736e-03,1.121963945575742697e-04,2.052766462247410939e-01
8.260387698531229672e-01,3.471860414311830206e-02,7.418856154189333758e-03,9.309134891597722677e-05,1.317306785006535086e-01
5.180087260162706819e-01,3.923458219305817757e-02,1.362757233169069673e-02,1.247209177786383100e-04,4.290043985412016481e-01
6.528501377966262620e-01,1.359223551098405307e-02,3.134769271053754885e-03,5.720926215968392243e-05,3.303656481591763505e-01
8.041262814611283005e-01,1.907644964173382460e-02,4.545052667092570366e-03,8.956167030176127235e-05,1.721626545597436664e-01
9.476729272581096986e-01,1.064159244067786232e-02,3.874195290011133146e-03,1.390183216682292736e-04,3.767226668953309321e-02
9.943488127150540423e-01,2.312231990310833867e-03,9.853235900136451172e-04,5.674524635179158637e-05,2.296886458269724405e-03
9.938751583995696359e-01,3.548524428641106499e-03,8.048182095246028591e-04,4.501455680332834493e-05,1.726484405461347141e-03
9.947357800981247999e-01,3.638534685600684857e-03,5.894458471227844278e-04,2.896269239969734589e-05,1.007276676752219893e-03
9.855424625570901043e-01,1.104730551717686242e-02,1.721780804715352308e-03,4.923609853086008723e-05,1.639215022486824542e-03
9.948958493285581239e-01,4.036961364012442953e-03,4.527767197616759361e-04,1.608254999796942896e-05,5.983300376697462276e-04
9.748510545491557711e-01,2.142775979492988342e-02,2.098928597041872009e-03,2.566008570329465871e-05,1.596596973169319474e-03
9.872286474865231698e-01,1.098256948193260946e-02,1.142654020675827262e-03,1.145545817283452581e-05,6.346735526955893684e-04
9.847217002494195182e-01,1.377765003583057007e-02,9.575371878200212043e-04,1.147129634342309353e-05,5.316412305865042239e-04
9.854397592933862304e-01,1.292557503593216514e-02,1.285857008665903774e-03,1.192872366213674362e-05,3.368799383535486152e-04
9.743111252200900019e-01,2.219803589149975387e-02,3.066784584027364580e-03,2.320059005752825727e-05,4.008537143253004678e-04
9.727168662152749778e-01,2.343877805936082220e-02,3.454055148362032875e-03,2.410306555008403357e-05,3.661975114519665166e-04
9.833079538684861287e-01,1.471080721349721059e-02,1.685522022951885029e-03,1.593504680489739653e-05,2.797818482598840432e-04
9.837214788525538989e-01,1.449172991572197922e-02,1.564670814704543838e-03,1.276413088632889180e-05,2.093562861331528491e-04
9.700111674083724544e-01,2.680176075978606132e-02,2.848326831072843773e-03,1.931567536600614881e-05,3.194293254025860418e-04
9.780035396989454899e-01,1.948479360561459345e-02,2.225361727139404597e-03,1.837871925892005151e-05,2.679262490416366334e-04
9.907582831718967364e-01,7.413331837671809088e-03,1.566523162447363941e-03,2.883961007636821761e-05,2.330222179075935732e-04
9.617542298016883429e-01,3.411635283605252839e-02,3.561987012403143582e-03,3.909166468318930968e-05,5.283386851726989009e-04
8.799271424965402488e-01,1.077794107601540291e-01,1.092352434850967120e-02,8.082630521738844718e-05,1.289096089578823734e-03
9.222386389803238771e-01,6.751821807497707106e-02,8.879917861609940705e-03,7.223892232872525774e-05,1.290986160760307019e-03
8.567670934740094779e-01,1.268774417617329620e-01,1.415422138111615581e-02,1.268990691071775331e-04,2.074344314034215399e-03
9.546867411690783678e-01,3.746792172111377411e-02,6.592364936349110957e-03,9.200915466685424078e-05,1.160963018791896740e-03
9.651369410209562627e-01,2.958777156051533089e-02,4.399901338973398295e-03,4.647782865116577430e-05,8.289082509037748068e-04
9.204716977140903200e-01,7.055084831585653471e-02,7.975973601825385451e-03,9.450998788605587629e-05,9.069703803420447498e-04
9.396119184288242998e-01,5.249375872310177438e-02,7.015704723251704397e-03,5.160318566850604217e-05,8.270149391536134320e-04
9.102933573550633373e-01,7.828929653867593152e-02,1.015026388847636851e-02,1.089207541733588078e-04,1.158161463610969709e-03
9.632705418447115031e-01,3.136313405480514738e-02,4.503684015117330117e-03,5.915494087009510771e-05,8.034851444959011883e-04
9.665620673987740386e-01,2.686355762238760297e-02,5.523213513449445194e-03,1.166120259980949945e-04,9.345494393906084380e-04
8.996419612147601441e-01,8.134391586868057467e-02,1.749323137882146523e-02,3.516771026411031915e-04,1.169214435096696319e-03
8.604043853165747047e-01,1.091776198906761058e-01,2.801503139586600244e-02,5.188561484955625741e-04,1.884107248387657764e-03
9.660952333454915220e-01,2.807695807666833396e-02,4.878715951694864023e-03,6.739915652711719169e-05,8.816934696180256902e-04
9.281576219619160906e-01,6.346490222270467774e-02,6.797476152518252580e-03,6.667100487150605685e-05,1.513328657989493602e-03
8.891241993132152910e-01,9.457232713970496751e-02,1.459686016758212149e-02,1.550414757930985998e-04,1.551571903704636584e-03
9.128815288950989926e-01,7.344321086573117607e-02,1.240640585800999347e-02,1.471887238356960536e-04,1.121665657324064959e-03
9.555752348740426116e-01,3.423054159661373386e-02,9.210691118602870597e-03,1.019023484845093440e-04,8.816300622561489128e-04
9.363334896928288131e-01,5.492467204361998340e-02,7.807641571917792352e-03,9.339939843127892762e-05,8.407972932023027217e-04
9.681329953416550893e-01,2.719349929306034627e-02,4.084492145499378501e-03,3.987669699321560053e-05,5.491365227919779842e-04
9.683222063863072826e-01,2.845022390749425700e-02,2.654912076419293793e-03,3.195877540227015103e-05,5.406988543770280481e-04
9.609817507043387774e-01,3.530380232097249382e-02,2.978309583671053060e-03,3.169301554331251005e-05,7.044443754744085431e-04
9.674239932067485448e-01,2.938305593433044108e-02,2.332070079877123468e-03,3.138523265813466585e-05,8.294955463858017007e-04
9.691773098241245332e-01,2.813848001568604665e-02,1.792904091443229186e-03,2.425464378954272468e-05,8.670514249567330819e-04
9.513395119075975792e-01,4.404729130152983119e-02,3.507179110397972040e-03,3.901328628883564279e-05,1.067004394186007706e-03
9.622558379181768151e-01,3.371264120962788602e-02,3.154842197149842608e-03,5.570111770010453280e-05,8.209775573452707080e-04
9.680079632412880164e-01,2.827780956064434442e-02,2.868085548053304814e-03,5.629173824003916163e-05,7.898499117741937092e-04
9.800095456714937869e-01,1.725731910426441668e-02,2.124645496203145505e-03,4.671110216043823800e-05,5.617786258782673722e-04
9.882590329569270748e-01,9.525611809589162871e-03,1.743535015479891074e-03,4.005221971623580121e-05,4.317679982877678274e-04
9.897304722626696361e-01,8.524011107883094560e-03,1.488387436504125033e-03,2.967743444028485403e-05,2.274517585029134337e-04
9.915233384010080364e-01,7.191430225410163149e-03,1.153773586135392040e-03,2.497818076158194548e-05,1.064796066849057582e-04
9.919009500456267281e-01,6.742748684588735324e-03,1.236793956939333467e-03,2.516510999583917226e-05,9.434220284927604457e-05
9.953779847571857520e-01,3.727365650425027051e-03,8.126044282327084907e-04,1.500516882014794437e-05,6.703999533635728633e-05
9.959093499012403594e-01,3.505496462036516991e-03,5.135776554681940236e-04,8.371296138697628165e-06,6.320468511613786694e-05
9.912442294836165679e-01,7.532574557138224658e-03,1.131042152803509934e-03,1.075763418190397086e-05,8.139617225972759146e-05
9.892264004567060676e-01,9.372546391262807572e-03,1.293848593033358101e-03,1.399204309543608663e-05,9.321251590223996971e-05
9.842977471769100983e-01,1.361887247215740927e-02,1.970596625250739010e-03,1.902013218847882909e-05,9.376359349314668029e-05
9.779591619513762213e-01,1.910181933860484460e-02,2.790052280701014412e-03,2.211737681590582514e-05,1.268490525021807489e-04
9.819394486149750634e-01,1.509497482192912951e-02,2.781058335451167159e-03,3.151126872144320627e-05,1.530069589232302548e-04
9.539253130593056129e-01,4.039786688538229281e-02,5.425691344508585569e-03,6.790581039357225664e-05,1.832229004099820361e-04
9.723609029787158020e-01,2.475975147978965590e-02,2.647749063037497987e-03,2.994235353333588216e-05,2.016541249237746710e-04
9.765990651005895806e-01,2.105668925023250482e-02,2.071487061329400220e-03,2.605059812368286880e-05,2.467079897248558714e-04
9.711877848392416190e-01,2.628506820524157198e-02,2.229290291229155032e-03,2.528857254644166643e-05,2.725680917411928725e-04
9.761859153567323810e-01,2.074645198832111848e-02,2.747546047726513729e-03,3.118911013448733428e-05,2.888974970855008899e-04
9.818411998713351130e-01,1.588952481746946574e-02,2.000301895294706762e-03,2.541842572089909132e-05,2.435549901797075614e-04
9.745164077686068183e-01,2.335116551860641487e-02,1.805351790194041021e-03,2.527303957214855696e-05,3.018018830204509547e-04
9.841943592837669730e-01,1.427698028592952299e-02,1.199362211412689262e-03,2.672596726558056459e-05,3.025722516251354711e-04
9.619744433209727053e-01,3.420388610937435264e-02,3.072395078029314247e-03,5.472689811852749615e-05,6.945485935051156235e-04
9.888299452097771836e-01,9.567736319029216535e-03,1.233664775123590731e-03,2.808635337340369112e-05,3.405673426964648002e-04
9.863730650599982219e-01,1.036387752318212660e-02,2.698574671128110575e-03,7.066902721867658274e-05,4.938137184728175460e-04
9.959179664287014511e-01,3.600380153255238608e-03,3.594540788362765278e-04,1.292255714502669893e-05,1.092767820622293095e-04
9.852082824012692308e-01,1.344210845335255637e-02,9.772189332267243803e-04,2.433248495695472771e-05,3.480577271945085806e-04
9.882333464098149722e-01,1.047444534831186089e-02,9.701420911961504672e-04,3.272922770942827638e-05,2.893369229675318388e-04
9.894160201020116840e-01,9.146150530690332417e-03,1.055551364253871265e-03,3.637914998495408141e-05,3.458988530591885829e-04
9.865951011480028621e-01,1.178923349938193303e-02,1.256016524035310361e-03,3.336444836068215325e-05,3.262843802190839009e-04
9.825634058323549080e-01,1.541936643246287313e-02,1.602732837241954743e-03,2.724932364205634054e-05,3.872455742982234888e-04
9.896054395746473054e-01,9.234472141217959715e-03,9.135197124080780655e-04,2.280006560787966224e-05,2.237685061188950336e-04
9.845350392125709060e-01,1.351202737940850745e-02,1.671654540353320097e-03,4.536797621980102912e-05,2.359108914473664008e-04
9.850583414263682780e-01,1.334595830299245209e-02,1.370579158036899130e-03,3.435579610704629221e-05,1.907653164953317267e-04
9.906844220407177160e-01,7.989243460422294080e-03,1.076771569281711636e-03,1.962486482084463394e-05,2.299380647573677960e-04
9.806611875719883908e-01,1.741387700767086169e-02,1.583149276128285876e-03,1.772199043879182857e-05,3.240641537735987191e-04
9.884447587109136402e-01,1.064363869553952048e-02,7.087444673214561390e-04,1.109502691016911528e-05,1.917630993153342093e-04
9.858589402970793225e-01,1.306416149588631587e-02,7.678403816565482643e-04,1.264774170019181666e-05,2.964100836775631861e-04
9.743405255819819200e-01,2.307397600499219367e-02,2.195789059100845819e-03,2.683984403183811224e-05,3.628695098931738919e-04
9.744934813670675933e-01,2.311767576610152322e-02,2.045061437011282124e-03,2.661427030130396288e-05,3.171671595184074157e-04
9.904755857030527189e-01,7.754505086920742384e-03,1.484760136160923798e-03,2.550029514858609620e-05,2.596487787171387505e-04
9.922444621814658916e-01,6.649731617052437663e-03,8.682625833127254490e-04,1.987590495196176399e-05,2.176677132169254887e-04
9.928310991086030102e-01,5.947215372510785726e-03,1.023867558353312507e-03,2.566473326009169391e-05,1.721532272728095976e-04
9.901491218693622143e-01,8.647276840936635178e-03,1.000731762201019677e-03,3.175936117678971438e-05,1.711101663231851845e-04
9.859465760287742242e-01,1.271824210149329233e-02,1.118098255423398673e-03,2.785422888792252934e-05,1.892293854210552468e-04
9.821694090832304713e-01,1.628487258049715961e-02,1.250335441553981301e-03,3.291350999134504775e-05,2.624693847270813938e-04
9.767836811765533422e-01,2.142883303723299576e-02,1.408140561927591697e-03,3.725287875134042007e-05,3.420923455348181012e-04
9.828235566623605424e-01,1.561759238403830248e-02,1.202583132485365901e-03,2.260283613957309460e-05,3.336649849763904984e-04
9.974235559233121107e-01,2.203965681883372687e-03,2.857325835351786953e-04,1.063152689238918063e-05,7.611428437691776267e-05
9.987357867892723284e-01,1.067141564471721935e-03,1.428325799574737187e-04,6.718413758020051869e-06,4.752065254021878516e-05
9.989559330267197002e-01,8.879817825504928656e-04,1.083736189753690076e-04,4.620855592926063600e-06,4.309071616143307637e-05
9.985243893348387800e-01,1.246982463875824249e-03,1.791550963063878743e-04,5.445873367287139383e-06,4.402723161190205160e-05
9.978697645986882581e-01,1.783516300159744029e-03,2.923687662853884312e-04,6.740907209493308086e-06,4.760942765708239946e-05
9.965517791635145617e-01,2.999160463546344385e-03,3.754428355577258476e-04,9.294283588532942404e-06,6.432325379280513160e-05
9.974677236600562047e-01,2.135834732722159072e-03,3.418709497890790689e-04,7.123135605463120262e-06,4.744752182689526080e-05
9.983431399831684816e-01,1.418647097173887303e-03,1.874910163526078235e-04,5.291100473895621682e-06,4.543080283126556880e-05
9.977476364142813248e-01,1.880657182348241530e-03,3.174816011588375451e-04,7.522486272829432177e-06,4.670231593892377336e-05
9.973984667781191638e-01,2.138553133806488527e-03,4.108486829461885413e-04,7.785467481700445770e-06,4.434593764643398966e-05
9.976131248729938061e-01,1.920736219047887829e-03,4.139766708116276355e-04,7.532808390237958926e-06,4.462942875640392513e-05
9.976989103898407096e-01,1.856342762639953767e-03,3.847490305736622936e-04,8.429245070071642815e-06,5.156857187550068129e-05
9.989492928635957947e-01,8.601231037980609307e-04,1.454208547481079859e-04,6.009564769452343992e-06,3.915361308870933321e-05
9.993997742676048457e-01,4.694152653744725501e-04,6.732917889819289587e-05,4.122645570004078521e-06,5.935864255258864100e-05
9.992860253602440235e-01,5.766227335748124903e-04,7.660134037073464282e-05,4.094725514000320138e-06,5.665584029641727236e-05
9.900575474091288797e-01,7.183602276453118947e-03,2.477186666223108510e-03,9.584019177992401733e-05,1.858234564149454965e-04
9.436919453382826006e-01,3.462771054710848950e-02,2.073432141612534946e-02,5.035733029352860123e-04,4.424493955482422503e-04
9.920211935540431680e-01,3.632367639866431602e-03,2.455652991789893710e-03,1.751996721011127886e-04,1.715586142199405743e-03
9.974338982633699224e-01,1.058718262905803623e-03,6.096129668344523866e-04,6.678976834349719782e-05,8.309807385465822240e-04
9.966300796546258001e-01,1.849446467022883072e-03,6.379068098401900668e-04,4.435428312280254194e-05,8.382127853883443837e-04
9.967560545638179947e-01,1.990051472543258055e-03,6.717447419689117098e-04,3.607832869543602485e-05,5.460708929745585090e-04
9.897949009795004027e-01,5.909047502246634644e-03,2.106356474412686419e-03,1.066501883707998244e-04,2.083044855469591908e-03
9.916443577208827742e-01,2.731037918183666213e-03,1.629749992453201216e-03,1.373532499299979191e-04,3.857501118550253107e-03
9.695518333209723894e-01,8.940519530291499151e-03,3.040752383194267848e-03,1.662312173874460719e-04,1.830066354815444024e-02
9.336415212057898039e-01,4.635520999581419985e-03,2.497052525527007367e-03,2.327033729013460979e-04,5.899320189620052557e-02
9.927773043907835993e-01,2.358445533811628827e-03,7.712991615551034177e-04,4.454731513710689271e-05,4.048403598712759822e-03
9.867024575983168733e-01,5.340477880638923487e-03,2.514599962984656600e-03,9.329655503058394811e-05,5.349168003028981211e-03
9.736935745959807154e-01,7.418856863230144198e-03,4.021992957792104584e-03,1.409658647031534031e-04,1.472460971829376089e-02
9.400171881958020448e-01,4.386567095516897413e-03,1.610345437795815448e-03,1.171897685263663716e-04,5.386870950235875949e-02
9.786244573554311321e-01,1.618262530554549598e-03,5.558866764188411967e-04,6.533891253627271858e-05,1.913605452505930463e-02
8.533015483479579055e-01,2.043954950725494768e-02,1.199605294147249208e-02,9.319586131323495627e-04,1.133308905901823371e-01
8.241249088304747339e-01,2.850312416766799528e-02,3.161549078364402771e-02,9.150684864883853846e-04,1.148414077317247706e-01
6.408676273424241954e-01,1.067408017239869500e-01,7.955883868123531100e-02,1.032388441548244551e-03,1.718003438108052783e-01
4.944776125504323772e-01,9.634660437398327726e-02,3.170223791322883677e-01,4.572170885324615235e-03,8.758123305797141378e-02
5.579716348565223472e-01,7.266778577818137907e-02,1.425159803511598655e-01,2.638420423926058581e-03,2.242061785902104143e-01
3.529006302026086450e-01,9.056443387689362690e-02,2.631845214297567903e-01,2.511205282257487643e-03,2.908392092084834957e-01
3.467442636550965296e-01,7.453545027584281002e-02,2.491903601317194683e-01,3.894386631089878387e-03,3.256355393062513315e-01
3.681695417817682503e-01,9.063432156146754293e-02,1.993883446906524470e-01,1.661305562993625317e-03,3.401464864031180091e-01
3.817415148710743278e-01,7.669067936302985389e-02,9.105528888360221729e-02,7.571999230175614293e-04,4.497553169592760081e-01
4.512049461212976897e-01,1.147440573524884377e-01,6.442583700028074734e-02,4.962050900406440998e-04,3.691289544358924424e-01
5.883904211321119293e-01,7.207848391020336976e-02,1.419050897122821897e-01,1.950924585614283342e-03,1.956750806597881975e-01
4.665304262658381829e-01,8.501607537122629621e-02,1.304196535104858723e-01,1.919222851457961804e-03,3.161146220009917185e-01
2.832202227277257345e-01,5.737393850691283048e-02,7.953358571730810567e-02,7.897422841799872292e-04,5.790825107638732927e-01
3.430813689017228052e-01,2.590673162298963092e-02,6.141880484229556014e-02,9.973881484873292971e-04,5.685957064845046371e-01
2.101757097268596164e-01,6.523759003677584434e-02,1.235598823136555280e-01,1.117814341691743003e-03,5.999090035810171750e-01
1.390162944334775441e-01,7.241429044720812391e-02,8.505850171544621086e-02,3.322054909414282661e-04,7.031787079129265816e-01
1.260058123179827738e-01,4.700315844064612697e-02,4.768175886641994043e-02,3.307790423102854416e-04,7.789784913326407434e-01
1.904237258227824414e-01,7.906285760695869191e-02,1.535301277158699629e-01,1.433128313510766702e-03,5.755501605408782639e-01
4.413922932933633803e-01,6.293453098296987458e-02,1.186772011091157542e-01,1.719492262839962668e-03,3.752764823517109605e-01
3.999813598208947218e-01,6.634487363264665594e-02,1.161463199289742704e-01,1.758646416917616093e-03,4.157688002005667238e-01
1.842391240394457008e-01,7.104713351366113983e-02,1.873869736233771677e-01,1.846603849251623282e-03,5.554801649742643344e-01
2.216820784935296385e-01,4.936389862173407028e-02,1.063728664216309905e-01,1.220674109426545450e-03,6.213604823536788002e-01
1.698680395396797715e-01,3.797504955913835051e-02,7.808732827893724582e-02,1.036365023227051605e-03,7.130332175990176102e-01
9.804632311762706554e-02,3.989400281719920199e-02,3.969732352494040328e-02,4.619931664766144556e-04,8.219003573737566626e-01
4.686796450776745809e-02,2.866757689364591091e-02,1.976720870411836223e-02,1.223468810854456620e-04,9.045749030133828361e-01
5.839983069485494421e-02,5.426315871673945829e-02,1.758388725020668675e-01,1.088628903060807895e-03,7.104095091832780540e-01
5.273563222204172285e-02,3.546355357419540832e-02,3.721115314334734747e-01,2.163156544952093280e-03,5.375261262253373529e-01
8.492317666422841138e-02,3.503157551109535583e-02,3.003866786334051797e-01,1.824652207041789053e-03,5.778339169842292566e-01
8.287146951188917310e-02,3.153154811431905374e-02,2.144202565229553770e-01,1.125468390309491452e-03,6.700512574605268501e-01
1.099782564318446537e-01,3.207381616934882468e-02,1.819626139509599450e-01,7.248327763195914174e-04,6.752604806715269969e-01
2.527247323181156524e-01,4.695006732809414718e-02,1.650250229672170776e-01,8.165619129519494351e-04,5.344836154736211098e-01
2.965720206169843998e-01,4.576662875159403371e-02,1.111914416961122670e-01,6.848147085738619721e-04,5.457850942267354899e-01
2.774608137268003705e-01,3.880183805746505871e-02,1.546074842938089666e-01,6.946023449346818389e-04,5.284352615769909445e-01
3.332513176938328159e-01,4.160295660974898391e-02,1.247822714753996781e-01,4.860077112843145392e-04,4.998774465097341468e-01
2.263843438962960530e-01,5.492875004428890429e-02,2.230019683345100534e-01,9.038028800291192291e-04,4.947811348448758473e-01
1.964820046577077928e-01,6.467860104816948452e-02,2.017088669286939695e-01,8.202896377128700116e-04,5.363102377277159105e-01
1.241041125388903515e-01,4.452766260617577881e-02,1.151331743155667026e-01,5.398531369622794861e-04,7.156951974024049479e-01
1.732179197345042887e-01,2.429478628421912964e-02,5.906465793493589911e-02,5.102981937244714271e-04,7.429123378526160115e-01
2.215407453814508265e-01,2.800072218654529529e-02,7.845771291062549058e-02,6.880916536710889866e-04,6.713127278677073484e-01
2.052890931601909774e-01,4.337178451371475479e-02,1.596325158484706852e-01,1.023720941239661397e-03,5.906828855363838171e-01
1.134561441343941574e-01,4.985707364863060931e-02,1.564487844836439656e-01,1.143533135694353936e-03,6.790944645976368932e-01
3.451592383472883441e-01,2.926425542312026742e-02,5.410063849769702893e-02,8.393246063917339343e-04,5.706365431255027154e-01
1.166477453663589126e-01,3.969972863155626225e-02,5.723783071533848632e-02,7.794988267357519027e-04,7.856351964600106763e-01
2.694791062273105831e-01,4.120752525290110463e-02,1.120881909417532490e-01,1.173479385741124214e-03,5.760516981922938484e-01
2.418922416574463830e-01,4.921140318868491570e-02,1.176386767212145440e-01,1.008108825083614242e-03,5.902495696075704679e-01
2.066960084367889527e-01,5.419669333820462814e-02,1.342388057303862681e-01,6.817904974653341606e-04,6.041867019971548514e-01
2.119563227630579250e-01,5.182580108646096806e-02,1.017209033526944306e-01,5.347570887369473315e-04,6.339622157090496479e-01
2.386118898497905649e-01,7.034374348306626779e-02,1.360735222469984795e-01,7.378886574576298081e-04,5.542329557626870518e-01
2.008507510589432887e-01,3.350104057657940504e-02,6.495061730142118184e-02,4.447151091748815783e-04,7.002528759538811931e-01
5.932279330697276531e-02,1.174058128701472963e-02,1.302264934291236069e-02,1.369695369219091103e-04,9.157770065261783277e-01
1.217910431996782616e-01,2.773662737985082422e-02,2.261437629871225832e-02,1.653493927595385072e-04,8.276926037289989990e-01
1.592341541668929328e-01,4.036554098541876578e-02,4.505484693245755123e-02,4.343591268729267083e-04,7.549110987883579371e-01
1.868838161299369027e-01,5.963638888096192692e-02,8.317137597756565914e-02,6.979672727666978672e-04,6.696104517387688748e-01
2.605718952493095153e-01,6.095288097820601714e-02,1.190672784464079786e-01,8.068628479630842853e-04,5.586010824781133532e-01
3.975291335625918965e-01,5.793166742632379490e-02,1.042995479123852431e-01,9.164895933562631439e-04,4.393231615053427852e-01
3.139893268621893330e-01,5.724348169396283048e-02,7.824036463425845800e-02,3.989009343485225897e-04,5.501279258752408419e-01
1.591873076678315124e-01,8.052053256229615985e-02,1.669501665058926443e-01,6.400008488451171870e-04,5.927019924151344377e-01
6.814014542089920357e-02,9.814969377984333887e-02,2.282613231667044995e-01,6.840439606346393909e-04,6.047647936719181549e-01
7.275363044047962469e-02,3.183645371643290672e-02,6.518267455007001332e-02,3.184722162337076798e-04,8.299087690767839032e-01
3.956243111998610645e-02,3.160372517295044481e-02,1.168231075470858027e-01,6.398675569602350031e-04,8.113708686030173256e-01
3.776228432905465865e-02,2.234177733809959016e-02,7.186755606625423731e-02,4.669460148266296544e-04,8.675614362517647393e-01
8.301818064220270466e-02,2.704542530031378567e-02,7.083636345728119843e-02,5.088190671777951006e-04,8.185912115330244987e-01
8.358099690463118014e-02,3.650966062708282944e-02,1.120602920985512840e-01,6.385728547902354583e-04,7.672104775149445333e-01
1.193000903534296303e-01,6.157965584040683837e-02,9.998349954730162414e-02,6.255863626781272462e-04,7.185111678961837445e-01
7.050558084070086828e-02,4.151726933182652013e-02,1.207883041131383450e-01,5.557419173227791560e-04,7.666331037970114393e-01
6.842877551387875623e-02,3.666346952836847112e-02,1.361923860223533400e-01,6.478626629753715671e-04,7.580675062724241409e-01
7.040493268354501566e-02,3.767855214344406622e-02,1.424496372503207819e-01,9.003800220395235220e-04,7.485664979006507735e-01
1.675381637053756367e-01,4.781273135924424267e-02,1.126843375095953753e-01,1.041540385716455824e-03,6.709232270400682374e-01
1.406886456921608852e-01,7.579214892596747299e-02,1.350259600966255968e-01,8.766592909093523902e-04,6.476165859943368019e-01
9.887412806650917874e-02,7.654634763450353374e-02,1.579385597642504191e-01,1.044667454017388997e-03,6.655962970807194345e-01
1.547613234005623950e-01,1.025716791003827566e-01,3.743601812729811518e-01,2.251346199308246979e-03,3.660554700267654171e-01
1.037661468555042682e-01,8.887921939337325994e-02,3.515258696138963690e-01,1.650226452246436777e-03,4.541785376849796774e-01
2.018879903520718333e-01,6.127350001532198137e-02,2.837398148933711339e-01,1.939519018844473299e-03,4.511591757203904929e-01
2.596321727764093756e-01,5.084440062513300579e-02,3.193101948460093653e-01,2.777512515780651472e-03,3.674357192366676794e-01
1.534513231608307104e-01,6.656790082399599573e-02,3.865778680409004409e-01,2.559821621626810675e-03,3.908430863526459742e-01
2.823893670780753262e-01,7.069178167981857164e-02,2.314206759314680617e-01,1.189083174548368448e-03,4.143090921360895740e-01
1.616045720715100775e-01,1.120079235632898962e-01,1.570867087041716292e-01,6.111333717986416024e-04,5.686896622892296804e-01
1.592126601630173000e-01,7.152101230872248694e-02,9.767876589733431869e-02,4.674090345307300109e-04,6.711201525963951253e-01
2.689450221002529506e-01,4.774233957051161881e-02,6.043027569417112194e-02,6.080069661221010682e-04,6.222743556689421807e-01
2.496383872474155219e-01,1.143546336141736397e-01,9.287900737560011999e-02,4.457320249855886382e-04,5.426822397378250340e-01
3.782352762108613931e-01,1.096307646622304843e-01,2.896903127728418514e-01,1.147175466938846373e-03,2.212964708871273389e-01
3.046978491698597580e-01,1.136513718085550156e-01,2.554528318873838244e-01,1.323796476079349468e-03,3.248741506581220295e-01
2.314518614491718473e-01,7.401844799000421860e-02,2.079494010250244329e-01,1.511247877776623807e-03,4.850690416580228925e-01
2.040116051782592532e-01,4.230670397050437931e-02,9.004651346171012316e-02,5.827266981232311982e-04,6.630524506914030614e-01
1.449958447039572940e-01,4.010235288671623599e-02,1.872715099060813793e-01,1.101107845995916807e-03,6.265291846572491608e-01
1.125666049808597413e-01,3.234741752207326293e-02,1.158082750264273764e-01,9.228796871026860929e-04,7.383548227835369238e-01
4.824484144334201252e-01,2.909485211323122392e-02,4.244724354592917248e-02,5.116312797786117580e-04,4.454978586276408525e-01
3.174362598713115768e-01,6.690806561247805706e-02,1.633606178074062387e-01,1.844563217237849039e-03,4.504504934915662950e-01
1.304339119227126420e-01,6.865753662184446993e-02,1.195819790546587130e-01,7.965135377100474902e-04,6.805300588630741609e-01
8.453099258497571988e-02,5.921179863126108806e-02,1.206968505663457841e-01,9.015051249681313656e-04,7.346588530924493821e-01
8.337033970940534167e-02,5.888942011686944256e-02,1.069173829149485250e-01,9.203449795303829352e-04,7.499025122792463138e-01
1.202323617582117948e-01,6.057548727910935099e-02,1.233124427924627564e-01,6.237242820422183361e-04,6.952559838881737786e-01
4.844624503185979147e-01,4.355114908839834154e-02,4.207754539274116690e-02,5.057486752380356077e-04,4.294031065250245027e-01
3.232449093594096379e-01,5.303574852540408197e-02,3.408058593952088822e-02,3.823308359882537271e-04,5.892564253396770368e-01
2.794749478944635324e-01,7.208923456531786400e-02,9.418183395123402857e-02,6.546564338736646314e-04,5.535993271551108430e-01
1.969442995971796007e-01,8.328751344362671227e-02,2.144133452274037122e-01,9.205624608481505341e-04,5.044342792709418655e-01
2.967933321408908198e-01,9.408302898694417826e-02,1.751406333365530810e-01,1.016745055242791566e-03,4.329662604803692361e-01
6.115505174330871929e-01,2.397223464135661564e-02,3.480513295605092150e-02,6.086473969056514950e-04,3.290634675725994662e-01
3.587174942681830014e-01,2.367565051919942945e-02,3.637594110518982404e-02,7.561007919097478477e-04,5.804748133155179790e-01
3.602304988569794975e-01,9.053939863011757974e-03,1.201615056775390961e-02,2.861769146168019647e-04,6.184132337976381288e-01
4.996392403958584971e-01,1.786704645427504914e-02,1.935296122123491072e-02,5.722932745399591029e-04,4.625684586540915189e-01
2.177313634100604967e-01,1.283681723761824316e-02,2.994299324332847650e-02,1.202267093607040007e-03,7.382865590153858681e-01
2.372358516483849197e-02,1.769955877258359844e-03,2.879376214147997409e-03,9.984924762562674900e-05,9.715272334961295719e-01
1.598198178857503787e-02,3.740587970394131882e-03,7.694906562436370535e-03,1.390957139327704008e-04,9.724434279646615442e-01
1.741736451061854860e-02,3.238175131176797977e-03,1.562214273487404562e-02,3.479821315611197354e-04,9.633743354917694290e-01
4.873487007685150391e-02,8.685767293519490451e-03,6.447002458439264616e-02,1.286132263477935593e-03,8.768232057817585412e-01
3.616571823918951489e-02,1.114955268805451274e-02,5.762201968208224834e-02,6.685449081622539232e-04,8.943941644825114112e-01
6.477053277215827354e-02,2.354234896399457974e-02,4.807703546269104927e-02,4.050152746941189570e-04,8.632050675264617556e-01
9.615665210845018851e-02,2.360901305500833630e-02,3.298264786989763692e-02,2.691917306016611516e-04,8.469824952360422987e-01
7.020827334432415412e-02,3.949078046167912165e-02,5.811614866614332742e-02,3.659995385431440433e-04,8.318187979893103545e-01
4.462253906743551130e-02,5.585982785194600064e-02,7.312490148340675122e-02,2.950728890123358711e-04,8.260976587081995115e-01
5.598171317145538700e-02,9.680727185705431670e-02,6.792246335923937672e-02,1.469663700515818814e-04,7.791415852421993415e-01
8.010890136657092264e-02,6.458445077899968578e-02,6.643166938073157002e-02,1.569907992138449247e-04,7.887179876744838669e-01
9.948852232671043239e-02,2.997287174339056254e-02,2.782100960185401178e-02,1.119662128691773005e-04,8.426056301151757522e-01
7.568267523580064771e-02,3.061852591480072536e-02,5.792872484746998396e-02,2.706658793288266697e-04,8.354994081225998181e-01
5.871679119880463676e-02,4.818236204050753424e-02,8.901852806466850621e-02,3.551879765224706599e-04,8.037271307194967518e-01
7.790878194082422048e-02,5.331270571575322942e-02,7.378987850095225509e-02,4.708347315669046554e-04,7.945177991109034776e-01
2.083935050030337466e-02,1.503141610233468470e-02,2.362904386068337068e-02,1.778740882234337785e-04,9.403223154484554591e-01
2.549685979048761375e-01,3.071313384766293300e-02,6.132636409063801919e-02,4.068150180709237049e-04,6.525850891387520170e-01
3.636140068706580908e-01,3.968623005640593143e-02,8.880024766384403412e-02,6.085815152452334889e-04,5.072909338938466073e-01
4.179388541152084247e-01,7.365833561665634244e-02,8.362729487243129867e-02,5.051864955700007508e-04,4.242703289001339972e-01
2.226922224626148306e-01,6.720896976204095152e-02,8.072294356780816693e-02,4.777847314869999645e-04,6.288980794760491433e-01
3.490537479347848304e-01,5.950426192603543163e-02,6.517040596310259837e-02,3.364700295451848299e-04,5.259351141465319346e-01
1.064529741442915983e-01,3.854811473330960192e-02,6.085486257476197675e-02,3.029125165689322855e-04,7.938411360310679843e-01
1.718639993161276969e-01,5.713630717726033564e-02,6.211234225587705660e-02,3.033170248037382155e-04,7.085840342259311919e-01
2.626229480843286779e-01,3.086076533203950187e-02,8.692645169731967603e-02,1.545602685703475424e-03,6.180442322006088895e-01
6.651211062432050847e-01,1.832687718730413931e-02,1.986771877635657921e-02,5.641652325158277078e-04,2.961201325606183099e-01
5.944355993747438838e-01,2.399982594430618427e-02,1.549872457907515433e-02,4.237369482925167465e-04,3.656421131535821378e-01
3.260874936558452175e-01,2.727259475266291880e-02,3.517044812037825596e-02,9.111358534871283939e-04,6.105583276176265173e-01
2.316920418553734540e-01,4.531716879021322614e-02,1.957989340760119545e-01,4.064535525065471333e-03,5.231273197533359287e-01
1.606160997007133051e-01,3.557290312105339247e-02,1.390064636454299840e-01,1.903325940972474184e-03,6.629012075918309099e-01
3.404117393932348246e-01,2.112554802762697109e-02,5.361267546514981996e-02,9.741902756759502702e-04,5.838758468383123956e-01
2.483323172944632840e-01,9.922147458653993168e-02,1.708846413865041380e-01,1.198497156123890916e-03,4.803630695763687619e-01
1.498659130962481656e-01,1.627756818655950316e-02,7.199136751716922467e-02,1.302900594163623532e-03,7.605622506058594690e-01
4.768087088934187812e-02,2.450251564600663609e-02,4.942901440334938890e-02,5.830589750272947023e-04,8.778045400862748426e-01
9.404241148898451197e-02,1.477431168453449163e-02,6.189064116369708685e-02,1.421572422938442368e-03,8.278710632398454949e-01
3.686721995925502232e-02,3.887199303727403073e-03,1.318158889957865565e-02,3.961688624082789238e-04,9.456678229750307141e-01
6.047411916214671251e-02,6.566252307523006912e-03,1.034645870712478863e-02,2.763424312477058445e-04,9.223368273919577698e-01
2.490694366666404425e-02,2.371503563976734737e-03,3.792482424967390502e-03,9.289474095470978763e-05,9.688361756034371552e-01
1.904039751933593247e-02,4.815079779608328302e-03,6.585104385482828428e-03,1.075324292671156007e-04,9.694518858863058197e-01
4.641667855612226917e-02,5.284005378648056958e-03,9.427691836256933688e-03,3.173673518459985024e-04,9.385542568771266803e-01
1.106419641673214022e-02,3.310153637210358404e-03,4.152015143471341797e-03,1.255214610196778028e-04,9.813481133415665747e-01
3.222446531024850125e-02,6.972645476000099117e-03,1.322049721242057017e-02,3.510736108644314443e-04,9.472313183904663703e-01
6.540699264460170248e-02,1.628738703787764239e-02,5.078419405945459181e-02,1.383199732460201536e-03,8.661382265256057922e-01
4.362179299526045689e-02,2.259491444476797659e-02,8.247528323664750360e-02,9.712335215463008872e-04,8.503367758017776890e-01
1.786372301065350665e-01,3.438566379927056327e-02,8.754414740968001485e-02,8.962102589936044895e-04,6.985367484255208259e-01
4.026740388715759345e-01,2.823935290587347574e-02,5.217076997526596399e-02,9.240520535933808947e-04,5.159917861936913486e-01
1.120776059556156251e-01,5.991470515781315009e-02,5.741788055694253823e-02,6.933199426145657956e-04,7.698964883870139664e-01
8.090525822546823509e-02,5.972603288066167387e-02,8.651336846160835592e-02,8.510925642785810170e-04,7.720042478679830511e-01
8.294671660250164946e-02,6.717304983245583894e-02,1.106779764516804543e-01,1.256855292676158130e-03,7.379454018206860200e-01
2.313739300534828625e-01,8.384704782827211156e-02,9.258036467737824904e-02,7.210172623845463938e-04,5.914776401784821447e-01
1.579266544154219465e-01,6.015118287373660833e-02,3.876094869055777409e-02,2.639198824305987985e-04,7.428972941378529926e-01
6.292523553786427692e-02,4.409594333507878966e-02,3.332814052933703169e-02,2.552242768178106659e-04,8.593954563209019737e-01
1.079621059222878911e-02,1.286972200948861833e-02,1.122686787400972892e-02,9.513958938789471602e-05,9.650120599348850359e-01
1.165399780449280845e-02,7.946528561750215366e-03,1.587928251348471806e-02,2.112462411779946522e-04,9.643089448790943541e-01
7.340648111552432187e-02,2.313655471709959513e-02,3.406982210821266066e-02,3.247991098381477104e-04,8.690623429493252727e-01
7.434960138431831456e-02,3.064932436449468306e-02,1.150994835930569532e-01,1.094170784718335879e-03,7.788074198734119546e-01
9.542503978577300539e-02,6.435665330879213053e-02,2.306255472253493366e-01,2.125438316400830342e-03,6.074673213636846425e-01
8.093811593551226979e-02,1.994734910885272161e-02,1.032567027136364057e-01,1.778684696205982182e-03,7.940791475457925630e-01
4.647996326157142338e-02,3.173574160227232016e-02,1.241062559203791604e-01,1.268458397558865471e-03,7.964095808182183323e-01
6.277896550848242885e-02,1.048108833253966372e-02,1.246084168426343439e-02,1.599882360445901920e-04,9.141191162386700375e-01
4.107482609628497483e-02,5.673558626323998294e-03,8.504988577813683837e-03,1.606581446030480879e-04,9.445859685549743423e-01
3.379358051527990570e-02,9.199093998623708232e-03,3.621918763274916547e-02,6.315057749765214112e-04,9.201566320783706177e-01
4.187873578059556762e-02,7.657816073523290336e-03,1.271913878865648176e-02,3.629981832537145132e-04,9.373813111739710546e-01
2.490338181253117997e-02,9.575301490644505531e-03,1.616896280497548757e-02,2.624668365594777140e-04,9.490898870552894051e-01
4.494040388418107934e-02,9.381434536523985956e-03,2.690959589527765206e-02,3.946752479589931122e-04,9.183738904360581046e-01
1.123779645878548450e-01,2.080419117415697669e-02,4.968116560141793564e-02,3.822787659240836525e-04,8.167543998706462416e-01
1.119210753752721277e-01,1.386511740641110588e-02,2.382885004903342874e-02,2.775088446060846562e-04,8.501074483246772173e-01
1.061269313378527118e-01,2.970196272359597323e-02,5.139097086936792597e-02,3.386154498294176481e-04,8.124415196193539579e-01
6.806506513606595810e-02,3.550537031594813708e-02,5.133482216625293720e-02,3.222386122024374264e-04,8.447725037695305028e-01
1.166879552024549932e-01,6.455919199553192267e-02,4.575437175154256630e-02,3.051156090917008044e-04,7.726933654413788988e-01
1.413758097398849500e-01,5.796749733931298720e-02,1.911541303039986928e-01,9.602735892688587377e-04,6.085422890275344887e-01
3.075080982744536340e-01,5.580536426666087013e-02,1.519657647462979155e-01,8.993805531599186661e-04,4.838213921594277656e-01
1.735596433437164576e-01,4.298941730543627548e-02,1.142587113715909652e-01,7.395500886420232518e-04,6.684526778906143551e-01
2.332039056786892883e-01,1.361860935585864837e-02,1.432242407911108600e-02,2.065925674438845948e-04,7.386484683188972999e-01
3.856449260127791656e-01,2.734242588221723683e-02,3.741950000066928544e-02,3.346987307799975230e-04,5.492584493735541695e-01
2.683971618023480721e-01,1.856425663995072209e-02,2.531904555213734462e-02,3.086262433777356580e-04,6.874109097621861064e-01
1.195012168191633695e-01,6.748941432640796941e-03,1.033103502108265181e-02,1.324391750381974885e-04,8.632863675520751068e-01
1.237448641853637898e-01,1.649897322453748941e-02,4.169819339146491749e-02,3.629216808696103568e-04,8.176950475177642286e-01
1.683802132745354507e-01,5.953808032810176121e-03,7.363382871330604804e-03,1.583998841951402134e-04,8.181441959371288375e-01
9.023987155208258448e-01,9.756623952414758896e-03,5.380733308748098659e-03,2.789784832236789913e-04,8.218494873478747464e-02
9.456075948633546613e-01,7.729695104256008309e-03,4.272227329282779831e-03,3.783732773951690000e-04,4.201210942571113882e-02
6.636912972573892899e-01,8.970738886114968530e-03,1.285497730062050599e-02,2.091852069521095425e-03,3.123911344863540829e-01
9.475351067854360654e-01,7.873154202115498212e-03,6.225249992387755713e-03,3.983570354792420024e-04,3.796813198458158511e-02
8.931473655590216332e-01,8.894717707633028464e-03,8.959121522964779566e-03,7.240581652365443623e-04,8.827473704514397779e-02
7.645611401181390265e-01,3.082875507460069997e-02,4.230082797510202608e-02,1.359157077300710698e-03,1.609501197548575679e-01
3.513318523916696412e-01,1.124808919043513572e-01,1.810556644404245630e-01,1.892190914130763681e-03,3.532394003494236934e-01
1.743531738192573843e-01,9.897306422383111979e-02,1.890691806359052207e-01,1.782415986661427341e-03,5.358221653343447910e-01
1.121017362214877938e-01,4.691540722116872841e-02,6.928361445558768594e-02,6.466816167763024190e-04,7.710525604849794989e-01
2.792776076616671488e-01,5.997190280532788131e-02,4.697060422945008307e-02,5.562722224178334078e-04,6.132236130811371533e-01
2.795546392591687912e-01,1.979540757680420260e-02,4.251188915835088511e-02,1.894314296375181148e-03,6.562437497093007721e-01
1.103542670861035468e-01,1.105334247128489031e-02,2.090850301254865498e-02,7.157655308106243390e-04,8.569681218992523108e-01
9.102188422589213568e-02,7.476643084393805143e-03,1.851703240609385917e-02,8.167786334550026367e-04,8.821676616501652468e-01
5.011812319608879851e-02,9.084509285203148585e-03,1.550545691420903566e-02,2.704332976026755666e-04,9.250214773068964336e-01
1.290888251212920224e-01,1.466732905945950655e-02,3.269216953087329680e-02,6.584133713284919887e-04,8.228932629170466750e-01
4.024846914827052285e-02,1.900770304066073252e-02,3.087786345578055411e-02,3.945178636625323778e-04,9.094714464916255903e-01
9.110038133074323252e-02,1.265260041269263003e-02,1.895519954509711225e-02,3.554563576469087043e-04,8.769363623538199981e-01
1.372485290216643450e-01,2.129455962251676493e-02,3.064598078833047357e-02,4.468465941920354563e-04,8.103640839732962897e-01
1.074825468760039343e-01,1.679639381871929696e-02,1.879130146892050990e-02,1.300842529350825839e-04,8.567996735834212396e-01
1.383335382880251929e-01,1.882296199929700542e-02,1.449030158288664577e-02,1.515387551643048933e-04,8.282016593746267530e-01
1.471514683814504343e-01,4.886150297595542868e-02,5.766061025632361614e-02,3.760855967332548387e-04,7.459503327895373737e-01
2.500393633611877608e-01,2.588906563885050305e-02,1.853873832781740769e-02,2.394314775478496176e-04,7.052934011945964921e-01
1.302269753191021007e-01,5.905729157237199142e-03,4.313983730932858911e-03,9.957770625137663434e-05,8.594537340864762953e-01
3.664844519717694316e-02,1.240075606041401123e-02,5.721917294510472408e-03,9.024737374458506318e-05,9.451386340741539938e-01
2.588453159824952513e-02,2.054916216856186167e-02,5.610854277414909635e-02,6.194008176354722254e-04,8.968383626414040410e-01
2.216912106838006893e-02,1.818533427531672172e-02,4.134928786701815712e-02,4.503985953398904700e-04,9.178458581939452632e-01
2.908501732891949354e-02,2.768303430789067349e-03,7.141071253639210033e-03,1.162797894384509054e-04,9.608893281972137324e-01
6.102976029906268668e-02,7.457345056890412292e-03,2.766711508702267980e-02,5.376462989060211591e-04,9.033081332581183176e-01
3.698624578563037418e-02,2.704532570103707241e-03,5.697113552946824790e-03,2.130945533676211108e-04,9.543990135379516460e-01
3.096332414189700288e-01,1.000621933061790654e-02,2.238711850083806298e-02,8.815663917314011918e-04,6.570918543578425641e-01
9.771078263336209491e-02,8.261390604835367954e-03,1.648694856874480946e-02,6.302062979820013955e-04,8.769106718950757662e-01
1.349348518225019500e-01,1.852620148944239542e-02,3.991724144304469035e-02,6.973544621048655134e-04,8.059243507829061404e-01
1.826977739113671839e-01,8.867757885170097359e-03,1.600168728975456464e-02,4.961211812602855107e-04,7.919366597324478674e-01
1.380071170408148362e-01,4.680134161169528101e-03,5.876135064972554459e-03,3.290121337226950267e-04,8.511076015993205290e-01
5.989683953219579471e-02,5.563947595981721082e-03,6.253516327309706878e-03,1.894420376742645394e-04,9.280962545068385250e-01
2.690631367989851364e-02,3.845092971538547136e-03,7.014511834647231721e-03,1.835810324728644747e-04,9.620505004814428052e-01
4.363627413243462150e-02,5.211192131620519079e-03,9.664235189184874550e-03,2.906301277907036382e-04,9.411976684189692355e-01
2.303084200726643674e-02,4.636053278134268443e-03,5.430950947766030081e-03,1.025948634348366502e-04,9.667995589033984150e-01
7.672544708591685914e-02,1.346927473127647323e-02,1.230523509103047253e-02,1.479160261643659463e-04,8.973521270656118487e-01
1.937512613012603302e-01,4.269075547404400928e-02,2.551427354455942584e-02,1.992873192777947996e-04,7.378444223608583430e-01
1.482555014640220270e-01,4.472670537489154691e-02,3.258618428273932915e-02,3.259759709061619409e-04,7.741056329074410547e-01
5.872831806857153197e-02,1.344523964435666991e-02,2.090903679561762277e-02,3.064709831804129903e-04,9.066109345082739024e-01
1.551728786480762179e-01,2.761631623219537937e-02,3.748758214608697431e-02,5.300086849244495116e-04,7.791932142887171286e-01
1.091060514912664120e-01,1.657480747035788501e-02,1.840755464560899987e-02,2.724743796599965093e-04,8.556391120131067174e-01
6.431534540376689091e-02,4.872592120842574037e-03,9.148664846259212807e-03,3.271973223949982217e-04,9.213362003067361305e-01
4.380620519363457449e-02,1.903493199347834489e-03,2.604786981247038044e-03,1.773003912044089007e-04,9.515082142345658855e-01
1.286024801501099157e-01,3.112090140555790613e-03,1.939596644161082142e-03,1.064640664894101851e-04,8.662393689986838119e-01
2.212705907146780837e-02,9.438191940129939681e-04,6.698343925291644569e-04,4.603098398489451228e-05,9.762132563580051547e-01
4.888232171293963729e-02,3.710191497786412620e-03,2.054795900895853896e-03,7.112028452424923699e-05,9.452815706038539822e-01
5.266479611038785841e-02,4.888268926679801771e-03,2.028621886746209864e-03,5.737746949689682773e-05,9.403609356066893188e-01
3.489220998923891343e-02,4.633216967956219415e-03,1.644694443500630465e-03,4.628697672052186826e-05,9.587835916225837529e-01
1.829987058519309817e-02,3.220324928490508973e-03,1.508445982370881658e-03,3.320748665348101803e-05,9.769381510172919780e-01
5.391313751523289094e-02,5.341730883242520184e-03,3.375365258024970276e-03,8.870769103478816473e-05,9.372810586524650267e-01
5.509292994824153966e-02,3.742292837810214361e-03,3.135770003990277690e-03,7.417286155563611295e-05,9.379548343484023221e-01
3.272595434453073188e-02,5.297036192766289668e-03,6.513992582602237853e-03,1.466493643532926520e-04,9.553163675157474444e-01
3.985620399618699378e-02,1.283641992503180805e-02,2.105527875544629945e-02,2.811428280390961248e-04,9.259709544952958726e-01
3.771933288454427935e-02,7.696079738331913604e-03,8.020216124154523618e-03,1.301759459400916169e-04,9.464341953070292135e-01
4.335981861201436693e-01,2.737569169840638542e-02,8.555247610262741581e-03,1.706602458984861391e-04,5.303002143252887324e-01
1.811269744602925502e-01,2.100038908352883094e-02,1.619068331897234245e-02,3.841859080254446520e-04,7.812977672291808728e-01
3.022517395013977204e-01,1.332404953911567672e-02,3.143353940383213085e-02,1.037161222852446118e-03,6.519535103328020220e-01
3.408277836287044171e-01,1.082968032335104858e-02,5.021132138694026081e-02,2.725328116642749664e-03,5.954058865443615511e-01
3.328011004381248861e-01,8.912527465995188566e-03,2.634665435374615797e-02,8.504322240251956707e-04,6.310892855181085004e-01
6.653626851715012391e-02,2.384976370830614936e-03,5.160379975838209378e-03,2.308298162199798917e-04,9.256875453199608916e-01
2.851268159731914012e-02,1.932290537553547384e-03,1.554725085738024827e-03,5.071200618765136207e-05,9.679495907732017512e-01
2.388823545847929344e-02,1.569573604757407235e-03,1.277292948631225189e-03,4.104906533536777140e-05,9.732238489227967859e-01
1.601459241735554359e-02,9.048583433311330844e-04,5.914663789331394425e-04,1.815781539362740013e-05,9.824709250449865650e-01
8.646563046586785983e-03,6.137148763408615442e-04,4.658815026621529161e-04,1.532341295453072786e-05,9.902585171614556314e-01
5.371677932001068384e-03,5.945841257867175199e-04,7.061243080412786055e-04,2.780963720496968793e-05,9.932998039969658244e-01
3.036090882959154112e-03,3.754469659624336134e-04,4.115338333832392679e-04,1.576019436103372174e-05,9.961611681233339954e-01
9.762573211556187583e-03,6.803620913349972934e-04,6.047598162152544162e-04,2.976190383357170177e-05,9.889225429770601705e-01
3.629828447110150513e-02,9.670386174342503541e-04,1.079862836804596545e-03,4.926603759096161953e-05,9.616055480370687691e-01
1.942663908408118548e-02,9.718369944167917600e-04,1.237288562390229888e-03,4.748702609004656048e-05,9.783167483330216241e-01
2.233703739053546911e-02,4.021726991908908082e-03,1.165815588070505567e-02,2.223911449728614394e-04,9.617606885918776882e-01
5.892007022734449539e-02,3.726316242413818536e-03,3.455476523665878749e-03,9.067780467914112244e-05,9.338074592018966724e-01
3.232148234301182848e-03,5.310750847008237135e-04,3.038576801678415790e-04,6.543129790144009940e-06,9.959263758710399372e-01
1.301832772540291450e-02,2.261048703669232569e-03,1.282140794960177303e-03,2.098709746584293310e-05,9.834174956785017852e-01
8.401885372811118691e-02,4.052850995468162965e-03,1.897038955371208339e-03,4.047404604410211710e-05,9.099907822750054054e-01
5.265134356775011404e-02,3.658632349679129606e-03,3.713103894528245463e-03,7.631305581222699104e-05,9.399006071322303368e-01
9.739097542765724758e-02,3.163925702000451850e-03,4.973126786638216827e-03,1.604594630852847485e-04,8.943115126206188092e-01
1.765342160075679401e-01,9.280315310484966648e-03,1.494780562247345797e-02,5.812375956009833197e-04,7.986564254638727212e-01
