9.143243427391751776e-01,9.850772919995693169e-03,2.716636116119304847e-02,4.153547125458553757e-02,7.123051925050635086e-03
9.859422241102698825e-01,9.030381367543730345e-03,3.265731505736807049e-03,5.906595324691941680e-04,1.171003483980254632e-03
9.938357105475551512e-01,5.063715947387614422e-03,7.835504501511771211e-04,6.045984713428752803e-05,2.565632077717389038e-04
9.937574550940069251e-01,5.493418793571701320e-03,5.888700196061153608e-04,2.639882636808531604e-05,1.338572664471093061e-04
9.956294235454120622e-01,3.603944681932468811e-03,6.726541690995290444e-04,2.972834488241970187e-05,6.424925867350832762e-05
9.972389077557224368e-01,2.273413157152333851e-03,4.312495464245491399e-04,1.547782243078463596e-05,4.095171826973551991e-05
9.736615047832435366e-01,2.272024195589086512e-02,3.409970143498010364e-03,7.770493095114786280e-05,1.305781864164041323e-04
9.799882797247748689e-01,1.734433795569916698e-02,2.504518213404780674e-03,4.702872648876293060e-05,1.158353796324047542e-04
9.619282448856272261e-01,3.407664154366617237e-02,3.752315668823003915e-03,5.387598178291496401e-05,1.889219201007124064e-04
9.884215559358674463e-01,9.961515656082794642e-03,1.494923208673738877e-03,2.537433950398635052e-05,9.663085987205927217e-05
9.928598239027871530e-01,6.103731941522242375e-03,9.456752950395479022e-04,2.239506160033789980e-05,6.837379905051762412e-05
9.991873775581396888e-01,6.520744512834651240e-04,1.364220601981006844e-04,5.357276269874667117e-06,1.876865410877972130e-05
9.944030045255578543e-01,4.888354629694773024e-03,6.309392750074823471e-04,9.868998855076330855e-06,6.783257088488447420e-05
9.963427621723967009e-01,2.888955351948874466e-03,7.131943827159352260e-04,1.801763109969921673e-05,3.707046183892121448e-05
9.912683963730730685e-01,7.085667059426737323e-03,1.502956108962101448e-03,3.892169465487061504e-05,1.040587638831217814e-04
9.785079303173471743e-01,1.740621084278342473e-02,3.835655520551268637e-03,7.870569235447035840e-05,1.714976269637748978e-04
9.602165996312328478e-01,2.812929725554427079e-02,1.124440857209188689e-02,1.954177571498514178e-04,2.142767839811510005e-04
9.812659877614297033e-01,1.273616174827442091e-02,5.618580513148024695e-03,1.559228850244173746e-04,2.233470921234492106e-04
9.927877961348978708e-01,5.434532494453973156e-03,1.531336237006304451e-03,4.668249880777023954e-05,1.996526348340559346e-04
9.825651047968727569e-01,1.419105209620763822e-02,2.805632521516559282e-03,6.728519508423037637e-05,3.709253903190059339e-04
9.894535962053481182e-01,8.787884005280566929e-03,1.469459470960358819e-03,3.902359545514509371e-05,2.500367229558386165e-04
9.934738554228075280e-01,5.659535525946687504e-03,7.103225088985078541e-04,2.005967836050986030e-05,1.362268639867213660e-04
9.973497491690527239e-01,2.389727015675848550e-03,1.852160968866385605e-04,6.910508056120032775e-06,6.839721032865342225e-05
9.990154705856761908e-01,8.818487465225508795e-04,6.208306559548926748e-05,3.181660131741712734e-06,3.741594207396075895e-05
9.989754527571219622e-01,9.231290453025062844e-04,4.949753614373196726e-05,2.723840832149347967e-06,4.919682059958903385e-05
9.970305742541425431e-01,2.751142704421524407e-03,9.895682087119967373e-05,4.700036629679032107e-06,1.146261839349209882e-04
9.966960567004119476e-01,3.068376966338843409e-03,1.062442038752628578e-04,4.204948112840650769e-06,1.251171812610559983e-04
9.960294540368733740e-01,3.712520854091158010e-03,1.263423733218551909e-04,4.663893075430383277e-06,1.270188426382909939e-04
9.839776497789296528e-01,1.533955733057146623e-02,4.288640781842585929e-04,9.046377720112457150e-06,2.448824345945483142e-04
9.586221624859100343e-01,3.952499302126639275e-02,1.436027970322508200e-03,1.951841793159580309e-05,3.972981045694059534e-04
9.671301452086418227e-01,2.902318925128541394e-02,3.575003031392774873e-03,3.535944303434653880e-05,2.363030656456602578e-04
9.786039877516172769e-01,1.884670580308768842e-02,1.994280565827618017e-03,2.827804072699187374e-05,5.267478387401834704e-04
9.894840077091575647e-01,9.206158805889723754e-03,8.588780669675176709e-04,1.655453947232689849e-05,4.344008785129818587e-04
9.931255817564278443e-01,5.538789447608077031e-03,6.335900554147748300e-04,1.834739154173492602e-05,6.836913490074748813e-04
9.966892339709602089e-01,2.663586856187036105e-03,2.948022842053806794e-04,1.159314710245363018e-05,3.407837415449646947e-04
9.988155597580786749e-01,9.350650795262266477e-04,1.141695605450983590e-04,5.217814877283977018e-06,1.299877869727564120e-04
9.985149708376357403e-01,9.486456830845173575e-04,2.878340922672223954e-04,1.626114349566818698e-05,2.322882435169191227e-04
9.989591358995085768e-01,7.348319652710532182e-04,1.494527982930919814e-04,7.696562310533028517e-06,1.488827746169023075e-04
9.994116247835669320e-01,4.293443765415924087e-04,9.689562047569689053e-05,4.891973150205697010e-06,5.724324626564961734e-05
9.995066104732540646e-01,3.874992781841082607e-04,5.168218548195727829e-05,3.359093019621411254e-06,5.084897006037062512e-05
9.992795658032184170e-01,5.180405093671342940e-04,4.147477048066154734e-05,3.706857297585998598e-06,1.572120596362632384e-04
9.995926282007076003e-01,2.774700742775420008e-04,2.407991889766983608e-05,2.031593321772338590e-06,1.037902127954998564e-04
9.994634495211466296e-01,2.690101955797314748e-04,2.803586335871303129e-05,2.579160463486326144e-06,2.369252594514720516e-04
9.988244497903426833e-01,4.918961776679037397e-04,5.718039857552199102e-05,4.953354531444855986e-06,6.215202788823249742e-04
9.989946532689031322e-01,4.209324614813518312e-04,4.383376387378703766e-05,3.650461141557171068e-06,5.369300446003208568e-04
9.990578506076079890e-01,2.841967758326182703e-04,2.883059045368416940e-05,2.884864771553596496e-06,6.262371613343006025e-04
9.994914587746381862e-01,2.317801354096534405e-04,3.082599159589967375e-05,2.672096347848864433e-06,2.432630020085873798e-04
9.991866495703475293e-01,3.156138017456433607e-04,4.617990102174637578e-05,3.959729521594814711e-06,4.475969973633538808e-04
9.993847706869458669e-01,2.502809956848158694e-04,2.715594816505405979e-05,2.408128356093186141e-06,3.353842408480969318e-04
9.994100687403586480e-01,2.020071951840435212e-04,2.859613896545959785e-05,2.809001793051821647e-06,3.565189236988574781e-04
9.994987283053697880e-01,1.633362159586364813e-04,2.582587361811205330e-05,2.518304881439650666e-06,3.095913001719816289e-04
9.996278167222767408e-01,1.522003617575751623e-04,2.144275685383071231e-05,2.083674790861954155e-06,1.964564843209869519e-04
9.997719983736486071e-01,1.351192552276949950e-04,2.006475387980977094e-05,1.498557975438466029e-06,7.131905926843308335e-05
9.995582296231861896e-01,2.167333036898542835e-04,4.947781408733609079e-05,3.525690526151248866e-06,1.720335685105118173e-04
9.994211821575885724e-01,2.337049439250992952e-04,6.657519220473086924e-05,5.478913487809836845e-06,2.730587927938852959e-04
9.996646180492797518e-01,1.719987906539994409e-04,3.980948222029145986e-05,3.010869225874248442e-06,1.205628086201472431e-04
9.993432808131745837e-01,3.494957330375936927e-04,1.396625078909758636e-04,6.866905647583863308e-06,1.606940402491698451e-04
9.995340878296302689e-01,2.978374154744073345e-04,8.931659771784693442e-05,4.413839208660606841e-06,7.434431796862295359e-05
9.996613397501320497e-01,1.765280215976194054e-04,3.748841357361767853e-05,3.093370841422312309e-06,1.215504438552486300e-04
9.993410025046322032e-01,3.733735573620441364e-04,4.947685971213323502e-05,3.650048963319853664e-06,2.324970293304304118e-04
9.993888205921511725e-01,2.220094769247599740e-04,4.021959540484826382e-05,3.813526865275672312e-06,3.451368086541334659e-04
9.992622407990945366e-01,3.695250092029309487e-04,9.706316695610505763e-05,7.035967204128080798e-06,2.641350575420943307e-04
9.993128020797751310e-01,2.928881369563590600e-04,6.626498119838321863e-05,5.327813385940450309e-06,3.227169886841384293e-04
9.995710096813166246e-01,2.499097783781535262e-04,6.211147957973816084e-05,3.413384288807318087e-06,1.135556764365419586e-04
9.994737177738975964e-01,2.589210493352009737e-04,5.063995948998396639e-05,3.531314603968034677e-06,2.131899026731198126e-04
9.992239393433954842e-01,2.922323715187679694e-04,1.051481543124466135e-04,6.842085778164957942e-06,3.718380449950421836e-04
9.987446046654948617e-01,6.689759802837213143e-04,2.253897903442644466e-04,1.167737890843926232e-05,3.493521849688118451e-04
9.991867446462621150e-01,3.839903597191106875e-04,6.050240851915421206e-05,4.426856701011098964e-06,3.643357287985193372e-04
9.982404943454948887e-01,5.417253097230728806e-04,7.643727620615187667e-05,6.086254424225433923e-06,1.135256814151558956e-03
9.984656288590908479e-01,4.641441509360867560e-04,6.353582989134464419e-05,5.157848364692051839e-06,1.001533311717010257e-03
9.974064003495358710e-01,9.796784116045281245e-04,1.226917284884248248e-04,8.601230944996754845e-06,1.482628279426180485e-03
9.980450004752385862e-01,6.689924861154819416e-04,1.688792104525347194e-04,1.007267024130488112e-05,1.107055157952115381e-03
9.981921513930206435e-01,4.482415134132099427e-04,8.723106712830517163e-05,7.078771875075172092e-06,1.265297254562889944e-03
9.971890049808161960e-01,6.173177210286919783e-04,1.686241021417454234e-04,1.276521709524895066e-05,2.012287978918115162e-03
9.979316676171819944e-01,5.527699893495765940e-04,1.950843611600192539e-04,1.569530042992334137e-05,1.304782731878491612e-03
9.971330510423036531e-01,4.412350044361521830e-04,1.204766850639488635e-04,1.144627600200348721e-05,2.293790992194412980e-03
9.978654258429412449e-01,4.058791832205085296e-04,8.174834993022394799e-05,7.805229900328687615e-06,1.639141394007577858e-03
9.986992627284894120e-01,3.403951877001349584e-04,1.116620181071112719e-04,9.733688358621012359e-06,8.389463773447625606e-04
9.994101036019820139e-01,2.441874180983400052e-04,6.196855442799206943e-05,5.116250334653286103e-06,2.786241751571184584e-04
9.991300132222928898e-01,2.175505531839796644e-04,8.979098992339052592e-05,9.018385025602992713e-06,5.536268495741755377e-04
9.986912593030812246e-01,4.560464732550990538e-04,2.576910004127852538e-04,1.472679037562785353e-05,5.802764328752065036e-04
9.988212400844361794e-01,4.531189786253671790e-04,1.212516592018514659e-04,8.353878361948387568e-06,5.960353993747412532e-04
9.988428938821749536e-01,3.753430628285537077e-04,1.662099898104607879e-04,1.159508307432505267e-05,6.039579821117833014e-04
9.988680070977146164e-01,4.478783600195775419e-04,1.442889511403305433e-04,9.939377668790263064e-06,5.298862134567201019e-04
9.991468764215022391e-01,4.276448714949455184e-04,1.169969731518091658e-04,7.399920715165041773e-06,3.010818131359443463e-04
9.992700380039535313e-01,3.907172227968392524e-04,9.596251605754512663e-05,6.457167865149511044e-06,2.368250893268355030e-04
9.991531131011162081e-01,2.321047791835578300e-04,7.993369209252507634e-05,7.999304844109923705e-06,5.268491227635875140e-04
9.994521747540895396e-01,3.082595511910233969e-04,8.976534997251883871e-05,6.269416831256958693e-06,1.435309279157807828e-04
9.987556512281410281e-01,7.569050530507996383e-04,2.322647164788205112e-04,1.712356899498149754e-05,2.380554333343172784e-04
9.993480139404532503e-01,4.058550655879342227e-04,9.177529835847004537e-05,6.937448098107346652e-06,1.474182475021427942e-04
9.972746358797208721e-01,2.125318603444846348e-03,3.416222457716867238e-04,1.488065057821718155e-05,2.435426204846178624e-04
9.892068176431136894e-01,9.395885474771990473e-03,8.221992535557858710e-04,2.411615443362007111e-05,5.509814741249953159e-04
9.852379402151514309e-01,1.344851097140870380e-02,8.972588431735530664e-04,1.760287330713681308e-05,3.986870969591791835e-04
9.605779257113358227e-01,3.696934608160700603e-02,1.883442664406484836e-03,2.596378929322898979e-05,5.433217533574359343e-04
9.764184011920890027e-01,2.207332848069506331e-02,8.266790171475460556e-04,1.482784238973584470e-05,6.667634676785789277e-04
9.884928181389576185e-01,1.007310562261273280e-02,6.169236688279220978e-04,1.273536614161479003e-05,8.044172034600095616e-04
9.772657450354480524e-01,2.010944198577513040e-02,1.104788071716111993e-03,2.109546986693926175e-05,1.498929437193680970e-03
9.791313233764105117e-01,1.731639796915632884e-02,2.674767276814524197e-03,5.310069063967368184e-05,8.244106869788526320e-04
9.887738599518032245e-01,8.613532405057130331e-03,2.292170405726465937e-03,5.110086441399441261e-05,2.693363729990913146e-04
9.969539406803638038e-01,2.293559467660823831e-03,6.588953647423252636e-04,1.774845181180182191e-05,7.585603542133920174e-05
9.891645991021900119e-01,9.569273630206785730e-03,1.020118862715293714e-03,1.515519257954195672e-05,2.308532123082354930e-04
9.933168626700609183e-01,5.825448409446627208e-03,7.178701095465630198e-04,1.188497291211936274e-05,1.279338380336123091e-04
9.805987465840109163e-01,1.597866173727691130e-02,3.133118168625436371e-03,4.833956098694103601e-05,2.411339490997968385e-04
9.280122591067896387e-01,6.336833148396166238e-02,8.034929611806134950e-03,6.970313989825983989e-05,5.147766575443402581e-04
8.992392165506081225e-01,8.630368681327457714e-02,1.397288438338000274e-02,9.937517245349403378e-05,3.848370802836786463e-04
9.888853988059087552e-01,9.237039509635402296e-03,1.252887063639787722e-03,3.233989494868950689e-05,5.923347258674279293e-04
9.774533144911612403e-01,1.985249799627807760e-02,1.739004069123137926e-03,3.683945455583874709e-05,9.183439888817170309e-04
9.811504981328529329e-01,1.671887425167522048e-02,1.714285538448888195e-03,3.197292410784024271e-05,3.843691529150078238e-04
9.591797784787241543e-01,3.649888389947223560e-02,3.793443196091285212e-03,5.498351796659782043e-05,4.729109077456459002e-04
9.940948405991651970e-01,4.732099097792730538e-03,9.829192454021173139e-04,2.104952023980764513e-05,1.690915374002036943e-04
9.819692237460801998e-01,1.512355685771993308e-02,2.458258795720185980e-03,3.754399978349447388e-05,4.114166006961532526e-04
9.816230271037386101e-01,1.597354569392551646e-02,1.577804910725290680e-03,2.535260640351061411e-05,8.002696852069136066e-04
9.859716956550930167e-01,1.256000558609557394e-02,8.607699721892101558e-04,1.324084912016213123e-05,5.942879375021082634e-04
9.969695015504804747e-01,2.472006443837623021e-03,3.949037342342290226e-04,1.217669947506609454e-05,1.514115719724456479e-04
9.977094954305123498e-01,1.824210510961474241e-03,3.507437938836786167e-04,1.250141325002603256e-05,1.030488513924526393e-04
9.972816398324586551e-01,2.173168761829998887e-03,3.729918637941106009e-04,1.444633099868631869e-05,1.577532109183639431e-04
9.979492860677375843e-01,1.659130770580776685e-03,2.734876675534203029e-04,7.964042398756440404e-06,1.101314517294299240e-04
9.950177593270937981e-01,4.393335269143395019e-03,4.012978781927089319e-04,9.493458958755249537e-06,1.781140666113571053e-04
9.976870883314936655e-01,1.907823475193876550e-03,3.098657689490019545e-04,8.420743534004596276e-06,8.680168082946727762e-05
9.945741590777338326e-01,4.554450284604538539e-03,6.862011406578249042e-04,1.748676224351776705e-05,1.677027347601514184e-04
9.894223510673166855e-01,9.262818900471918304e-03,9.880841322285299592e-04,1.730047239793729312e-05,3.094454275847917813e-04
9.963542723443401528e-01,3.040024456740935549e-03,4.580983887715420221e-04,1.380754278948148618e-05,1.337972673580679558e-04
9.992570198555776884e-01,5.134233626321351969e-04,8.540509674138555907e-05,5.882637120003466259e-06,1.382690479288312872e-04
9.993242371422368375e-01,5.170081981888525980e-04,6.530391448567075005e-05,4.699167398493126007e-06,8.875157769000179670e-05
9.997552975959089760e-01,1.572420660625985982e-04,2.554103126954529413e-05,3.395033965731941463e-06,5.852427279328132210e-05
9.998269378822395304e-01,1.157934075513482271e-04,1.446521186776448193e-05,1.788983237522336431e-06,4.101451510379583692e-05
9.997388515372755968e-01,1.817603498095957267e-04,2.062738734961684647e-05,2.638850746809653491e-06,5.612187481834935321e-05
9.996926045342034994e-01,2.369967593805582780e-04,2.771737091528236394e-05,2.287739418452112494e-06,4.039359608230045338e-05
9.996014434850012398e-01,3.250496963067203422e-04,4.409824905395692515e-05,3.576796459734813118e-06,2.583177317827486691e-05
9.995583793602343947e-01,3.773075103239390969e-04,3.494400043528437302e-05,3.026376278450059174e-06,2.634275272786983820e-05
9.983916641835012262e-01,1.335710255409358095e-03,2.104172086402134110e-04,1.174678629946027969e-05,5.046156614963416906e-05
9.986912852113524197e-01,1.058661941776650826e-03,2.018188470538807432e-04,1.269132740580169649e-05,3.554267241106891565e-05
9.990376860101796153e-01,7.158578769982928622e-04,1.033162358232332808e-04,9.229408200147245017e-06,1.339104687986559790e-04
9.992682529991309126e-01,5.190731163123265190e-04,7.925094805872491121e-05,5.109992151307112336e-06,1.283129443466945118e-04
9.992969917510524658e-01,4.960326161706473660e-04,8.468759300468378009e-05,5.861289316120525057e-06,1.164267504559379383e-04
9.975767951585090554e-01,1.660452092414398161e-03,5.600518914733053268e-04,2.551457734511047758e-05,1.771862802581699095e-04
9.995357551048378308e-01,3.432695490143996934e-04,7.214938604730015525e-05,4.463801180080118286e-06,4.436215892047526286e-05
9.988804531746328097e-01,7.728643512599301648e-04,1.883020364462494479e-04,1.374993887490938012e-05,1.446304987860583572e-04
9.988509301221303316e-01,8.278949920683349511e-04,1.320003189560907701e-04,8.363568744293727280e-06,1.808109981011553260e-04
9.988903032959760564e-01,4.739533185823362866e-04,8.055974133422271366e-05,7.864898204255616458e-06,5.473187459031149697e-04
9.992257053668810451e-01,5.050942437204512499e-04,5.780829856541954548e-05,4.033257492562514958e-06,2.073588333403812278e-04
9.975668946154230277e-01,6.722779933939864155e-04,7.837219146981321786e-05,8.365378250685420828e-06,1.674089821462572576e-03
9.964043119893781775e-01,3.383489384790690137e-04,5.748383761452308219e-05,8.241671943141113765e-06,3.191613562585301524e-03
9.953812854610503136e-01,5.033677093898355093e-04,9.796845844825484407e-05,1.160582612160315110e-05,4.005772544989959737e-03
9.946876181321318011e-01,6.490106832226788395e-04,1.660392353359792608e-04,1.655215489900604663e-05,4.480779794410650815e-03
9.906841633402571068e-01,1.173725526047973656e-03,1.489194645467089228e-04,1.317066064135427048e-05,7.980021008506709562e-03
9.943404501709768306e-01,7.217043795616993320e-04,1.036815540291311920e-04,9.634713923388378215e-06,4.824529181509097826e-03
9.940384501065302469e-01,1.713999426151819900e-03,4.864298296082780445e-04,3.712922328298506094e-05,3.723991414426717182e-03
9.975350937092852810e-01,3.940631861746442212e-04,1.018639735894135941e-04,1.170665795082020933e-05,1.957272472999824122e-03
9.975483818618016141e-01,3.667832970665309625e-04,1.475339344427754754e-04,1.593399187821477347e-05,1.921366914810825055e-03
9.923178657218683085e-01,6.071813856313849379e-04,1.622237610084014184e-04,2.274520754454445053e-05,6.889983923947308984e-03
9.964544962446610921e-01,4.871677205743730034e-04,7.224464461012769457e-05,7.618179276522576939e-06,2.978473210877827064e-03
9.982877255747960588e-01,7.732731181158953139e-04,5.031787287733174765e-05,3.273712527752229538e-06,8.854097216830708128e-04
9.989660630293102361e-01,7.059530286480684503e-04,2.935292110957148977e-05,1.782106115316016667e-06,2.968489148168583893e-04
9.984179350949272669e-01,1.253230559668632544e-03,4.613162814861550222e-05,2.499232050525017006e-06,2.802034852049815807e-04
9.977784310986026473e-01,1.867841562783264511e-03,6.209822764747023832e-05,3.303575784803318264e-06,2.883255351818724260e-04
9.958362547541008691e-01,3.631402993242503156e-03,1.100091302026802312e-04,4.214889452950331516e-06,4.181182330009768403e-04
9.985618779745726314e-01,1.212062047499376039e-03,4.533727275032353022e-05,2.533232879222341167e-06,1.781894722985592143e-04
9.986017035549664689e-01,1.189833684030231712e-03,7.457336137330213780e-05,3.998973493542855415e-06,1.298904261365922317e-04
9.972213198977945003e-01,2.461207821444233793e-03,1.791700020885348104e-04,8.335294115997701037e-06,1.299669845568922810e-04
9.976351114692759703e-01,2.105853950414430294e-03,1.556762668484320687e-04,7.168376258448112519e-06,9.618993720281417191e-05
9.970831822946928380e-01,2.610616187292430328e-03,2.088437134859985600e-04,7.630943134475073726e-06,8.972686139413684760e-05
9.985181692990556801e-01,1.310934607080191383e-03,1.012910278526936517e-04,4.838077985132059608e-06,6.476698802635686564e-05
9.966542443721417843e-01,3.029563578906476016e-03,2.181691892617748088e-04,9.645054224709508845e-06,8.837780546536130367e-05
9.948961549982945352e-01,4.676770116962648133e-03,2.742008765701455138e-04,1.169756241837574664e-05,1.411764457542980477e-04
9.919831348972908414e-01,7.334019023338548757e-03,4.608919337775334345e-04,1.527971285860109466e-05,2.066744327343854142e-04
9.973310275663411772e-01,2.436977845364551691e-03,1.469952879110072617e-04,6.261867634533659809e-06,7.873743274861713464e-05
9.917589853716436421e-01,7.528900316863317531e-03,5.151591637661066380e-04,1.332293459219576379e-05,1.836322131348340611e-04
9.986799983852208129e-01,1.171966074130421399e-03,8.352370970424486882e-05,3.560690386466700881e-06,6.095114055792967496e-05
9.963720989196060973e-01,3.318155321560156256e-03,1.718664570477479393e-04,7.356498268335182651e-06,1.305228035175896991e-04
9.979524250217968184e-01,1.846311861522711246e-03,9.674163448092655266e-05,3.854629614660563272e-06,1.006668525846255948e-04
9.971691185980552374e-01,2.567737672771206858e-03,1.247998730333803254e-04,4.791168589681600905e-06,1.335526875504040867e-04
9.947494585871492490e-01,4.784580193606029729e-03,2.707844268170436644e-04,8.715990262403599024e-06,1.864608021652771827e-04
9.963015625820076382e-01,3.333643058835824083e-03,2.408066168589494843e-04,7.912894708679842987e-06,1.160748475887485770e-04
9.942884059700602961e-01,5.180323455796291034e-03,4.291359365132801505e-04,1.302533437963460886e-05,8.910930325046207139e-05
9.946872020027753836e-01,4.877865794003445783e-03,3.351637456910729388e-04,9.860230939739786455e-06,8.990822659048681878e-05
9.976625825415723625e-01,2.139463076353746978e-03,1.435048491035432279e-04,5.373505028415283647e-06,4.907602794188623398e-05
9.982482767517789624e-01,1.577357472723707986e-03,1.153884815813160719e-04,5.386832333945656495e-06,5.359046158192971512e-05
9.923420406841592101e-01,7.172139520080941105e-03,3.524915339720268294e-04,1.104314789986456864e-05,1.222851138879906170e-04
9.928210303693403294e-01,6.595544842136414482e-03,4.264433476248520637e-04,1.074447520468433957e-05,1.462369656938202389e-04
9.923334061373293435e-01,7.096410683198453584e-03,4.248567792056710010e-04,1.124514589501438883e-05,1.340812543712805013e-04
9.937987977884776836e-01,5.705945950967732105e-03,3.607232398666349862e-04,1.074672702276713311e-05,1.237862936652338645e-04
9.945757234393500790e-01,5.000547447198617698e-03,3.164824785729073060e-04,9.600984269266571078e-06,9.764565060908095089e-05
9.937926256529294733e-01,5.738780212931662503e-03,3.252035859387175046e-04,9.280879422147590881e-06,1.341096687780787735e-04
9.960306415105052436e-01,3.664274695743049027e-03,2.073128948499575576e-04,6.621944052851699461e-06,9.114895484887510001e-05
9.955140977908483180e-01,4.167385220316914031e-03,2.011257713842880658e-04,6.619244803064924312e-06,1.107719726474239202e-04
9.976700223834895631e-01,2.150803339114573838e-03,1.094313086237201838e-04,4.380460211191305365e-06,6.536250856097324284e-05
9.984086516505343845e-01,1.467777656535630953e-03,7.314172850042877420e-05,3.440118495571886328e-06,4.698884593397448543e-05
9.988695332166341867e-01,1.021572682030172895e-03,6.024247962734163755e-05,3.167527187296053052e-06,4.548409452109437509e-05
9.978981627990175518e-01,1.905661622567867168e-03,1.072568314126803651e-04,4.576171737259528125e-06,8.434257526439203011e-05
9.980810341723571621e-01,1.732688308583158615e-03,1.073367103279532128e-04,5.173840890394609156e-06,7.376696784135724041e-05
9.961884654079954382e-01,3.567288748730174704e-03,1.493125262315228715e-04,7.243933651494042552e-06,8.768938339141990959e-05
9.988670812868025717e-01,1.020638936653490156e-03,6.182997131379635550e-05,3.408246973712872954e-06,4.704155825643149184e-05
9.995518940221838067e-01,3.961567668020296346e-04,2.614339872972316900e-05,1.980620890280715092e-06,2.382519139432822875e-05
9.997308388160528470e-01,2.276319948986030935e-04,1.636737686126057614e-05,1.434643470868243845e-06,2.372716871624879818e-05
9.997591986027468680e-01,1.951450853153420604e-04,1.739300422132563517e-05,1.507087720791269452e-06,2.675621999575414345e-05
9.996135395342833352e-01,3.185671821620955895e-04,2.769452033604854324e-05,2.162778740500590784e-06,3.803598447810811566e-05
9.995139864403838059e-01,4.081352752354104260e-04,3.283361037284380249e-05,2.331635139186092644e-06,4.271303886857638301e-05
9.997220716674504182e-01,2.326005293906202782e-04,2.243984094158572162e-05,1.610045368001129598e-06,2.127791684932528484e-05
9.998022421162640061e-01,1.605660383390741103e-04,1.526444527882404791e-05,1.300243991173491485e-06,2.062715612692707834e-05
9.994851326986397000e-01,4.338640060604712491e-04,3.806481761223660183e-05,2.812011992029577774e-06,4.012646569554325986e-05
9.995425801151306411e-01,3.880785757541891506e-04,3.548383621212025782e-05,2.682552786971063973e-06,3.117492011614752943e-05
9.993988811726325361e-01,5.149398943375002808e-04,3.914296225421269755e-05,3.124973159652172893e-06,4.391099761607087298e-05
9.984377085544059449e-01,1.397245270991168825e-03,7.190831456949083403e-05,4.899611392465084078e-06,8.823824864085393646e-05
9.985428855263982495e-01,1.258496506761189442e-03,9.952411616153136688e-05,5.880955761820503064e-06,9.321289491732413920e-05
9.993741187735842857e-01,5.420266259927529993e-04,3.805419527944367601e-05,2.582044475472689792e-06,4.321836066788452686e-05
9.992733779361634427e-01,6.125721079340488810e-04,6.281430294096296317e-05,3.544152490187253694e-06,4.769150047126709106e-05
9.987419370753095604e-01,1.088978818872273152e-03,9.641267963084233805e-05,5.279497577763623937e-06,6.739192860946078938e-05
9.982402972046433565e-01,1.560368389026936878e-03,1.272190498423226006e-04,6.177078326954396971e-06,6.593827816043568895e-05
9.959117368976801998e-01,3.736001156781766468e-03,2.419387672007493545e-04,9.471638142159540091e-06,1.008515401951630565e-04
9.978725985110031838e-01,1.928137776623137234e-03,1.263629518102534508e-04,5.343554664431618177e-06,6.755720589903850483e-05
9.987185984332109800e-01,1.158450992247402186e-03,7.205199777340134124e-05,4.063783032078139872e-06,4.683479373619534719e-05
9.991481369824795067e-01,7.636824986433623976e-04,4.928632131230377189e-05,3.194141646952583975e-06,3.570005591797725987e-05
9.990202861647661248e-01,8.836050176700530100e-04,5.503112426585747357e-05,3.620131911808466798e-06,3.745756138607974370e-05
9.985759362645595383e-01,1.283267713470579970e-03,8.970750867800229454e-05,5.564430833709555234e-06,4.552408245808127680e-05
9.989857542187599027e-01,9.054078589370578726e-04,6.291725831886195474e-05,4.486546127764045195e-06,4.143411785648060038e-05
9.984138864501319599e-01,1.454718833843638695e-03,8.155798174519715972e-05,5.552468460850267059e-06,4.428426581827807243e-05
9.995841281259694178e-01,3.627698149564624846e-04,2.562500175380678891e-05,2.130568404671558776e-06,2.534648891568327611e-05
9.992329233852039749e-01,6.781557685745740480e-04,4.247021533646569799e-05,3.448336643697549974e-06,4.300229424117082928e-05
9.989983715544789034e-01,8.821987028894050448e-04,6.159797852257850343e-05,4.221265184717844805e-06,5.361049892432648479e-05
9.978927471002594363e-01,1.933002658662827042e-03,1.054815467570112907e-04,5.635761767648021934e-06,6.313293255294295293e-05
9.984004615505132074e-01,1.452827632879424716e-03,8.667869826501935877e-05,4.468406962412649801e-06,5.556371137983934309e-05
9.968766174341791020e-01,2.831563198654917651e-03,1.991077315357508016e-04,8.179163334497227561e-06,8.453247229585461641e-05
9.977920746412572983e-01,1.979369342020948809e-03,1.594843944072368435e-04,7.393837701820559473e-06,6.167778461261618319e-05
9.990544744665406096e-01,8.498338153175259832e-04,6.057743679651653813e-05,3.591492519703831771e-06,3.152278882574028349e-05
9.991391405537499715e-01,7.669782756684489795e-04,5.295939335499085838e-05,3.299699695193293546e-06,3.762207753124237179e-05
9.984696260633934006e-01,1.364680150836371881e-03,9.773959875230574571e-05,5.071633329952327565e-06,6.288255368796548395e-05
9.988694357887639708e-01,1.020766446971734572e-03,6.908114771775944994e-05,4.012480911948673529e-06,3.670413563464826069e-05
9.963498921110387485e-01,3.329348677441479852e-03,2.272299292247631779e-04,1.158002922191592902e-05,8.194925307287435391e-05
9.995647936840913461e-01,3.680630380368001258e-04,4.047646707412005940e-05,3.248289844089793428e-06,2.341852095379961138e-05
9.996358023526561443e-01,2.955345738542206188e-04,4.280991070631160177e-05,3.867334227971763607e-06,2.198582855557978811e-05
9.978407347457121102e-01,1.808039994315277900e-03,2.596753148227011216e-04,1.487851136450691880e-05,7.667143378545883186e-05
9.951827854352418568e-01,3.869095166087588040e-03,7.733211360499110199e-04,3.621450078963280782e-05,1.385837618311610740e-04
9.963883632886314512e-01,2.639267792792289978e-03,5.634326671279186582e-04,3.735046698515115057e-05,3.715857844629997814e-04
9.809536430407063134e-01,1.324200232706050293e-02,4.646542820618057915e-03,1.330753022256932249e-04,1.024736509389637291e-03
9.851445356371593132e-01,1.057747931281020730e-02,3.870931419143065939e-03,7.619709330706448346e-05,3.308565375803980890e-04
9.959844806793872740e-01,2.752875144838678491e-03,1.006338471246648759e-03,3.673659200711564736e-05,2.195691125201159439e-04
9.982883672422619981e-01,1.161468718594602361e-03,4.093288506317411331e-04,1.874034484969051769e-05,1.220948436618241853e-04
9.972470386629506134e-01,2.058492508850280796e-03,4.777300514181598724e-04,1.795152404508787699e-05,1.987872527358837545e-04
9.959513113707814114e-01,2.836046924852334526e-03,9.122947996504488476e-04,3.491230859291641185e-05,2.654345961229583896e-04
9.988773367270933345e-01,7.464627197410620340e-04,2.069677702188714690e-04,1.182200415286436693e-05,1.574107787937782720e-04
9.995519112061729272e-01,3.164990369967344858e-04,7.091056970769118941e-05,4.576143461784668567e-06,5.610304366087042556e-05
9.986005190458003833e-01,1.046991283542170149e-03,2.603041247920512519e-04,1.301184022122498612e-05,7.917370564414214005e-05
9.993988851558880393e-01,4.611794147194932139e-04,8.824138206125142162e-05,6.142088771705854636e-06,4.555195855949663444e-05
9.994527196916590528e-01,4.402812444859163159e-04,6.796128747192110018e-05,4.419243867827869638e-06,3.461853251540544855e-05
9.997374486247319059e-01,2.195089792337686296e-04,2.277644588016680677e-05,1.755185698949843207e-06,1.851076445503263893e-05
9.997403682038138450e-01,2.212335828452275809e-04,1.680922524381090881e-05,1.330496107802698365e-06,2.025849198921427280e-05
9.998086336087916859e-01,1.604751124343898531e-04,1.273546836612565236e-05,1.111602167607174181e-06,1.704420824024624904e-05
9.998271440621858686e-01,1.422640327545431559e-04,1.161134315962106454e-05,1.002260500333848285e-06,1.797830139956903248e-05
9.994879191126405660e-01,4.412859182981270206e-04,2.785729591492282914e-05,1.887634649872960360e-06,4.105003849647468646e-05
9.996614248395887525e-01,2.894665048564940089e-04,1.960258235540040666e-05,1.250163431407762426e-06,2.825590976782531028e-05
9.995724543354063130e-01,3.616736564555036895e-04,2.547611368360107797e-05,1.568836655005488139e-06,3.882705779942271813e-05
9.997464394858600611e-01,2.015528307070475810e-04,2.048975771315276337e-05,1.249710201005944821e-06,3.026821551852210509e-05
9.996651510863464596e-01,2.676062098354420847e-04,2.550310355011855263e-05,1.526279548488885852e-06,4.021332071959610654e-05
9.997154623155806163e-01,2.286527169213335296e-04,2.016388934248542766e-05,1.254563072538700572e-06,3.446651508304420837e-05
9.997375981428640035e-01,2.121581580117615229e-04,2.089054658836976815e-05,1.300929133639467545e-06,2.805222340232764472e-05
9.995742681267324459e-01,3.432584708293044034e-04,3.867346223268946213e-05,2.819117774982863289e-06,4.098082243059999254e-05
9.995740535628836465e-01,2.542547813642854842e-04,3.237555018342585080e-05,3.903207130735413051e-06,1.354128984379130525e-04
9.994568085453107154e-01,2.677218870465050498e-04,3.016956331615468036e-05,3.707001492492414293e-06,2.415930028342951248e-04
9.993805222610285810e-01,3.466460131220696077e-04,3.917262682884558060e-05,4.234407180670986319e-06,2.294246918400488907e-04
9.986766039652301696e-01,9.606087979169353804e-04,1.002746825286543990e-04,6.936743095392649064e-06,2.555758112288191645e-04
9.996108366853860838e-01,3.043989225375181608e-04,2.888413903137408359e-05,2.034560204690682974e-06,5.384569284029185580e-05
9.990229837726607443e-01,8.292512718843178272e-04,6.526993641392474211e-05,3.414739263869850231e-06,7.908027977711451603e-05
9.993474455580113602e-01,5.211434949527124494e-04,4.759811588158459540e-05,3.390180231621397060e-06,8.042265092270379590e-05
9.995525695782554454e-01,3.369113458974776123e-04,2.907533224875045276e-05,2.303522885157368934e-06,7.914022071317879006e-05
9.995950389382166623e-01,2.588455214871104989e-04,2.367528505783561202e-05,2.072475773527122744e-06,1.203677794647458894e-04
9.994954855959390372e-01,3.311529886162776310e-04,3.731057106992828441e-05,2.751720958559732772e-06,1.332991234160457738e-04
9.993246599396501395e-01,4.837767487005232344e-04,4.235842247154058312e-05,2.981474072180299145e-06,1.462234151058063763e-04
9.987575651523087350e-01,8.331203427800170638e-04,7.582530383805752402e-05,4.829856976168184229e-06,3.286593440971126456e-04
9.992248080007171129e-01,4.769696080899912230e-04,4.617442500575558682e-05,3.212660671918294592e-06,2.488353055149975629e-04
9.994324932885070290e-01,3.319624765401544414e-04,3.716300761526424376e-05,2.835095098083217997e-06,1.955461322394250320e-04
9.996154335281030034e-01,2.303641233491095100e-04,2.936385294419821817e-05,2.383104654450897495e-06,1.224553909490700928e-04
9.995694280101385942e-01,1.926095636302475346e-04,2.365608361097511282e-05,2.575716396092627223e-06,2.117306262238178173e-04
9.996470274513794552e-01,1.600603630584042857e-04,2.302444103985310834e-05,2.388797098265042708e-06,1.674989474240421881e-04
9.994023479975249202e-01,3.375114099000145669e-04,3.853748208208970918e-05,3.427220156247774756e-06,2.181758903367623278e-04
9.992562429115975364e-01,4.338992280660097767e-04,5.498242048658252720e-05,4.346786507738289067e-06,2.505286533421097672e-04
9.990905370830531762e-01,4.861828577535465094e-04,5.966606898372076170e-05,4.330442530080162334e-06,3.592835476793661688e-04
9.986004188471960807e-01,5.663961721296509625e-04,6.392166204143915329e-05,4.994664842368217034e-06,7.642686537905420173e-04
9.993163576325084785e-01,3.718542006916119506e-04,4.805781448368482632e-05,3.385840434770254680e-06,2.603445118814260535e-04
9.994463929609810338e-01,2.824119482716163851e-04,3.570542913614950574e-05,2.740569713846976408e-06,2.327490918975194916e-04
9.985733824559132055e-01,5.847158024835829226e-04,5.279261797866082357e-05,4.367645666576160882e-06,7.847414779580505657e-04
9.989884549110095158e-01,4.478949392279515484e-04,5.476017624289806037e-05,3.511650438022849749e-06,5.053783230816237494e-04
9.995371725387716122e-01,2.587377299855894860e-04,2.557349172393957529e-05,1.902872428449367031e-06,1.766133670903295672e-04
9.990708487250669068e-01,6.250700550744695385e-04,6.075629594446201688e-05,3.612809218696537783e-06,2.397121146953697362e-04
9.994915077192924047e-01,2.737367480098355592e-04,4.266025361464186223e-05,3.105598656774103580e-06,1.889896804261952351e-04
9.997453426418729805e-01,1.492095769799934603e-04,2.022767368169655673e-05,1.562155639425339040e-06,8.365795182601660661e-05
9.996070209359037007e-01,2.138332447679230496e-04,2.671502413693193902e-05,2.353259026988451243e-06,1.500775361643612066e-04
9.996852119700552208e-01,2.147069024018492638e-04,2.850463893958743653e-05,1.867625434981930418e-06,6.970886316842187446e-05
9.997610287338301038e-01,1.652192480818889396e-04,1.633538034766976026e-05,1.347132434291208559e-06,5.606950530598999095e-05
9.996613512904490850e-01,2.494787581556452238e-04,3.092612792542314527e-05,2.205847438452715439e-06,5.603797603137291672e-05
9.998173856152984262e-01,1.315545313174661601e-04,1.365351067088176444e-05,1.286717340486912770e-06,3.611962537255622099e-05
9.997381838447947366e-01,1.953078476094038127e-04,1.773224557335251506e-05,1.706334952672830693e-06,4.706972706992762641e-05
9.998457376349922932e-01,1.078386724153697698e-04,1.049873528925425596e-05,1.129212730907851966e-06,3.479574457208905102e-05
9.997274930958517380e-01,1.918076457918789588e-04,1.626805373133341940e-05,1.663353765786241738e-06,6.276785085914093334e-05
9.997504243803359003e-01,1.822970256125237322e-04,1.264243089029677441e-05,1.348227124735763516e-06,5.328793603670608500e-05
9.997111758985414154e-01,2.254757187794303086e-04,1.446497968432826761e-05,1.400915574755613276e-06,4.748248742002659210e-05
9.997593842095326977e-01,1.887579191365979230e-04,1.873454290691422929e-05,1.743966315805381206e-06,3.137936210801598179e-05
9.997877464005135995e-01,1.568749874924235958e-04,1.564679352485996255e-05,1.692263403310858971e-06,3.803955506590580849e-05
9.998589614653060620e-01,1.011551173625971692e-04,1.058284032140179068e-05,1.098471845976669207e-06,2.820210516411243964e-05
9.998407955255252944e-01,1.201582246579920493e-04,1.039163775086076726e-05,1.083184018321394905e-06,2.757142804741920993e-05
9.997847367840118071e-01,1.653978296113448065e-04,1.200278442016021830e-05,1.426533473950043167e-06,3.643606848265588114e-05
9.996947776513630535e-01,2.123078457462961423e-04,2.322234695102253039e-05,2.835594547748310224e-06,6.685656139187859317e-05
9.995461405968889546e-01,3.162889489025833716e-04,2.497777975377755982e-05,3.380080489213445840e-06,1.092125939654942042e-04
9.995769758010402128e-01,3.172841043879519839e-04,2.285015179210782372e-05,2.706901395330843820e-06,8.018304138449187685e-05
9.997436171098608160e-01,1.894866517030923921e-04,1.663786165069609590e-05,2.086185476923825664e-06,4.817219130845850782e-05
9.997549128938391094e-01,1.716056582971823847e-04,1.489551564588618773e-05,1.891443818232244927e-06,5.669448839968015119e-05
9.994879597900826473e-01,3.305565647861546095e-04,5.489868957090326929e-05,5.565412561550550494e-06,1.210195429987099891e-04
9.993459626243710314e-01,4.257040474737986573e-04,5.844220455336654842e-05,6.250480163769533515e-06,1.636406434379385623e-04
9.995983588469077308e-01,2.827133460787207230e-04,2.535931373322802484e-05,2.796123287024835521e-06,9.077236999355740279e-05
9.997637008763912148e-01,1.587061081594979542e-04,1.485831400261957609e-05,1.657990242358263825e-06,6.107671120439397072e-05
9.996458358657882570e-01,2.534603572172024351e-04,4.144287897523172507e-05,3.951034417142910305e-06,5.530986360213904166e-05
9.997824039126292917e-01,1.440871133223216511e-04,2.157003524627969568e-05,2.964990602365409579e-06,4.897394819962032933e-05
9.998126839202630123e-01,1.210362750419540536e-04,1.384057105320493456e-05,1.930242389240362634e-06,5.050899125261655402e-05
9.997874253668428413e-01,1.502282664448230452e-04,1.326811283928550660e-05,1.625145348226713321e-06,4.745310852482472776e-05
9.995608792061847492e-01,3.430477399696126267e-04,4.008972946772362735e-05,3.998142289637590794e-06,5.198518208844445869e-05
9.995196286402689978e-01,3.894139887911648524e-04,3.314306426396957745e-05,3.589077727693654618e-06,5.422522894798064704e-05
9.994755560829847729e-01,4.155792561541306893e-04,3.028938135075651600e-05,3.720909577858930940e-06,7.485436993238203478e-05
9.995645810387474572e-01,3.195039411041603202e-04,2.314852519869433460e-05,3.513690513793099521e-06,8.925280443601789858e-05
9.997338697566195975e-01,1.936996013407855466e-04,1.854815627552874129e-05,2.097121508031169852e-06,5.178536425598561705e-05
9.995449464993942934e-01,3.349716740036547428e-04,5.414957706428832803e-05,4.992181074047875140e-06,6.094006846381070709e-05
9.994424434765716292e-01,4.177769271510160831e-04,5.130311278561748133e-05,5.081611323183160149e-06,8.339487216854079318e-05
9.997231135765896060e-01,2.111280296314575137e-04,2.416630249673809257e-05,2.447555348950971401e-06,3.914453593343602037e-05
9.997739208186317006e-01,1.565833162922083683e-04,1.918152885853210307e-05,2.301514781251616271e-06,4.801282143620995988e-05
9.993861859391669489e-01,4.745175408213512277e-04,4.616790317402515224e-05,4.608431388695924532e-06,8.852018544880220171e-05
9.993573290176389623e-01,4.906702684494232978e-04,6.613886003605441331e-05,6.973260203287544349e-06,7.888859367228182018e-05
9.989911437354319634e-01,8.094219931855975133e-04,7.906420328463222437e-05,7.256494630422364618e-06,1.131135734674801536e-04
9.995622617490360629e-01,3.395506089040842041e-04,3.204544203800509922e-05,2.946441144880681364e-06,6.319575887712110328e-05
9.996934540520379109e-01,2.421538458407049559e-04,3.014049619274208921e-05,2.284130025267619468e-06,3.196747590341323568e-05
9.995971134109283840e-01,2.999900832666811267e-04,3.868697393426867760e-05,3.657667007839890770e-06,6.055186486293108510e-05
9.996344288046756787e-01,2.665657310612517573e-04,2.880522448576569293e-05,2.840478558422455663e-06,6.735976121906461940e-05
9.995701090380400000e-01,2.787365505098739291e-04,2.470366137313930290e-05,2.902191686776921963e-06,1.235485583901418136e-04
9.997283155915868136e-01,1.707518261132488183e-04,1.755491886299086451e-05,1.702049592965831303e-06,8.167561384374735051e-05
9.997121734872709276e-01,1.653459328697887512e-04,2.048640814498603271e-05,1.871347459614075890e-06,1.001228242546445876e-04
9.996712947410802963e-01,2.098504336729159155e-04,2.637070010834158357e-05,2.061081233312660669e-06,9.042304390514958781e-05
9.996464731248593250e-01,2.484422446850250397e-04,3.559129912524818337e-05,2.588459183711022464e-06,6.690487214663363481e-05
9.996502498649089130e-01,2.052151058881468762e-04,2.806897274165442042e-05,2.550799037398262608e-06,1.139152574239502621e-04
9.994518503977501966e-01,3.186480193653765331e-04,3.510982792229475980e-05,3.195968164705238051e-06,1.911957867974802645e-04
9.991430055700143420e-01,6.263364975047997418e-04,9.427146541879418144e-05,4.573519997679361859e-06,1.318129470643526725e-04
9.996648485376979920e-01,2.387460602182117858e-04,2.904367551782440984e-05,2.061110904482131374e-06,6.530061566150680301e-05
9.995917139849059829e-01,2.838213436163483931e-04,5.084891060456833055e-05,2.924726557555939291e-06,7.069103431564568020e-05
9.994808750112130769e-01,3.314735539493795743e-04,4.190639362331662114e-05,3.011488663356566509e-06,1.427335525509854661e-04
9.996082224361816371e-01,2.732789183657647366e-04,2.741057977801908185e-05,1.898862230806243163e-06,8.918920344404464035e-05
9.996622829919923348e-01,1.851070758571530259e-04,3.176471808485801737e-05,2.244417311432154796e-06,1.186007967544507827e-04
9.991221183206878687e-01,3.811806814560714826e-04,6.954446480884487970e-05,5.358301367945217188e-06,4.217982316790700554e-04
9.987866784275839516e-01,4.405726490883554616e-04,1.331606628409688587e-04,9.686918218133873739e-06,6.299013422684410050e-04
9.982173140039974912e-01,5.893664644649942649e-04,1.000916763251749695e-04,8.851149306619585729e-06,1.084376705905640975e-03
9.987234625992635895e-01,3.755480108830804237e-04,6.136968499652059388e-05,4.896877863194556192e-06,8.347228269936346869e-04
9.974161725666398359e-01,5.140109500636235503e-04,8.360267469552223332e-05,7.957187780885135829e-06,1.978256620820098739e-03
9.993173391774161640e-01,2.427725935177449737e-04,3.543908304714899572e-05,3.325202856134013034e-06,4.011239431626879522e-04
9.988378482927378066e-01,5.176121947647048830e-04,7.414546074410030487e-05,5.524568228232643483e-06,5.648694835251013213e-04
9.990146573889104875e-01,5.790976236070034810e-04,7.949630808452630047e-05,4.791492168779054486e-06,3.219571872290975627e-04
9.994459120744400016e-01,3.368899133557169516e-04,6.205486427484865506e-05,4.836455607854379043e-06,1.503066923215190228e-04
9.995190479039745002e-01,3.336978868513592092e-04,6.175610487212644141e-05,4.433427438421981212e-06,8.106467686375229778e-05
9.977641545567982329e-01,1.843806805268462506e-03,2.162287004391970444e-04,9.071884736791104232e-06,1.667380527572733103e-04
9.954936612708306098e-01,3.937614712433147937e-03,3.156752054361215264e-04,1.286755145167272417e-05,2.401812598485395867e-04
9.945955831398125557e-01,4.474293038618344480e-03,6.949622889037281211e-04,2.183762564533139793e-05,2.133239070200734593e-04
9.849911850256977131e-01,1.318556792652724949e-02,1.397179849155892866e-03,3.275996865501368559e-05,3.933072299642149548e-04
9.972802147894076485e-01,2.095544980271531882e-03,2.829582552510744378e-04,1.261000614702731759e-05,3.286719689226838374e-04
9.995683309220265711e-01,2.791952331768095524e-04,4.586587539032283369e-05,3.627355874474421895e-06,1.029806135317909302e-04
9.994348292148478308e-01,4.233871757144195809e-04,6.961373445747783982e-05,4.757747765934591314e-06,6.741212721439315142e-05
9.972667335896490126e-01,2.381165389896121656e-03,1.989061473606037501e-04,1.074771383078297524e-05,1.424471592634676755e-04
9.985853594565025082e-01,1.229976649839217189e-03,1.283722231241654079e-04,5.964811873460103452e-06,5.032685866060120495e-05
9.961592166751358501e-01,3.467883663270924025e-03,2.848357933061819143e-04,1.023905776979572853e-05,7.782481051711297193e-05
9.912006430888751218e-01,7.700388854447845662e-03,9.748454514152592393e-04,2.300541700611373626e-05,1.011171882557033991e-04
9.935826690798256200e-01,5.524942976429586192e-03,7.832941472474112300e-04,2.047411626034300800e-05,8.861968023720365531e-05
9.985883084433077039e-01,1.232051837359102696e-03,1.344357896304243299e-04,5.229627571930140472e-06,3.997430213073039414e-05
9.993205754311298428e-01,5.637817647990367789e-04,7.448130149180539196e-05,4.692936372972601991e-06,3.646856620633475137e-05
9.992367256254161001e-01,6.517488713181289299e-04,5.728196901759579485e-05,2.968095423761724476e-06,5.127543882438720055e-05
9.993661652264349549e-01,5.423624997243906747e-04,4.335203597360674419e-05,2.415949701302456624e-06,4.570428816588780721e-05
9.994452796528848770e-01,4.715031314308460396e-04,5.068846686771433539e-05,3.214826239359059077e-06,2.931392257730959381e-05
9.996764051485356184e-01,2.656035949541721893e-04,3.071347903892835269e-05,2.267273664670825586e-06,2.501050380670694399e-05
9.987539638373643669e-01,9.969596713291536787e-04,1.573969701131971803e-04,1.111649725390348884e-05,8.056302393936598668e-05
9.991963997981901935e-01,6.308805158671287492e-04,1.237429750979203858e-04,7.095462725261248117e-06,4.188124811975273143e-05
9.992829620267733581e-01,5.310711257606084545e-04,1.508146678678347764e-04,7.730353323683528387e-06,2.742182627458000750e-05
9.993146524856791890e-01,4.970873302528774603e-04,1.293636622603783876e-04,8.070275937570023427e-06,5.082624587012138601e-05
9.989869653285654572e-01,7.433302715831117393e-04,2.016618865572747832e-04,1.138169940572584633e-05,5.666081388826274377e-05
9.994490753911644543e-01,4.144324114770296468e-04,9.591250448041895905e-05,5.721814136542183708e-06,3.485787874152833626e-05
9.984308186021378928e-01,1.223266096206251713e-03,2.683024611865220165e-04,1.387531187037764712e-05,6.373752859906499466e-05
9.997324600539578832e-01,2.106868714707866967e-04,3.808953108581638404e-05,2.391071516153662235e-06,1.637247196936396308e-05
9.997762033106945001e-01,1.729895353220892759e-04,3.381556749431808575e-05,2.181349675977848789e-06,1.481023681321141573e-05
9.997613315565386793e-01,1.846686751355257740e-04,3.253353267056514930e-05,2.360221637202272636e-06,1.910601401797974272e-05
9.998423682652339828e-01,1.218339996401438116e-04,2.036270427989203056e-05,1.486785752819194240e-06,1.394824509306424122e-05
9.996611206310354047e-01,2.711303877054914240e-04,3.366636261514392497e-05,2.633663184160005949e-06,3.144895545980337881e-05
9.991210768197895664e-01,6.562409896574636099e-04,8.007245669210922103e-05,6.625058852600911985e-06,1.359846750082612454e-04
9.995130017934575895e-01,3.929632291358317532e-04,4.065782712865031453e-05,2.621257482870915391e-06,5.075589279500414952e-05
9.994904510302421441e-01,4.244814663470369864e-04,4.268620787651113428e-05,2.534537804536936261e-06,3.984675772979949629e-05
9.979273856818915434e-01,1.751010982967691077e-03,2.351242128666574001e-04,7.358522232440893468e-06,7.912060004179870699e-05
9.988086718594532121e-01,9.577460579081149231e-04,1.543942264763344303e-04,6.054873856923953140e-06,7.313298230535807110e-05
9.996238961274932500e-01,2.916248987221698027e-04,5.429661534343337658e-05,2.919374815985016909e-06,2.726298362506695701e-05
9.995299875366048248e-01,3.575612229246345362e-04,7.620639022091041631e-05,4.510903200980977702e-06,3.173394704887409897e-05
9.994893506231867786e-01,3.825927122138673758e-04,9.157880842023236425e-05,5.095967173694389384e-06,3.138188900546461113e-05
9.993051576084440724e-01,5.264059429395487886e-04,1.310418653622094426e-04,5.235850585086254134e-06,3.215873266912401909e-05
9.989097457404751967e-01,8.712626636259642203e-04,1.667132626037515436e-04,6.384969793514531721e-06,4.589336350176479676e-05
9.994206876400197892e-01,4.438723655011140700e-04,9.073983938779565245e-05,4.218601079624378412e-06,4.048155401154876872e-05
9.997352586119203632e-01,1.997294997028119506e-04,3.894651012339422620e-05,2.187058586165395151e-06,2.387831966712517878e-05
9.992903815781677412e-01,5.340282575609306762e-04,1.177329696153399402e-04,5.301246292417998857e-06,5.255594836348799476e-05
9.985929143154795851e-01,9.842853694350648958e-04,2.626840985162798856e-04,1.348161347608253403e-05,1.466346030928757213e-04
9.992484503276722885e-01,5.446736320701479244e-04,1.317761206278314338e-04,7.499004784408352994e-06,6.760091484505289269e-05
9.996523704776081320e-01,2.515876971854569375e-04,5.720873674518747270e-05,3.793099474513103491e-06,3.503998898674504553e-05
