4.703776444200300499e-01,5.977300058524361200e-03,7.553457132276396313e-02,3.586717768020884489e-01,8.943870739659309788e-02
8.788424419684300881e-01,1.829277283809239638e-02,2.746573614598401061e-02,8.980191465417959595e-03,6.641885758207552448e-02
9.803008930044769809e-01,8.460187607373147525e-03,2.084726156016941841e-03,2.552239725399362848e-04,8.898969259592787867e-03
9.951973390260767660e-01,2.496343562751392620e-03,2.221158044584041306e-04,2.426664432758570916e-05,2.059934962385975843e-03
9.835907517868289762e-01,8.238418483232989170e-03,6.061640839029318762e-04,3.624480273817762727e-05,7.528420843296763226e-03
9.436376644085915366e-01,1.880050341870059816e-02,3.856499752909004451e-03,1.637746956483790645e-04,3.354155772415075981e-02
8.591267551284930137e-01,7.426751679061706704e-03,1.122860251569830076e-02,8.530275676309178722e-04,1.213648631091159558e-01
9.132144338920349380e-01,2.141466188351163341e-02,2.685932367313210306e-02,6.188657203640830730e-04,3.789271483095727616e-02
8.183059072985604532e-01,4.810107163633068478e-02,4.578583274179096746e-02,6.875839853171133477e-04,8.711960433800081116e-02
5.346173062812797916e-01,2.473784678591197106e-01,1.011887175130701949e-01,6.275075876552954320e-04,1.161880007588751290e-01
5.513852355930856097e-01,2.553659661446894269e-01,6.032338890107138279e-02,3.253315165096992072e-04,1.326000778446438655e-01
6.014829557090161094e-01,2.406200591700423941e-01,9.593478451481493585e-02,3.465621901614259598e-04,6.161563841596518626e-02
4.491637384863070293e-01,3.314254871287216075e-01,1.924255308109113771e-01,5.454947228284553942e-04,2.643974885123155996e-02
4.703212386411936841e-01,3.402731383841940960e-01,1.453201833717575608e-01,4.783793846374472945e-04,4.360706021821715572e-02
8.599907880966685125e-01,1.047967426261016410e-01,2.940141236253238088e-02,1.430516473535840914e-04,5.668005267344059482e-03
9.014582861913436052e-01,8.293493656613820653e-02,1.249304977126006536e-02,7.081673922890326361e-05,3.042910732029084284e-03
8.802376318190493487e-01,1.048490827400656300e-01,1.209266668246769712e-02,4.877864805473481382e-05,2.771840110362538794e-03
9.642988715389344545e-01,2.626115634451387654e-02,2.745854309727584555e-03,3.096800802250870204e-05,6.663149798801694217e-03
9.608771452369861965e-01,7.696717424819249712e-03,1.437197197954032373e-03,4.446460402047589536e-05,2.994447553622017061e-02
9.718516626388157276e-01,1.302379965889729737e-03,1.235276802211418166e-03,1.035354913111336943e-04,2.550714510177216898e-02
9.838012341365874880e-01,1.784205480436558237e-03,6.513131183021829808e-04,4.552483007519354433e-05,1.371772243459865211e-02
9.753054077214189377e-01,5.269147529276879335e-03,1.757806436359239752e-03,8.671477777446990709e-05,1.758092353517058670e-02
9.614359123959449471e-01,7.139207968276019972e-03,6.052368074387702405e-03,2.774361496154679010e-04,2.509507541177582318e-02
9.005722213438444035e-01,2.728915639392436379e-02,1.267403605923236171e-02,3.062573106229650043e-04,5.915832889237574582e-02
9.592065332580278492e-01,1.415754835924586813e-02,6.041943298356304212e-03,1.583419824718577690e-04,2.043563310189814436e-02
9.802942355506407690e-01,6.418824110020807626e-03,8.486267345128785389e-03,7.783334799558704878e-04,4.022339514253851084e-03
9.834322599119993402e-01,5.920430831459382211e-03,8.354732263519810270e-03,1.034408589164257210e-03,1.258168403857372504e-03
9.953368145428247438e-01,1.398709617284342281e-03,2.372833589102935244e-03,3.560189461828561241e-04,5.356233046051509352e-04
9.956255048643137817e-01,1.924059205026212036e-03,1.896003798566177432e-03,3.062830604607319289e-04,2.481490716330327561e-04
9.942499541256819562e-01,1.949004514041637005e-03,2.655513068715052282e-03,9.629351938751632605e-04,1.825930976861049105e-04
9.940280612667514726e-01,1.931563609276843244e-03,2.583329207363324522e-03,1.342874843769404150e-03,1.141710728390788051e-04
9.819365141043081557e-01,4.545859223650997212e-03,9.055031894805458739e-03,4.330766447631198383e-03,1.318283296041568601e-04
9.960570899207471518e-01,9.851248104422955041e-04,1.231148010494355653e-03,1.648621793528724571e-03,7.801546478731256429e-05
9.860829398610903018e-01,1.345457250686981580e-03,2.207507305634312609e-03,1.022093939734065003e-02,1.431561852476239587e-04
9.943187105184354557e-01,9.101254854234235893e-04,9.574271763391200164e-04,3.729013377478176093e-03,8.472344232370909495e-05
9.881707973782234422e-01,1.390808135013155925e-03,1.649053038769085966e-03,8.663552588628930032e-03,1.257888593655011734e-04
9.924365020673121540e-01,1.085369757084305928e-03,9.305905976667594188e-04,5.438923439304322108e-03,1.086141386325371996e-04
9.888002386864910287e-01,8.146544444465278088e-04,9.412088595664442996e-04,9.301555570799698719e-03,1.423424386962291106e-04
9.831914172307558708e-01,1.630805248788536142e-03,2.068733917799648464e-03,1.292214580786288369e-02,1.868977947929553502e-04
9.835598013783449778e-01,1.683664227835176804e-03,2.202506734082361212e-03,1.240460786680183669e-02,1.494197929356531733e-04
9.960332098395425771e-01,6.407988363659783589e-04,5.051279877186123750e-04,2.726148892889480087e-03,9.471444348339470311e-05
9.930078321922345408e-01,1.050248669765775113e-03,8.458501029248683767e-04,4.893078414429504093e-03,2.029906206453767868e-04
9.822394045475467683e-01,3.118218343928529611e-03,4.109456179042486612e-03,1.023152822982028795e-02,3.013926996620667174e-04
9.844446753564028985e-01,1.934463249340969727e-03,3.316716203984837203e-03,1.008768667009858622e-02,2.164585201726781992e-04
9.596759136726417116e-01,9.734955361644603150e-03,1.562700341256046885e-02,1.429289112617980820e-02,6.692364269733153473e-04
9.698165997797140170e-01,8.344117096006112635e-03,1.480500570360226975e-02,6.476595785029297565e-03,5.576816356483545655e-04
9.943777320292043198e-01,2.118924451628486239e-03,2.691710221804705615e-03,5.821959197788549459e-04,2.294373775837013174e-04
9.717221021854033358e-01,7.891994554701780434e-03,1.709406825240755712e-02,2.214257832788379347e-03,1.077577174699152415e-03
9.882214848780641603e-01,4.601636548282665024e-03,4.565531590698048911e-03,4.806943530365287106e-04,2.130652629918544649e-03
9.929063555988881795e-01,2.974318877215539458e-03,2.100429881747271129e-03,1.618974919906783798e-04,1.856998150158374345e-03
9.815441997430477405e-01,4.971919279151674857e-03,2.371361569712287544e-03,1.604764262605911144e-04,1.095204298182759703e-02
9.756050556842879029e-01,5.359514297588225881e-03,2.259284835620203966e-03,1.353111344715298239e-04,1.664083404803224156e-02
9.596994160264779028e-01,9.110553036392871756e-03,2.436000742222192358e-03,1.056198584697359242e-04,2.864841033643735629e-02
9.708089651767898287e-01,9.587003912236715178e-03,1.570509893910454870e-03,6.024888929329975576e-05,1.797327212776978281e-02
9.779402166410993136e-01,1.044039269680615591e-02,3.612291874490279782e-03,1.515630467248642245e-04,7.855535740879413670e-03
9.500394351715160113e-01,1.307546184548939380e-02,5.006750132318333289e-03,1.681878504419930941e-04,3.171016500023440127e-02
9.713646321832589692e-01,8.056644058541128500e-03,2.682271527447420770e-03,8.697471211189535499e-05,1.780947751864059986e-02
9.550440237534471022e-01,1.026844567047672900e-02,4.569502365558086865e-03,1.334615788039270436e-04,2.998456663171402900e-02
9.695366943845397101e-01,6.144471409706308250e-03,4.171831291877829175e-03,1.746562035836702698e-04,1.997234671029248995e-02
9.721176259542089193e-01,4.432675011176355484e-03,2.460077492004877561e-03,1.343932560670615018e-04,2.085522828654274782e-02
9.274910135029899028e-01,1.002965376025773299e-02,3.951752539070966901e-03,1.575421556431925790e-04,5.837003804203824697e-02
9.097827127863556962e-01,2.821620673887709901e-02,1.692163869942569371e-02,2.364601491128229152e-04,4.484298162622867012e-02
9.529167999192689198e-01,8.946547909044238328e-03,1.377637776985912201e-02,3.951617988493443066e-04,2.396511260297827864e-02
9.256191207563264634e-01,1.832442990656342474e-02,2.245678046009850354e-02,6.640472410320861834e-04,3.293562163597946874e-02
8.639010706528653660e-01,5.264218532073676460e-02,5.859014980138163575e-02,9.411810041326136578e-04,2.392541322088365813e-02
8.688813844125251595e-01,3.017819794365106389e-02,3.429983529141187454e-02,6.165690219474160780e-04,6.602401333046438447e-02
9.072202862338378804e-01,1.576044396131777436e-02,1.319889561445640631e-02,3.358915987783548610e-04,6.348448259160964502e-02
8.527710872185897406e-01,2.733708859774239969e-02,1.876525096028043918e-02,4.355718845304501811e-04,1.006910013388571945e-01
7.526285083410322319e-01,5.098084349022310308e-02,5.010864020657126994e-02,8.200702046793184163e-04,1.454619377574942474e-01
7.322976406046808329e-01,3.628665384262656779e-02,3.011164725105311066e-02,6.956856799728825024e-04,2.006083726216666696e-01
7.531154333158610603e-01,2.781309701023274364e-02,2.175316389933645497e-02,5.504313618905386837e-04,1.967678744126793444e-01
7.261195569835920960e-01,4.347147293536339496e-02,5.550908450903529329e-02,1.160863847579759892e-03,1.737390217244293988e-01
7.493240052120245798e-01,2.319491621469189566e-02,1.429425361763368187e-02,4.037784184753571591e-04,2.127830465371746416e-01
7.439239359947186214e-01,2.266299534444828068e-02,1.757593672436534235e-02,7.647082628531204655e-04,2.150724236736147876e-01
7.427322121326906945e-01,1.938958420426709420e-02,2.259906236204583391e-02,9.761551026688544642e-04,2.143029861983275219e-01
4.644618034575469512e-01,1.590022178778038864e-02,1.095290037551143597e-02,4.468708913479987562e-04,5.082382034878132337e-01
5.180697984914701681e-01,1.425092312817448879e-02,8.920604651894828430e-03,2.905307827246816714e-04,4.584681429457359014e-01
5.893642725139728311e-01,6.643385471480475236e-03,5.090768099056231823e-03,2.187966906044224412e-04,3.986827772248859314e-01
5.711366310888005282e-01,1.127728521153289684e-02,5.719266257328227930e-03,1.971496845929224229e-04,4.116696677577453833e-01
6.288268901383647913e-01,2.365914096050363361e-02,8.555830761205866081e-03,1.926330906653558081e-04,3.387655050492603959e-01
6.780064566807638693e-01,4.272684561455372676e-02,1.214202967584377887e-02,1.482914743866571745e-04,2.669763765544518885e-01
5.853162547959557260e-01,7.098777978376406839e-02,1.513328587255406005e-02,1.125522587214081643e-04,3.284501272890047452e-01
5.843231115012192944e-01,1.131542301227150132e-01,9.897632360896307935e-02,8.570100121953231568e-04,2.026893247549074184e-01
4.737244013843334711e-01,1.206574605051930482e-01,2.270069921193828555e-01,2.074976554628142969e-03,1.765361694364626088e-01
2.844081663045635588e-01,1.917764315865362890e-01,2.760494507153956611e-01,1.717669449770493212e-03,2.460482819437340152e-01
3.663696449603421890e-01,1.958256957792394171e-01,2.974705489681561121e-01,1.888080505083332243e-03,1.384460297871788759e-01
3.922935357666614831e-01,1.656076879218095210e-01,2.791025155895244247e-01,1.529882673201434038e-03,1.614663780488033162e-01
6.459861385395366806e-01,3.751738698001388234e-02,5.966683032994037766e-02,9.389793145222518267e-04,2.558906648359868252e-01
7.229114218562924243e-01,5.404259010663028939e-02,6.823904808977007685e-02,1.077427596023161540e-03,1.537295123512840700e-01
6.353082912195326948e-01,6.947653704549315579e-02,1.446294189241586203e-01,1.722581735732445392e-03,1.488631710750830117e-01
6.332190075829438047e-01,6.848567389816644091e-02,1.567143421545302562e-01,1.035645107617446390e-03,1.405453312567419566e-01
6.853129820874152012e-01,5.828121472611463849e-02,9.310600820901435148e-02,8.780547633920978735e-04,1.624217402140637201e-01
4.675748736469665379e-01,1.019593910773497480e-01,2.124822382792982411e-01,1.543675583611307930e-03,2.164398214127741527e-01
6.013084888199587974e-01,1.103972999192935067e-01,2.004450693007911732e-01,1.100599972999441933e-03,8.674854198695726437e-02
8.777128436924942489e-01,4.932049873699934084e-02,6.082162361835440068e-02,4.384547057041499160e-04,1.170657924644785859e-02
6.750106810631135712e-01,4.572193116240205746e-02,3.330144876471258231e-02,3.018451656075756885e-04,2.456640938441642108e-01
4.995212717823664383e-01,2.664076202819207900e-02,8.961643655539920997e-03,1.652374085847940538e-04,4.647110851253167807e-01
4.080331659368582331e-01,2.754836080006103222e-02,9.002997728850308662e-03,1.637975359469690190e-04,5.552516779982834549e-01
1.725893375221795312e-01,3.168052692686187943e-02,1.885431185772736690e-02,2.312094972873569246e-04,7.766446141959437721e-01
1.693361925843053506e-01,9.406538911581281692e-03,4.122430531138548786e-03,8.598028692256181379e-05,8.170488576860522878e-01
3.052565895102187787e-01,3.591952331302324802e-02,2.788625316779369881e-02,5.665944687249555673e-04,6.303710395402393196e-01
3.362072047297313127e-01,2.396758609040339910e-02,3.674699422667652982e-02,6.486845751615363028e-04,6.024295303780271560e-01
4.153395818558900388e-01,4.945907939516724222e-02,1.185454857604251871e-01,1.529267393365440217e-03,4.151265855951519201e-01
3.510403868853956277e-01,7.046127416894640283e-02,3.339643509501051266e-01,2.611632698300701133e-03,2.419223552972520619e-01
2.499813898629362208e-01,3.970843471885233955e-02,4.185702128234892183e-01,7.820758688575018755e-03,2.839192039061472217e-01
4.616222472773903740e-01,4.492531242871272701e-02,2.266866327354144783e-01,5.033970868070993150e-03,2.617318366904115567e-01
9.899028078079920023e-01,3.008778602123549084e-03,2.233600310489525665e-03,8.970440785178957974e-05,4.765108871542994562e-03
9.875417329592260929e-01,2.424864051035091617e-03,8.915778975785291398e-04,3.727268894333183870e-05,9.104552403216921788e-03
9.750934796704120444e-01,4.805123968655152303e-03,1.075279447920904309e-03,4.866954354297126328e-05,1.897744736946886668e-02
9.135829561385164777e-01,8.647323045710305495e-03,3.302207013489215533e-03,1.614456905069746478e-04,7.430606811177714599e-02
8.613055746593393236e-01,1.658794489995273416e-02,6.794602588329943203e-03,2.575598721320593656e-04,1.150543179802459293e-01
6.642516757819509898e-01,2.523690253657528970e-02,8.603224643300625904e-03,2.818127367720469007e-04,3.016263843014010404e-01
5.394431801585100050e-01,9.982913829401005024e-02,8.380828169443732545e-02,1.629358494502845594e-03,2.752900413585398498e-01
3.689737238134637165e-01,8.079672647790774043e-02,4.247977668972725135e-02,5.929005717028555666e-04,5.071568724471985368e-01
4.390876288244031089e-01,5.104365763937930567e-02,2.686423276332463791e-02,4.480677823729803302e-04,4.825564129905198785e-01
4.325306943498430923e-01,7.945715260789146250e-02,7.912620939277560661e-02,1.203954335457178013e-03,4.076819893140327111e-01
5.026363530130311119e-01,9.041117490694401682e-02,1.884301010170086055e-01,3.283422268521772342e-03,2.152389487944945390e-01
4.458756055004992058e-01,1.227161120261981986e-01,1.417786335446576673e-01,1.905602936175582966e-03,2.877240459924692573e-01
5.143974511676290273e-01,5.920123165925562925e-02,5.956017746723566569e-02,1.348858442522023020e-03,3.654922812633577545e-01
4.781561469430915534e-01,5.550129349518543448e-02,7.653984387601771300e-02,1.574145989519067264e-03,3.882285696961863541e-01
4.301007799580504609e-01,7.287744919980360114e-02,8.681565178116387727e-02,1.729508855819133703e-03,4.084766102051628489e-01
5.010810883996235088e-01,9.729560618428526042e-02,1.056999028091098747e-01,1.204122138737313266e-03,2.947192804682440825e-01
6.932249379553145907e-01,8.811574724663528979e-02,4.655271955281146262e-02,4.487365093651956194e-04,1.716578587358736085e-01
5.705216363047238559e-01,7.654899796991104788e-02,7.016086619686869030e-02,8.484289947179204754e-04,2.819200705337784330e-01
4.823638874617858230e-01,1.085666666577743411e-01,2.369280295301195438e-01,2.711004578998870915e-03,1.694304117713213709e-01
4.385461399823462059e-01,1.596174772615712445e-01,2.020715124795240958e-01,1.517020042250898527e-03,1.982478502343075211e-01
5.446031611454174026e-01,8.612367800573585142e-02,2.151420101480903679e-01,1.959370351978164705e-03,1.521717803487782072e-01
5.308867061545389232e-01,1.475749412536897232e-01,2.051591289923135608e-01,1.331813941425093531e-03,1.150474096580327982e-01
4.060613681572385891e-01,1.283462780189737196e-01,2.293705894438097526e-01,1.881989989712609754e-03,2.343397743902653763e-01
2.763904419342754215e-01,1.432821258309479318e-01,3.413450638612236521e-01,2.396990002454416763e-03,2.365853783710986369e-01
1.695322491531091047e-01,1.316998109219270074e-01,5.538127952610522042e-01,3.038709616509949543e-03,1.419164350474018121e-01
1.923707843617028512e-01,1.530037848676997214e-01,4.727372919830348796e-01,2.299168060406126153e-03,1.795889707271564606e-01
5.302406702124294879e-01,1.216321730747568775e-01,2.248982339571579947e-01,1.142915200494448507e-03,1.220860075551611218e-01
2.900531043748966198e-01,9.232704986092073185e-02,3.062323158381599630e-01,1.850004789307289161e-03,3.095375251367154523e-01
4.396170374029955696e-01,7.620913238021910507e-02,2.815194890475934408e-01,2.527984364363351170e-03,2.001263568048285146e-01
3.945531862095851827e-01,2.067586610612028586e-01,2.033928786452441906e-01,8.636078863080010179e-04,1.944316661976598359e-01
3.524582917776022950e-01,2.213482257655157437e-01,2.290754690593522769e-01,8.562608758344619937e-04,1.962617525216953096e-01
2.234379788579513859e-01,3.113419628038071041e-01,2.639388053685988167e-01,6.758975380413216301e-04,2.006053554316012955e-01
1.503235443024493190e-01,3.513787361321188407e-01,3.124363297573601872e-01,7.990283094449416972e-04,1.850623614986267318e-01
8.091092254021632624e-02,2.295730263336784316e-01,5.468253272329032244e-01,1.135889785522367157e-03,1.415548341076796890e-01
1.612047075331832224e-01,2.059369775169698769e-01,4.104211771658506369e-01,1.239535020002998983e-03,2.211976027639932230e-01
1.749962504073083180e-01,9.440612907579849777e-02,1.262814661813869699e-01,4.035730044130159122e-04,6.039125813310930457e-01
1.200680570501345829e-01,7.993047688175283771e-02,9.900956534716706670e-02,4.249838608013375789e-04,7.005669168601441621e-01
2.479083873062716825e-01,4.313267227552131794e-02,5.079747034542992506e-02,5.276846015688326690e-04,6.576337854712084319e-01
2.155842379775418649e-01,9.475922530147225242e-02,3.255728902459051333e-01,1.971244692048714810e-03,3.621124017830320008e-01
1.638225093836913893e-01,1.243472467402498144e-01,4.182730516380737118e-01,1.931860611261542338e-03,2.916253316267234941e-01
2.048579752856673208e-01,5.909434712777290877e-02,6.741739987138258006e-02,4.389543751678166524e-04,6.681913233400093022e-01
1.205385147857000044e-01,8.622451728950716876e-02,8.723505019855413989e-02,6.369970045169431752e-04,7.053649207217218553e-01
1.789771096317371302e-01,1.191599903609138339e-01,7.728968863092350317e-02,6.689501140666831523e-04,6.239042612623588724e-01
2.523863736470068897e-01,4.643398201498171590e-02,3.660474972097282204e-02,5.489128477237253424e-04,6.640259817693148214e-01
5.235938622899286576e-01,3.315654212546600282e-02,5.489564094054753124e-02,1.288257628258397463e-03,3.870656970157994592e-01
8.303459797641763451e-01,1.356211844104652196e-02,1.202766545717175173e-02,3.285674751211674393e-04,1.437356688624841783e-01
6.154109575531188092e-01,1.108914462588463448e-02,3.726316647136295856e-03,1.169313792801824790e-04,3.696566497945800722e-01
4.170348253328577393e-01,1.809500993052747669e-02,4.331956045660289439e-03,7.038535975282420802e-05,5.604678233312017088e-01
4.604123634453868297e-01,9.786622353852445638e-03,2.008039398407342798e-03,4.369061367755026069e-05,5.277492841886757269e-01
3.220745653714306433e-01,6.669807682456013395e-03,1.577389166866905714e-03,3.938113702488370971e-05,6.696388566422215582e-01
7.468510585703767024e-01,1.574889754785663634e-02,4.860185249454658692e-03,1.027740685913978497e-04,2.324370845637204475e-01
5.419799108016194467e-01,1.159289451637638378e-02,7.156606174548036867e-03,2.849699854958971158e-04,4.389856185219602747e-01
5.311174732715120417e-01,8.941465798205155621e-03,2.569109374654866135e-03,9.586449444458195975e-05,4.572760870611834449e-01
9.680000967209306806e-01,5.187824206647650982e-03,7.705547932200010851e-04,2.878782252766667844e-05,2.601273645667399187e-02
9.567387172249073313e-01,7.375249187363024789e-03,9.719527782192753651e-04,4.756826908499940231e-05,3.486651254042539422e-02
9.093989615000954707e-01,1.405906139039765461e-02,3.094988660911034140e-03,1.470429998053094582e-04,7.329994544879066265e-02
9.575449898193079123e-01,1.983160743725922992e-02,3.555717015870634573e-03,8.438267891457200106e-05,1.898330304864777676e-02
9.854499840692344526e-01,1.012005351044878952e-02,1.387122666214295067e-03,5.038579050812366122e-05,2.992453963594346629e-03
9.949518171883166007e-01,3.740716057202166881e-03,3.147623707237911898e-04,1.470240037887823884e-05,9.780019833785591823e-04
9.955531463391640301e-01,3.546741978386746576e-03,1.441702779933265975e-04,7.537375193253443420e-06,7.484040292626354318e-04
9.976920528563765211e-01,1.877760615957244431e-03,9.066167245708742824e-05,5.129391834573749827e-06,3.343954633745310464e-04
9.985834631449560517e-01,1.197550833107395487e-03,5.840434288188686978e-05,3.493741293653708981e-06,1.570879377610129215e-04
9.968598992273083326e-01,2.814745183975352755e-03,1.239346799519245137e-04,5.952274339602059947e-06,1.954686344248773714e-04
9.990694610297459199e-01,8.055597902495068539e-04,4.000795546230240100e-05,2.518717783201925821e-06,8.245250675909302461e-05
9.985457669291516458e-01,1.289084968770272573e-03,6.775665589538522489e-05,4.140849301110876008e-06,9.325059688167574808e-05
9.986092314715123708e-01,1.229874117407664044e-03,6.387121021317799954e-05,4.230818246241590439e-06,9.279238262042686686e-05
9.965742940670800909e-01,3.119867396436334841e-03,1.358563490561495528e-04,7.239345992489617498e-06,1.627428414348713859e-04
9.955445660895109183e-01,4.111103886744018991e-03,1.676086527698330316e-04,6.808946424211527836e-06,1.699124245509838686e-04
9.970689570081171516e-01,2.671426149498281992e-03,1.084239680460549261e-04,5.368008426277676000e-06,1.458248659120610401e-04
9.971721338829203640e-01,2.548620394977597209e-03,1.106822090341413233e-04,5.911484590636858946e-06,1.626520284771671310e-04
9.981308548507326073e-01,1.698350493973714310e-03,7.612772237933500448e-05,4.390592837486813662e-06,9.027634007682308062e-05
9.974852696794502815e-01,2.293949212831022759e-03,1.114266896647516178e-04,6.032409241934146054e-06,1.033220088119870942e-04
9.979667379344494549e-01,1.872779646689912971e-03,8.193201752744317507e-05,5.007396370313652780e-06,7.354300496289071826e-05
9.973010247011707685e-01,2.451367952485830094e-03,1.376401940979091491e-04,9.563436773987511752e-06,1.004037154715996033e-04
9.966535040897523956e-01,3.032056017685336689e-03,1.922666072506148017e-04,1.148321234850808585e-05,1.106900729629284362e-04
9.952533944777561814e-01,4.360402751425788113e-03,2.309221591027569795e-04,1.088581669439488318e-05,1.443947950208354333e-04
9.947406098600924951e-01,4.900747876177904971e-03,2.039272429864770367e-04,8.527218388394766974e-06,1.461878023547190299e-04
9.947069696031695107e-01,4.922481521366024390e-03,2.141640142551211768e-04,9.068842554908087389e-06,1.473160186545063898e-04
9.931235766287124234e-01,6.358613571167315640e-03,3.129333509305298549e-04,1.038547187383426039e-05,1.944909773159756144e-04
9.922112493197781102e-01,7.249228694781374716e-03,3.136529879568556865e-04,9.529060288178894950e-06,2.163399371955505119e-04
9.943108922784584802e-01,5.242698248266580534e-03,2.425190727322758364e-04,8.854196493796128548e-06,1.950362040490168807e-04
9.477003793806517695e-01,4.874096790751632907e-02,2.551070788673844014e-03,2.446212452083382683e-05,9.831197986371177731e-04
9.789058245785969836e-01,1.852156163374687678e-02,1.594885210718558367e-03,1.934284954042230208e-05,9.583857273971293665e-04
9.948199939005608616e-01,4.490916435951780930e-03,3.649036189543884202e-04,7.864334023997720632e-06,3.163217105090746395e-04
9.718749861384757827e-01,2.307245287887890739e-02,3.001128204547497905e-03,7.239739344817890847e-05,1.979035384649586136e-03
9.427919750352523609e-01,4.572621819854141845e-02,4.231181425835238256e-03,7.904995785559915350e-05,7.171575382515394705e-03
9.879773930818515071e-01,9.573806153191916427e-03,8.708049292613362618e-04,1.790639852316968275e-05,1.560089437171922758e-03
9.915255183554895213e-01,7.031749064348498217e-03,3.812458131174019144e-04,1.100412546851169417e-05,1.050482641576076272e-03
9.808208230768122871e-01,1.718946713998637313e-02,7.114990632897860495e-04,1.759639487736703011e-05,1.260614325034213265e-03
9.826403494637391267e-01,1.532734861681834919e-02,5.519912730401002349e-04,1.320760276359320972e-05,1.467103043638904106e-03
9.771942651870155760e-01,2.035753932934973934e-02,7.739386458130333157e-04,1.717918357553777954e-05,1.657077654246241673e-03
9.776443554543672310e-01,2.028351908315034410e-02,9.015094828857608822e-04,1.715032284251257394e-05,1.153465656754156486e-03
9.779040166945375256e-01,2.009947143185147889e-02,6.817207492355618556e-04,1.293460031745560885e-05,1.301856524057819382e-03
9.286887489587435374e-01,6.540229338049494134e-02,1.891215972315640021e-03,1.471868540284432878e-05,4.003023003042939683e-03
6.387873464106010868e-01,3.362912831287819260e-01,1.505722524249361247e-02,6.221893231510071084e-05,9.801926285808408926e-03
8.336341823814874541e-01,1.458223059078047612e-01,1.105364297719830385e-02,7.320619275326022883e-05,9.416662540756456229e-03
9.171855610518178104e-01,4.647720462925426094e-02,2.602265687445063421e-03,3.517197116913953219e-05,3.369979666031380772e-02
9.832901099086487351e-01,1.161559871311484624e-02,7.277773905867750354e-04,2.086485022364532166e-05,4.345649137426027195e-03
9.904645098915110246e-01,7.434430827396321280e-03,3.287881868665508216e-04,1.294491197334192481e-05,1.759326182252476641e-03
9.870034359693578008e-01,1.076009988454562291e-02,5.705721294535819532e-04,1.625304896475615756e-05,1.649638967678330841e-03
7.880935054197337752e-01,1.953426103845903039e-01,5.497794031526578515e-03,5.395451115275652713e-05,1.101213565299663001e-02
6.188103540207450237e-01,3.507840349066114194e-01,1.022778391554076023e-02,5.432797342255981944e-05,2.012349918368045235e-02
8.426435921993113976e-01,1.406410313689784308e-01,5.578512519504446286e-03,4.439913562509533503e-05,1.109246477658045425e-02
8.970310010023566649e-01,9.066175179283764152e-02,3.840779341328984502e-03,3.696531228165156308e-05,8.429502551195004745e-03
9.438502121043389481e-01,4.932012639907392554e-02,2.879291808185893177e-03,3.388553474880616749e-05,3.916484153652458403e-03
9.008018813739684383e-01,8.911504582177347256e-02,4.266087237283758618e-03,3.720976394122933614e-05,5.779775803033252758e-03
7.777771072140562403e-01,2.043348451718333958e-01,7.351018494775405504e-03,3.713238377479675500e-05,1.049989673556017689e-02
3.138473323054870590e-01,6.444071318306618945e-01,2.275345746422829246e-02,4.593835048689551439e-05,1.894614004913587960e-02
6.964772428383383396e-01,2.734240763583167255e-01,1.855185512789320548e-02,7.267876354960105300e-05,1.147414691190215552e-02
9.246730279491265359e-01,6.732844429938565634e-02,3.950218752413537857e-03,2.996875068499032333e-05,4.018340248389379830e-03
9.555737036655108652e-01,3.955672501481259651e-02,2.719189261197165787e-03,2.452899213270552249e-05,2.125853066346523358e-03
9.922503476714580328e-01,6.802655983944481781e-03,5.375448078588995022e-04,9.385526438737543507e-06,4.000660102999494525e-04
9.828307657844859158e-01,1.539604517007224158e-02,9.471218104860154195e-04,1.507742736978769100e-05,8.109898075861079287e-04
9.727166040064263441e-01,2.472798249875218096e-02,1.270447407013211615e-03,1.824085686446902198e-05,1.266725230943743091e-03
9.894905862280362063e-01,9.390789665158128310e-03,5.954067391144379860e-04,1.204855012207068686e-05,5.111688175692320367e-04
7.498818546008926278e-01,2.376261375632140183e-01,7.462070908998052511e-03,4.160409185899934664e-05,4.988332835036387962e-03
9.099074216220077727e-01,8.253734206840676602e-02,5.116576229157283710e-03,3.739949550236016344e-05,2.401260584925948936e-03
9.882571705938695272e-01,1.065455099762218673e-02,5.205584075296498499e-04,9.296059632673114978e-06,5.584239413458760891e-04
9.801764067842535511e-01,1.802036981666499393e-02,6.907225028795001449e-04,1.209604680552592716e-05,1.100404849396371520e-03
9.614978050597633441e-01,3.562172820530975365e-02,1.187941195781078716e-03,1.570264262246852361e-05,1.676822896523440893e-03
9.684214214389832431e-01,2.900535225486157789e-02,1.247585890409426369e-03,1.316058627603979490e-05,1.312479829469572531e-03
9.744897200200015597e-01,2.323525770333489948e-02,9.528160131361348593e-04,1.086462622535763073e-05,1.311341637302166057e-03
5.554198229754682137e-01,4.253337103001925690e-01,1.390785761264083653e-02,5.120245861523128330e-05,5.287406653083268591e-03
5.834387767221211885e-01,3.834226871187295105e-01,2.657090892578790886e-02,7.953682008750982853e-05,6.488090413274049707e-03
4.373170445368383397e-01,5.189687169188382798e-01,3.703735148780343961e-02,8.930731666653140698e-05,6.587579739853310218e-03
1.533559436417327726e-01,7.909173317832789429e-01,4.780742028484673278e-02,4.434550091329456361e-05,7.874958789228364564e-03
6.064162579150116777e-02,8.561776896548679572e-01,7.639173529741637159e-02,4.719173825729863943e-05,6.741757517957088809e-03
2.709995907658142855e-02,8.433228731214648111e-01,1.254949676590500773e-01,4.635090544873021588e-05,4.035849237455002916e-03
2.577960746202022022e-02,8.377714692582856060e-01,1.292038525961982931e-01,3.984774239000328597e-05,7.205222941105870159e-03
3.960084181393398739e-02,7.896378257714222748e-01,1.621839097944473840e-01,6.731735531008729368e-05,8.510105264886148185e-03
4.485311933308934462e-02,7.931434377814609027e-01,1.416939810886277684e-01,6.736345383827353338e-05,2.024209834298351315e-02
2.374151921139763463e-02,7.488942552011829124e-01,2.130376383881740776e-01,6.320984932722807875e-05,1.426337734991827734e-02
2.133496499599482274e-02,7.080283066585142393e-01,2.547410986781481479e-01,8.779573367808125579e-05,1.580783393366470835e-02
1.290091333326427898e-02,6.314663135435286678e-01,3.287147166011504251e-01,1.290503965399945722e-04,2.678900612551661509e-02
1.247579179382424935e-02,5.153847983686165035e-01,4.416941380212657253e-01,1.458299799519290540e-04,3.029944183634177349e-02
7.683670944239824434e-03,4.207290166739419135e-01,5.405692699163361370e-01,2.163489344482814175e-04,3.080169353103387117e-02
5.275687991621447540e-03,1.935373996176873723e-01,7.918202472105797529e-01,3.857860782716754865e-04,8.980879101839828876e-03
4.909516840844402839e-03,2.384829196917255534e-01,7.414418319368616395e-01,3.338881954955992136e-04,1.483184333507272558e-02
3.864269652242889944e-03,1.906877356021042802e-01,7.886995777000798125e-01,3.757341188107834952e-04,1.637268292676229142e-02
3.606403654686594646e-03,1.862717733140274723e-01,7.993473640691274307e-01,2.137885075702478154e-04,1.056067045458830393e-02
2.616801292247765247e-03,1.488451609720769508e-01,8.398179803295992008e-01,2.778008981360165978e-04,8.442256507940028992e-03
3.583368557072817099e-03,1.868009729103249639e-01,7.984323850231183073e-01,2.321786538166175577e-04,1.095109485566722954e-02
5.630749450135384693e-03,2.113300444071388728e-01,7.739754243772073439e-01,2.031624361843624503e-04,8.860619329334032401e-03
9.444087278507559344e-03,3.163879087581009664e-01,6.592520883772343687e-01,1.983674408527330557e-04,1.471754814530421701e-02
2.848200544086423175e-02,3.030016421470129728e-01,5.437372586182529499e-01,2.702773117562550084e-04,1.245088164821135518e-01
8.457757260336957739e-01,9.031222331457672281e-02,4.244163483661664293e-02,1.305683127681219900e-04,2.133984750234282218e-02
9.734899900319744503e-01,1.907100507342173942e-02,5.038956988011318409e-03,4.176852560927829354e-05,2.358279380983107493e-03
9.817109135770801798e-01,1.497677973700301327e-02,2.174583833163743190e-03,2.517518973469717354e-05,1.112547663018540432e-03
9.961604016300316111e-01,3.227258542066524256e-03,3.901134815303312171e-04,8.143956675929964187e-06,2.140823896954989209e-04
9.824538834086045114e-01,1.601577042638918300e-02,1.043695727028062618e-03,1.324450206826536216e-05,4.734059359100340272e-04
9.345648013479340710e-01,5.694791587823917062e-02,4.630980098109243638e-03,4.471990401060786403e-05,3.811582771706877211e-03
9.885947541328524713e-01,9.940805598266239107e-03,8.547271635292852778e-04,1.226696584338980150e-05,5.974461395085261086e-04
9.807316056061440301e-01,1.701461815131443192e-02,1.747406232158399669e-03,1.831049113256083140e-05,4.880595192506137492e-04
9.970704215274734938e-01,2.514922608109837823e-03,2.635594669062074516e-04,6.186904377599474970e-06,1.449094931327996820e-04
9.912730220098123768e-01,7.666263156666890816e-03,6.159297785972555478e-04,1.331964092039225134e-05,4.314654140031247138e-04
9.927796688094665534e-01,5.676884594994000346e-03,5.923103102091058789e-04,1.671479951201756446e-05,9.344214858183400420e-04
9.908839569505754064e-01,7.003255173059605605e-03,8.773104129669944372e-04,2.194130912254062317e-05,1.213536154275408072e-03
9.963296111014449119e-01,3.018496654313803946e-03,3.244534073412626545e-04,9.357610373636677639e-06,3.180812265265509954e-04
9.957176462814202322e-01,3.774124370519990352e-03,2.754730466850967437e-04,8.152517083812627852e-06,2.246037842908956057e-04
9.988239856572008746e-01,8.017706066801120069e-04,8.992552598714200190e-05,5.470964335123753754e-06,2.788472457966552007e-04
9.982567697895136094e-01,1.374825999949225511e-03,1.398902836379806061e-04,7.396989160427886457e-06,2.211169377386758696e-04
9.947724081883375646e-01,3.995966711159176787e-03,4.919016490794007879e-04,2.461650675479959768e-05,7.151069446691321651e-04
9.518567074675603479e-01,3.325041528778819450e-02,7.614599613994754886e-03,2.043009384038073297e-04,7.073976692252740422e-03
7.732270818678005364e-01,1.843480087509069831e-01,2.976002629529585913e-02,2.106166730913692933e-04,1.245426641290545318e-02
7.202971785943411698e-01,1.870990726264922799e-01,7.563256701515919112e-02,3.081861793362498502e-04,1.666299558467106146e-02
8.689601127513156831e-01,6.827692686077931061e-02,5.434771209776025069e-02,2.511411061484173941e-04,8.164107183996295938e-03
9.506867202019957386e-01,2.878059859421593786e-02,1.811718008175304540e-02,1.547738844532991500e-04,2.260727237581961618e-03
9.561404369328625474e-01,2.279894930954728602e-02,9.341569682439432309e-03,2.029214993821931809e-04,1.151612257576855106e-02
8.706606247707600055e-01,9.272514542376582292e-02,1.604123247477018399e-02,9.522575599972995088e-05,2.047777157470432804e-02
9.608557027365189906e-01,2.144858698521746529e-02,3.428412615056634135e-03,3.346905759408861785e-05,1.423382860561280688e-02
9.542887188027272538e-01,2.638696889118723882e-02,6.291769348285312924e-03,5.086517757433666576e-05,1.298167778022580286e-02
9.316563521696893391e-01,4.662006230686598779e-02,1.102748930367792105e-02,6.345730428751331694e-05,1.063263891547931890e-02
8.578450277401700186e-01,1.053951846821294114e-01,1.768496370373802418e-02,9.011763289826257069e-05,1.898470624106420035e-02
9.106409370807727610e-01,6.067741867533457678e-02,1.764180004645784366e-02,7.265988044981454676e-05,1.096718431698493097e-02
8.246079719884819026e-01,7.101748618262804236e-02,1.727773042067098225e-02,1.768346702574987079e-04,8.691997673796149348e-02
6.851412354195109966e-01,6.435820421216119358e-02,1.896153090959875470e-02,3.212843308800451196e-04,2.312177451278489837e-01
7.084482457897973706e-01,8.675271105192587651e-02,5.128908323788217150e-02,9.978122688883983571e-04,1.525121476515061414e-01
5.063104492023576819e-01,1.743972725716460004e-01,2.487566786612452341e-01,1.883278006233204439e-03,6.865232155851787310e-02
5.037426226076696656e-01,9.009803671918777124e-02,3.340558017954279313e-01,2.599188523100039953e-03,6.950435035461455247e-02
5.179401755025052623e-01,1.003342670775343032e-01,2.831788636301407758e-01,3.557711614251916118e-03,9.498898217556779600e-02
4.925367811934317497e-01,1.128340127536910514e-01,3.448173438932016777e-01,2.736385100696705347e-03,4.707547705897876383e-02
4.526903479554745813e-01,1.007454885773818865e-01,4.097250884975902063e-01,4.068425012675042085e-03,3.277064995687832549e-02
2.819155440415204161e-01,1.866683164401024553e-01,4.205129010507197562e-01,2.848676923135897224e-03,1.080545615445214908e-01
8.605541601742666691e-02,6.952303850923417794e-02,7.763962282526983838e-01,5.570991434444175043e-03,6.245432578619659197e-02
2.656167671147594556e-01,5.265221641494574611e-02,5.586415934715117659e-01,6.832400706210449252e-03,1.162570222925725372e-01
3.134582826827486124e-01,4.624449148510385160e-02,4.851908029059798233e-01,1.637412406397716069e-02,1.387322988621904896e-01
1.443403145467543336e-01,6.928305757142960708e-02,6.017212634299724527e-01,1.269959381933639594e-02,1.719557706325073043e-01
1.218802234821728531e-01,1.106691211380006895e-01,4.308502611348500322e-01,3.296437670052334516e-03,3.333039565749240651e-01
2.340087144917926132e-01,1.153245971857584234e-01,2.679442510522596077e-01,2.783442833152137245e-03,3.799389944370372141e-01
1.696929987259701567e-01,9.966074802284190237e-02,4.207866832759407094e-01,3.531011486693155094e-03,3.063285584885541701e-01
2.960208288481723238e-01,1.025605705717520522e-01,3.639637095986143489e-01,3.203001680072792810e-03,2.342518893013884884e-01
1.710694769975017737e-01,1.164265601850997811e-01,2.895857044218819176e-01,3.335847675952062410e-03,4.195824107195644248e-01
1.904335172708475354e-01,9.281211302278642716e-02,1.990588057968351310e-01,1.905078900715552860e-03,5.157904850088153026e-01
2.009823718719410957e-01,6.967002746882750008e-02,4.103131342045205909e-01,7.578240665867909398e-03,3.114562257888428554e-01
2.307544905098053711e-01,2.718017940107180994e-02,3.093548401242829371e-01,7.167892555425130728e-03,4.255425974094148023e-01
2.410502497308578407e-01,5.813334625472309225e-02,4.446174372348047354e-01,5.251918868294395970e-03,2.509470479113198871e-01
1.326472633853632566e-01,8.889557689796011297e-02,3.659528466796929669e-01,2.463633858378161748e-03,4.100406791786054272e-01
1.641530201202153483e-01,1.486672322625245679e-01,3.371241181147637267e-01,1.483928767634865638e-03,3.485717007348615448e-01
1.212963123079044830e-01,1.166053774118932101e-01,4.952343973897057050e-01,2.111900259153640710e-03,2.647520126313429589e-01
1.239941772078256982e-01,4.978370417177428037e-02,1.241077796705600811e-01,1.218092104826891571e-03,7.008962468450130601e-01
8.750013039693534111e-02,4.872464601960422442e-02,7.492693605709505045e-02,6.996226318242979633e-04,7.881486648945410511e-01
7.742178194046736572e-02,7.470091764363036291e-02,6.724942977533449051e-02,4.162698361024991201e-04,7.802116008044652773e-01
5.830794050661244898e-02,3.987088949237646562e-02,7.932106666756766344e-02,4.536524541770621424e-04,8.220464508792663105e-01
5.409476910211119538e-02,7.071806482968168162e-02,6.843576733232430154e-02,3.677019990046924013e-04,8.063836967368781528e-01
3.611337183401593098e-02,4.496319798769032872e-02,3.505349750381009377e-02,1.882719083657237588e-04,8.836816607661179823e-01
4.030941993901640541e-02,3.800927623403235062e-02,3.282534997040734148e-02,1.589097170145246235e-04,8.886970441395292131e-01
3.391921633062468244e-02,2.412083388964010588e-02,7.806293950924581004e-03,4.505316998627173264e-05,9.341086026588244495e-01
2.304876390220129620e-02,2.001164165619735355e-02,6.993197131670274985e-03,5.738891593086972362e-05,9.498890083940002560e-01
2.294979785156108995e-02,1.083858112090115185e-02,2.968641712588193475e-03,2.673958624707001273e-05,9.632162397287025168e-01
2.001668289250083110e-01,2.448667994857207930e-02,4.809572044191015236e-03,6.393511627356648940e-05,7.704729839659547608e-01
1.726670528156036277e-01,1.725252276584980649e-02,3.276437133828185612e-03,5.302014986855142439e-05,8.067509671348497280e-01
2.643041795591668519e-01,2.365504880261989212e-02,1.295709607117699266e-02,3.681863785154762883e-04,6.987154891885207775e-01
1.766514225668496529e-01,1.787174874716195364e-02,6.532837923815574058e-03,1.927906891986453676e-04,7.987512000729741768e-01
1.470481985768379851e-01,5.025661615617144778e-02,1.087808687310766811e-02,2.098436899665868515e-04,7.916072547039162410e-01
9.481795896472106078e-02,5.579823980428592900e-02,1.372076441307545046e-02,2.419080009710092587e-04,8.354211288169464122e-01
8.665967274082883587e-02,6.328722673410673571e-02,1.504747744958927561e-02,1.702489135988204973e-04,8.348353741618764756e-01
1.289702163191865647e-01,9.873712795785921648e-02,2.608948081318357079e-02,2.006563125814099860e-04,7.460025185971891348e-01
1.168573438282982657e-01,1.342819935279160881e-01,4.777080567676313116e-02,2.486715530655586332e-04,7.008411854139570130e-01
6.723232661572277336e-02,1.017719570585792349e-01,6.682325346903056351e-02,2.708343573724533693e-04,7.639016284992947714e-01
3.311476491001270200e-02,9.988727160133968608e-02,5.693883782386999215e-02,1.649431076846509330e-04,8.098941825570931119e-01
3.461715387956256634e-02,1.032107818185883791e-01,9.062225698445318389e-02,2.632154397780484163e-04,7.712865918776179441e-01
2.646994478585746463e-02,1.339642721850197449e-01,8.881736717432009431e-02,1.902447989410343458e-04,7.505581710558617559e-01
3.815586785895937888e-02,1.826642385372577171e-01,1.175912999092966205e-01,2.475307335411942411e-04,6.613410629609451918e-01
4.091596163061632374e-02,1.976413267935699936e-01,1.751015570053403303e-01,2.740933143008000058e-04,5.860670612561725834e-01
3.016317434441371723e-02,2.166104602998367157e-01,2.079661795354661724e-01,3.475410012251225816e-04,5.449126448190583227e-01
7.598675412424629738e-02,2.535504365928332726e-01,1.543632675087253381e-01,3.827294600326898400e-04,5.157168123141624427e-01
9.076229247408997003e-02,2.425917411153359071e-01,2.172772011175187479e-01,4.068239041887695973e-04,4.489619413888666366e-01
5.786406076575870833e-02,1.058784894971319807e-01,6.285973170352680828e-02,1.702620526228285839e-04,7.732274559809597658e-01
3.950896176348266120e-02,1.590332774043911046e-01,5.786479204545733057e-02,1.272324384043688964e-04,7.434657363482645165e-01
2.551088105726053920e-02,1.859584518897867689e-01,5.846749079559407369e-02,1.012069683620835738e-04,7.299619692889965927e-01
2.240416086608322185e-02,1.730521994513056494e-01,7.065547456915190205e-02,1.175038545806006911e-04,7.337706612588785759e-01
2.295481122189276316e-02,1.602504436586344727e-01,1.214788009056725487e-01,2.686582343041696687e-04,6.950472859794959435e-01
4.096650468042146304e-02,1.691037929770950465e-01,8.466785536179219362e-02,2.188380532081791628e-04,7.050430089274830614e-01
4.228650210208492743e-02,9.689844586495377499e-02,4.006949910613087640e-02,1.075044181297462871e-04,8.206380485087008125e-01
2.586921426056769391e-02,1.097393277415387863e-01,3.456577370961847612e-02,8.152282355107229111e-05,8.297441614647239616e-01
2.498419566008548698e-02,1.614198387592797046e-01,6.083163943738125606e-02,1.276761036048477526e-04,7.526366500396485248e-01
2.702536752553216792e-02,2.311143384602340478e-01,8.883859195618146187e-02,2.039281987366025630e-04,6.528177738593157198e-01
3.871753670183111784e-02,2.029181225682088752e-01,3.413596876439867200e-01,7.618577194800557270e-04,4.162427953664932234e-01
1.949777868673654643e-02,1.190708124169566201e-01,1.382695402868867884e-01,3.673650232811915130e-04,7.227945035861389478e-01
2.246628879452973807e-02,1.901677187057118634e-01,1.663162489551305023e-01,2.611395116800787003e-04,6.207886040329477773e-01
4.390038433937294704e-02,2.555921759418619543e-01,1.678208285699599733e-01,2.679593833388491217e-04,5.324186517654663220e-01
3.047102596582900585e-02,1.572677240365578100e-01,1.743169578075207116e-01,3.471979742916070171e-04,6.375970942158006860e-01
2.944234085578128698e-02,1.956483108965683948e-01,1.910486210920028238e-01,3.365742615882252767e-04,5.835241528940593447e-01
2.913439402082775020e-02,2.310128718705750095e-01,2.249678670926316126e-01,3.301405974957179754e-04,5.145547264184699987e-01
4.163303230061109195e-02,2.542941502017366795e-01,3.532855129624105639e-01,7.916565243909836095e-04,3.499956480108505352e-01
3.385288064931456925e-02,1.281092680689230601e-01,1.341696910548207666e-01,5.129522035314311879e-04,7.033552080234101167e-01
6.765493163175950730e-02,1.117049040171277791e-01,1.239770416478120640e-01,5.012285520251115413e-04,6.961618941512753844e-01
4.923332199574771695e-02,1.593814656198299928e-01,1.370876286491644613e-01,5.312167436991937445e-04,6.537663669915586562e-01
1.135979264127902622e-01,1.986798678982484301e-01,1.433922931456497463e-01,6.605729403937885599e-04,5.436693396029178560e-01
3.646953823482097790e-02,2.403408516070890677e-01,1.128264826320936887e-01,3.247150483976670560e-04,6.100384124775986017e-01
4.890304766938111808e-02,2.659546259055033390e-01,1.586704298797074197e-01,4.287740353110023163e-04,5.260431225100971053e-01
5.840290613984282925e-02,3.345505228856981428e-01,1.909494451131280301e-01,4.974020700967330842e-04,4.155997237912342213e-01
1.430660555165282066e-01,2.909805198071918064e-01,2.946951836408467917e-01,1.341093190054397366e-03,2.699171478453787354e-01
6.523916024586622064e-02,2.070825801275400779e-01,2.003793073948018089e-01,1.287121423356507848e-03,5.260118308084354988e-01
6.728649393152330571e-02,2.501884926562317757e-01,1.669415275057404002e-01,6.860637604534773094e-04,5.148974221460510536e-01
4.499314096457898704e-02,2.332886808578850946e-01,1.891539105704786727e-01,4.854194629120091894e-04,5.320788481441452999e-01
3.497269162604225295e-02,2.478446197900671666e-01,1.904474548280434276e-01,4.137519601212148626e-04,5.263214817957259095e-01
3.442300317834962736e-02,1.657217247861480225e-01,1.058398163321386670e-01,4.828939495939765575e-04,6.935325617537697607e-01
2.239200235564844238e-02,1.654632004397538492e-01,7.012486805457809891e-02,2.157992289289500411e-04,7.418041299210905715e-01
5.654588459625380092e-02,2.438010724049726186e-01,1.371560146850091810e-01,3.616299636200785098e-04,5.621353983501441443e-01
1.159662082247757131e-01,1.381530764552118262e-01,1.038805735313148848e-01,4.271377814608125234e-04,6.415730040072367135e-01
1.617970567493514922e-01,2.313644268258130965e-01,8.126062678879855672e-02,2.747699879940457995e-04,5.253031196480427711e-01
5.363375417716389343e-02,1.285295809580426496e-01,3.418602342832152002e-02,9.714911772852668972e-05,7.835534923187433831e-01
1.551108649921169313e-01,1.618289704406248863e-01,3.438932897174544479e-02,1.052928321441714215e-04,6.485655427633685299e-01
1.390288486678704083e-01,2.171868286074911669e-01,7.318575173828310854e-02,1.689734685748186724e-04,5.704295975177804401e-01
7.263241893480328060e-02,2.781381644438185030e-01,7.798351335518546867e-02,1.382342253534199982e-04,5.711076690408393164e-01
1.498663660332650027e-01,2.964779805605438079e-01,7.959766452476031706e-02,1.855452246011957552e-04,4.738724436568296228e-01
1.660109097365000952e-01,1.740068074601136827e-01,1.149310247206281471e-01,3.706085731172434686e-04,5.446806495096407907e-01
1.817988249947441737e-01,2.392657726765358428e-01,2.808305799246819112e-01,5.791184328207508048e-04,2.975257039712173590e-01
1.590677348367934563e-01,2.211610389223047368e-01,1.700096359406779167e-01,4.115638443614176340e-04,4.493500264558624169e-01
1.045837353622702803e-01,2.836936914945846766e-01,1.806107637540717847e-01,3.879612384085029354e-04,4.307238481506648342e-01
6.011935924063984554e-02,3.666869962059177701e-01,1.296883096596040952e-01,2.271683957337146279e-04,4.432781664981044756e-01
1.797852600629897268e-01,3.568632520024419552e-01,1.152478890098385111e-01,2.402181512531466681e-04,3.478633807734766714e-01
1.688745324462586073e-01,2.727351320327366935e-01,1.276313468989355715e-01,2.813284343675716021e-04,4.304776601877016162e-01
2.210132238340004329e-01,2.721511666361707826e-01,7.541986029078236176e-02,2.631710971685357822e-04,4.311525781418779069e-01
1.350435547336044095e-01,4.033822143082771428e-01,9.772869265703197639e-02,1.991284267220066019e-04,3.636464098743643070e-01
1.387788170154932443e-01,7.005311899603534898e-02,1.740669090435954108e-02,1.491050101084390048e-04,7.736122680740035173e-01
2.051457245734557636e-02,1.571789105055802077e-02,6.902592830996760916e-03,5.033117191931029322e-05,9.568146124891800941e-01
1.603859137564501158e-01,3.093351157397493389e-02,1.308964491619663689e-02,1.889260021711022060e-04,7.954020037512070651e-01
5.569042141617407404e-01,3.907824382058840834e-02,1.116266655198706360e-02,2.007675186297383280e-04,3.926541079470538542e-01
1.254247397146617815e-01,3.025631732296107934e-02,1.569081091013673629e-02,2.746154452710745952e-04,8.283535166069693201e-01
3.757401039470676524e-02,9.839690546641155847e-03,5.588522391938982418e-03,7.166559812572371286e-05,9.469261110685873728e-01
5.783086727288959394e-02,3.742205924226660319e-02,3.968639167783474114e-02,2.718481116021382194e-04,8.647888336954070443e-01
4.655850856064330801e-02,5.774822849257117696e-02,5.951618943953283780e-02,3.109943614974837326e-04,8.358660791457551698e-01
1.846379763955800432e-02,1.118294722109914978e-02,1.429105106016083371e-02,9.851231954425192043e-05,9.559636917596376904e-01
8.520642705005969375e-02,6.076460861730567653e-03,6.501394967445948622e-03,9.020261325054088530e-05,9.021255145075132154e-01
1.015530920058505537e-01,2.264300192428003386e-02,2.215989264697510938e-02,2.538567028981224684e-04,8.533901567199962956e-01
1.109134356347604017e-01,4.293524282376050966e-02,4.862452639922963671e-02,4.318868598099630056e-04,7.970949082824395626e-01
1.238494237645114820e-01,6.595540776140747241e-02,1.859041144113435795e-01,9.319194928664594705e-04,6.233591345698709096e-01
6.778066552074481221e-02,4.730593767388076992e-02,7.322460206381334324e-02,4.890876724490703055e-04,8.111997070691121525e-01
1.357867653511346251e-01,9.656129129423821067e-02,1.248582702302559744e-01,5.802894621674025474e-04,6.422133836622038183e-01
1.285737124549695132e-01,1.343222645802064907e-01,3.310511724050715365e-01,1.254934613844496151e-03,4.047979159459081933e-01
6.034304505118492923e-02,1.205834851109096467e-01,5.544341468031521725e-01,1.253150325971029433e-03,2.633861727087823956e-01
1.625590674336139518e-01,8.328317963253925593e-02,4.483052021885737259e-01,1.839438478302352249e-03,3.040131122669706421e-01
6.050257677652952359e-02,8.258571869534861443e-02,6.271020413200354415e-01,2.526689943087525540e-03,2.272829732649987999e-01
1.042752884571501448e-01,1.092478308298230616e-01,3.902897777145407088e-01,1.407245623368188125e-03,3.947798573751179485e-01
2.379482117003518249e-01,6.491021490072851341e-02,7.547829841506831228e-02,3.675908673489505243e-04,6.212956841165023780e-01
8.973567892088037123e-02,2.188057851867947559e-02,2.034869652244936447e-02,1.221603141187536685e-04,8.679128857238721517e-01
1.822555767058169907e-01,3.837261722998446672e-02,2.252429295659552633e-02,1.600620536818179020e-04,7.566874510539212118e-01
7.738008392581779971e-02,7.811515766885304690e-02,4.382649099057737974e-02,1.624281477293680154e-04,8.005158392670224110e-01
1.613701031987671008e-01,1.547464827568532653e-01,4.971880470049837297e-02,1.591007749768630288e-04,6.340055085689042524e-01
1.526379706335211361e-01,2.468917091379547735e-01,1.728345832783008129e-01,4.962003455437692971e-04,4.271395366046796260e-01
8.543197667721050270e-02,2.625780306619672211e-01,2.768059402025492277e-01,5.031922314655410322e-04,3.746808602268074662e-01
1.231427789238187798e-01,2.582932843322698346e-01,2.704494272410511435e-01,5.424431948093807413e-04,3.475720663080509309e-01
9.044881605760432541e-02,2.729340145757865321e-01,3.338681862630510921e-01,4.888892547000229551e-04,3.022600938488579358e-01
7.589172658838155838e-02,2.818393765486260638e-01,3.539726689239511837e-01,5.310400400077833118e-04,2.877651878990334922e-01
6.254724067401058740e-02,2.373473165044340527e-01,4.861462831566056297e-01,6.448313071952303062e-04,2.133143283577544624e-01
6.635209143973649915e-02,2.249576674970690249e-01,4.865128110074417034e-01,5.156378792623005514e-04,2.216617921764904020e-01
1.383100063301957172e-01,1.516331001106304421e-01,5.296017454930075363e-01,1.057714421866806859e-03,1.793974336442995254e-01
1.396257192959446947e-01,7.990527929993494760e-02,6.722195793276497522e-01,3.112122275616995525e-03,1.051372998008535814e-01
1.241972124056373861e-01,1.292446635453456116e-01,5.144752562475838342e-01,2.472064291660190302e-03,2.296108035097729760e-01
2.996943931263923999e-01,1.280668523776850309e-01,4.339640570377433781e-01,3.041458699888486064e-03,1.352332387582906859e-01
5.707788194035899876e-01,7.314270639228785675e-02,1.006441880007880457e-01,1.167937266409849011e-03,2.542663489369241803e-01
2.824058027327359666e-01,1.722815207632589010e-02,2.852538122933440806e-02,4.844557074676127681e-04,6.713562082541361109e-01
3.365006870959429963e-01,2.507893932616628990e-02,5.863586058148202718e-02,8.059706681728969315e-04,5.789785423282357568e-01
1.681565108001741859e-01,6.838462427632788221e-02,1.168550154305173089e-01,7.743150709072214215e-04,6.458295344220733591e-01
2.111731742508855536e-01,8.380975549778188483e-02,6.857746647322618405e-02,4.962528551396810494e-04,6.359433509229668324e-01
1.521939205668420558e-01,9.267405631998984483e-02,5.142965548291636435e-02,2.441625015825753036e-04,7.034582051286689675e-01
7.142412950478335687e-02,2.919469614702546387e-02,1.599974492345895491e-02,1.021076423717371052e-04,8.832793217823605714e-01
2.509638488058740791e-01,2.121211919085264075e-02,7.681327696972790192e-03,1.131822038793054482e-04,7.200295221024212156e-01
3.530234692146656111e-02,1.305509088569588305e-02,4.123772214994389854e-03,3.337729409252448526e-05,9.474854126837505275e-01
6.734787283597781782e-02,2.082539848875005276e-02,1.256291540977868583e-02,9.566236149000415618e-05,8.991681509040033715e-01
3.600294581970657493e-02,2.249378078930939356e-02,8.703586497609251682e-03,5.150375749455844368e-05,9.327481831358803710e-01
2.485335371573937219e-02,1.977915842467671895e-02,4.655034865889107545e-03,2.394350988897802558e-05,9.506885094838056771e-01
2.049310880470665841e-01,4.052106395287632945e-02,5.749151383559342361e-03,4.322513131972685542e-05,7.487554714851779591e-01
1.017453804705367448e-01,7.173781640081638988e-02,1.199013987568113906e-02,5.845036110548721179e-05,8.144682128918601105e-01
3.887185705889961707e-02,9.047204537722618178e-02,1.279154484014339427e-02,4.182567307577895002e-05,8.578227270506552093e-01
2.998366616975907395e-02,6.199433031433723013e-02,9.921656611608003010e-03,3.687127695687384359e-05,8.980634756273387920e-01
6.843310979013733641e-02,8.538515083102449221e-02,1.458833126912817933e-02,6.246768871458339338e-05,8.315309404209954014e-01
2.301649686807758638e-02,1.819023541261424390e-02,2.758544911848745309e-03,1.540593532821696960e-05,9.560193168721312640e-01
1.567135241342226121e-02,1.947750181018699511e-02,2.351997560962813295e-03,1.205144371557805743e-05,9.624870967717124026e-01
1.055276387586184805e-02,1.058367988625411905e-02,1.378156826331861182e-03,7.409563781887920896e-06,9.774779898477703455e-01
3.470358203456861551e-02,3.272859747365611249e-02,3.410198467604730679e-03,1.937674091185401354e-05,9.291382452832586125e-01
1.071799520854963689e-01,6.866499252320709679e-02,5.877968277998284023e-03,2.839631209835193369e-05,8.182486908011998850e-01
1.372835300918967272e-01,6.609844916970368522e-02,6.021176351955603162e-03,2.547824017417783679e-05,7.905713661462698827e-01
8.457559388376216514e-02,1.043849375476560148e-01,2.807633398142853065e-02,9.328723572449854474e-05,7.828698473514288381e-01
4.735314726091796600e-02,1.988495829005366144e-01,8.227370393809360638e-02,1.324190688766607976e-04,6.713911468315751918e-01
4.513829261002582499e-02,2.398121241728875530e-01,1.027907851671503309e-01,1.570194446391531015e-04,6.121017786052972420e-01
2.163912361848255306e-02,1.838049143035423716e-01,6.252349850380406471e-02,9.528273584897734602e-05,7.319371808383221545e-01
1.925815353209642256e-02,1.421268940116954538e-01,3.342144059645026782e-02,5.441373926511601733e-05,8.051390981204926689e-01
1.461277007062469213e-01,1.776430491684580226e-01,4.133220704402439799e-02,1.193830210570354610e-04,6.347776600602136332e-01
1.053116134984710406e-01,2.069369825191759160e-01,8.909641742337350012e-02,2.099342901500485183e-04,5.984450522688296026e-01
5.842267826180366080e-02,2.763531075702335693e-01,9.325711313373315214e-02,1.308713763040104819e-04,5.718362296579254656e-01
5.405098429347219430e-02,2.783872007983509977e-01,1.421062572982232652e-01,2.404131964286581734e-04,5.252151444135247926e-01
3.741963409155325132e-02,2.582961230353028048e-01,2.912505184415201676e-01,3.407627479097239407e-04,4.126929616837140546e-01
1.415212790496466200e-01,8.488222537249388855e-02,1.282542834720576119e-01,4.440635054378641632e-04,6.448981486003640962e-01
5.908887290603100778e-02,1.486739751827829137e-01,1.028427970225086474e-01,2.321048899946678737e-04,6.891622499986826966e-01
8.288874056497648468e-02,1.306902320661247341e-01,3.728509931367239849e-01,8.934015535795282936e-04,4.126766326785952788e-01
9.898284920435138079e-02,3.361141164832373573e-02,1.439209628830777910e-01,1.525226233158356523e-03,7.219595500310888037e-01
6.876259890157887522e-02,6.086284331236715972e-02,1.184979168808532601e-01,8.397144085966674366e-04,7.510369264966040292e-01
8.373674792549654078e-02,1.283823545199541671e-01,1.256792154348636004e-01,4.776717883431247087e-04,6.617240103313424271e-01
5.770711759638276483e-02,1.811133436115109352e-01,1.090549037348816086e-01,2.744561990835529364e-04,6.518501788581413381e-01
1.128316040944007392e-01,2.551978214919029542e-01,8.454407032096153407e-02,1.993459851195470496e-04,5.472271581076153524e-01
1.950140426894266255e-01,2.886889190811582351e-01,1.673834973866456799e-01,3.189186013869950648e-04,3.485946222413823792e-01
2.148493817426070096e-01,2.211720107911265554e-01,1.537445241138147289e-01,5.023649502910659337e-04,4.097317184021606606e-01
3.354060074552941417e-01,2.165530922035028838e-01,1.583588677800687183e-01,7.892529089885066962e-04,2.888927796521457148e-01
2.303079034541880010e-01,2.813208492918254922e-01,1.826254826563564193e-01,5.191827703167182671e-04,3.052265818273134368e-01
1.528565697220083397e-01,3.490715781411159457e-01,1.697543160889449509e-01,2.988260343997655626e-04,3.280187100135309453e-01
1.719221118048442354e-01,4.070028814790740412e-01,2.437489442634156733e-01,3.136434404018910134e-04,1.770124190122641938e-01
1.690606432424064387e-01,2.001982229559782361e-02,1.234957734023197674e-02,9.678156243784660198e-05,7.984731755593258429e-01
5.198545080782814853e-01,9.757218402541562377e-03,3.490677705328308102e-03,9.462599446691667519e-05,4.668029698193817412e-01
5.584590935226313446e-01,4.805105338593190431e-03,2.003550552813213818e-03,7.644328976395321513e-05,4.346558072961983488e-01
8.595730172873591313e-01,1.384854606625583349e-03,3.223116215372983382e-04,2.327287213028559230e-05,1.386965436123476503e-01
9.275620775607782420e-01,2.266041029350911347e-03,4.341748474297404286e-04,3.691959935104775867e-05,6.970078696309014998e-02
8.066958701326881753e-01,4.321735651139716090e-03,6.372255266489397886e-04,4.107454929404993579e-05,1.883040941402290835e-01
9.000620462908360819e-01,3.639431601707787591e-03,5.351883105438014210e-04,2.553805465891183178e-05,9.573779574225335653e-02
5.547593956331503540e-01,6.424402792211921995e-03,9.292450099407905794e-04,4.199492653497835688e-05,4.378449616381618892e-01
3.395291631150887945e-01,9.739465893827731549e-03,2.089303528915305470e-03,5.918391622017043753e-05,6.485828835459480635e-01
1.742095667240270984e-01,6.701661462487005540e-03,1.963523498633286141e-03,4.801237215544761322e-05,8.170772359426969889e-01
3.254813063528820272e-01,9.404240787174212440e-03,2.086132938914120154e-03,7.647128270521671956e-05,6.629518486383243481e-01
2.149152376737070436e-01,1.109566156761701908e-02,1.753403134110073040e-03,3.653742950692459351e-05,7.721991601950590756e-01
2.132065470236272353e-01,3.003814603292601429e-02,6.745951938985460597e-03,7.540671392425840451e-05,7.499339482905369447e-01
2.713684559174681654e-01,1.007499674572737286e-01,2.238860640174042405e-02,1.389666275525712393e-04,6.053540035959652510e-01
5.945177306964407604e-01,1.203401212308944090e-01,3.763216329229371326e-02,2.355087851202564825e-04,2.472744759952509308e-01
3.584212062309728442e-01,8.390040519656435936e-02,1.765564006748037568e-02,1.120309465830066087e-04,5.399107175583993667e-01
2.411045130828610716e-01,8.613213618735536536e-02,1.845038662173241126e-02,1.241280623062956088e-04,6.541888360457447371e-01
3.124991505470035014e-01,1.377769983704139056e-01,1.451779781566988128e-02,9.411600626089278296e-05,5.351119372606518709e-01
1.659204617289206929e-01,1.438569179289610478e-01,1.892937988943323158e-02,8.736764394814176360e-05,6.712058728087368920e-01
6.358097548400012955e-02,4.336188858544636621e-02,5.440909152821375196e-03,3.179945545946948803e-05,8.875844273222723846e-01
1.206448268547654357e-01,3.932861352528908144e-02,4.658492989816604736e-03,3.995503098393665469e-05,8.353281115991449957e-01
2.549580585097729335e-01,7.235740617997053759e-02,7.966941688308189912e-03,6.294941861540855554e-05,6.646546442033328672e-01
1.524884824605355904e-01,4.731179229229624805e-02,9.474085351943663594e-03,7.750473134960046359e-05,7.906481351638751098e-01
1.121165593905467384e-01,1.454246128261988368e-02,3.059317078979256494e-03,4.611256512430344080e-05,8.702355496827300918e-01
1.625564521136186880e-01,5.153849280632558268e-03,6.814889252336366185e-04,1.474689302664958799e-05,8.315934627874885798e-01
9.310120556933418334e-02,5.183403509278815789e-03,9.220425839700006985e-04,1.648430562678802414e-05,9.007768640317902475e-01
1.153973466179373797e-01,3.501159789463776251e-03,7.973478231877770663e-04,2.207415528467855081e-05,8.802820716141264157e-01
1.452559813470530592e-01,7.281284207647474582e-03,1.006943942284164919e-03,2.388297838187435326e-05,8.464319075246334867e-01
1.905548306087452015e-01,2.766784076837692716e-02,4.462509955570275605e-03,7.287917786204597828e-05,7.772419394894455325e-01
3.309879323051178601e-01,3.102924145953312590e-02,2.996697860360055757e-03,5.602869182219523392e-05,6.349300996831668265e-01
3.830246465046652782e-01,3.095834367633073375e-02,4.029261467988386886e-03,7.546630076167463801e-05,5.819122820502538040e-01
3.466569282309485134e-01,5.731715829549053481e-02,6.085190964652863535e-03,6.030547905257810289e-05,5.898804170298554972e-01
4.573296872254761225e-01,6.417228862517806998e-02,4.773951036050298399e-03,6.220761453385797383e-05,4.736618654987616583e-01
3.373308327684406138e-01,4.863816124257906715e-02,3.206878933317819976e-03,3.369050259020340719e-05,6.107904365530724133e-01
6.432318338622236564e-02,9.687257657926667473e-03,1.262210162246580909e-03,1.701086726395843090e-05,9.247103379263404976e-01
9.107782673400312279e-02,4.496698079760344524e-02,1.002909886098042082e-02,5.920908117070596851e-05,8.538668845262423757e-01
1.983520550840713881e-01,4.103845080999325018e-02,9.210840313105476962e-03,6.197885432003590652e-05,7.513366749385098631e-01
8.866755736632877527e-01,1.207348401835149285e-02,1.314073844029313909e-03,2.093790494319859930e-05,9.991593056938832818e-02
9.459703292178888168e-01,1.414145945263565844e-02,1.837285448674916581e-03,3.710683755455412034e-05,3.801381904324607763e-02
7.051131875322870224e-01,1.571050102100843004e-01,2.553008706512641113e-02,1.783314817483574034e-04,1.120733837107540515e-01
4.364371617262307046e-01,2.921715739017701208e-01,6.396589525494648931e-02,2.537532149590364730e-04,2.071716159020935422e-01
1.431119410120309521e-01,2.602219375986443151e-01,1.156948019180363135e-01,4.000785923109411802e-04,4.805712408789774570e-01
1.375362647148990758e-01,1.991168137727910292e-01,6.064398914401320645e-02,2.108979909364341562e-04,6.024920343773603193e-01
9.446161888925616590e-02,2.332936533236986687e-01,6.207550992723991773e-02,2.199247623382842185e-04,6.099492930974668159e-01
7.588377010128469213e-02,1.493906654219447072e-01,3.873365502787933651e-02,1.833566216307506427e-04,7.358085528272604314e-01
9.373674201725624988e-02,2.404705938152897071e-01,1.014594379439239524e-01,2.750137677426398660e-04,5.640582124557874666e-01
1.111767559859341281e-01,3.266458322615332643e-01,1.078139539881066422e-01,2.618659637352684696e-04,4.541015918006906515e-01
8.821336605160205735e-02,3.932791549027884748e-01,1.043895271185878021e-01,1.943724996493276648e-04,4.139235794273724567e-01
9.542554114822615619e-02,4.505112808134620339e-01,1.279293092721099367e-01,1.656714876323077900e-04,3.259681972785696269e-01
7.411035050543655911e-02,4.070943422485561181e-01,9.331304885904249946e-02,1.463719861212396092e-04,4.253358864008436879e-01
1.201297108037015365e-01,3.243784103082137937e-01,8.552045514004158466e-02,2.164358938570763659e-04,4.697549878541858459e-01
7.817885380106515125e-02,1.441863863181739314e-01,3.089091065058352861e-02,1.186947537560061776e-04,7.466251544764213044e-01
8.668371250468770439e-02,2.198748865745818459e-01,5.015749376738764392e-02,1.615411275194157800e-04,6.431223660258232888e-01
1.732282222112540571e-01,2.928149219746271625e-01,4.980829610864926510e-02,1.863816523135142429e-04,4.839621780531560558e-01
8.687306094750123220e-02,4.578851758436809360e-01,1.251409498963745870e-01,2.650300644570539269e-04,3.298357832479862362e-01
5.651016174151355514e-02,5.109266462087898031e-01,1.398570833788009005e-01,2.077742798009901909e-04,2.924983343910947942e-01
3.532833909016845353e-01,3.707747870729615203e-01,9.415235783411389503e-02,3.354693146768132758e-04,1.814539948765631627e-01
6.942225158249211159e-01,1.924778786094571148e-01,5.874105322233150184e-02,2.569997810922029042e-04,5.430155256219825616e-02
5.633134564523989418e-01,3.180173770539124756e-01,6.211837261506395619e-02,1.959587550067081504e-04,5.635483512361777469e-02
4.165666576647141794e-01,4.616682251502406964e-01,6.909468897858928038e-02,1.819460470965963126e-04,5.248848215935925099e-02
3.304479088561057543e-01,4.976302141701333670e-01,1.412125300072498146e-01,2.695060326251110319e-04,3.043984093388585332e-02
2.446776511372820151e-01,4.536347468113999803e-01,2.804602990716730249e-01,7.823208224932726856e-04,2.044498215715168793e-02
1.862854339845632645e-01,4.950135605129371008e-01,2.187965880694097698e-01,5.518304187463582335e-04,9.935258701434350470e-02
1.595061589807850178e-01,4.236763308947655848e-01,1.771892934613761295e-01,7.118810330333623241e-04,2.389163356300398333e-01
1.008842528184182852e-01,5.386159536368461120e-01,1.384068515846785530e-01,3.547830913962746711e-04,2.217381588686608007e-01
1.244301308024455543e-01,4.366744758586228459e-01,1.295911893210966448e-01,2.995948351177259270e-04,3.090046091827172714e-01
7.372024212574097846e-02,4.228069997154297877e-01,1.298658583370292385e-01,2.644032534156904191e-04,3.733424965683843633e-01
1.099574991335316027e-01,3.000129179626145337e-01,3.795685715707915464e-01,6.165317109900362918e-04,2.098444796220722552e-01
6.827760865083562503e-02,3.925579298175768117e-01,2.128057908984068436e-01,3.125655897438396461e-04,3.260461050434368402e-01
8.951823417581518394e-02,3.722973797496872961e-01,1.623836833944199975e-01,3.202534554771907928e-04,3.754804492246002767e-01
2.545985151589379436e-01,2.214591477714915879e-01,7.878166623290930315e-02,3.384791262038060146e-04,4.448221917104572820e-01
2.162352608836959900e-01,1.286252286252497490e-01,6.865586150709469815e-02,4.797921708934682573e-04,5.860038568130661041e-01
4.896201384657042355e-01,1.002267107456324691e-01,4.016014037898851113e-02,3.977042430028134815e-04,3.695953061666719663e-01
5.478804657563988156e-01,1.123118180185544712e-01,9.561066260256284588e-02,7.303355952781517835e-04,2.434667180272057641e-01
4.102297618668536150e-01,1.533401324319903225e-01,1.229059169219619968e-01,1.054844531040149882e-03,3.124693442481539241e-01
2.364115331107870810e-01,1.879836365475535953e-01,1.461818505068748497e-01,1.052591279211464352e-03,4.283703885555730229e-01
7.509569883508875054e-02,9.218065144444274883e-02,4.690113521657121587e-02,2.697217896150463099e-04,7.855527927142821332e-01
9.046183230750776127e-02,1.042261847303797007e-01,1.065401947988600245e-01,6.248151498370391795e-04,6.981469730134156615e-01
1.353696990190558502e-01,1.059938235894720415e-01,2.164442873239329768e-01,1.231819213088258943e-03,5.409603708544510337e-01
1.332703842699687058e-01,1.050909767205055190e-01,1.795976907244878629e-01,9.417026866106389948e-04,5.810992455984272942e-01
7.296086568381450477e-02,4.532927352925646830e-02,1.802472691389964410e-01,1.461176462929210168e-03,7.000014151850034727e-01
1.355738389704972957e-01,2.916439748759102127e-02,1.738455385326897751e-01,1.932731522185660413e-03,6.594834934870362764e-01
1.450326938801302645e-01,5.164465361111728048e-02,3.559461154486849299e-01,5.243949206083568099e-03,4.421325878539839049e-01
8.143843901450398270e-02,4.733966496625113124e-02,4.938276099790579465e-01,6.404475143698890212e-03,3.709898108964880259e-01
6.911258492157773548e-02,6.093777248433569077e-02,3.553748145337620179e-01,4.257820777544551148e-03,5.103170072827799553e-01
4.743260317821165056e-02,5.641927190341146370e-02,4.156253086025649690e-01,3.221715091329640460e-03,4.773011012244823270e-01
6.748108878199531036e-02,9.033903906052592747e-02,3.158964632082351121e-01,2.117155675819774180e-03,5.241662532734239210e-01
4.609848614350126050e-02,8.036601987417418824e-02,4.052355161365612801e-01,1.882312483146604890e-03,4.664176653626166402e-01
8.053128627954223018e-02,8.964452776302911374e-02,2.818553314176582836e-01,1.759264183936544781e-03,5.462095903558339405e-01
6.636980218286496480e-02,5.978047863001045154e-02,2.894440222248762518e-01,1.675556189534152616e-03,5.827301407727142335e-01
1.187461145285412800e-01,7.959097322792804685e-02,3.069298827391591100e-01,1.910987780591136493e-03,4.928220417237804130e-01
1.294865509511233248e-01,6.385401962894210470e-02,2.169782931660967362e-01,2.212285641924505771e-03,5.874688506119132292e-01
8.437145166410804642e-02,4.674807439866173614e-02,1.856399037264450658e-01,2.396564682777597381e-03,6.808440055280075009e-01
1.639320371779344199e-01,6.528973782178515428e-02,2.812656334155282933e-01,4.447024680375533633e-03,4.850655669043766327e-01
1.498927078520874423e-01,3.436838452425665380e-02,1.617753542869804217e-01,2.987898006659043225e-03,6.509756553300164450e-01
1.153648441070556779e-01,3.558537366981897460e-02,1.141127294655513297e-01,1.943054244411664567e-03,7.329939985131623814e-01
1.109147287461176579e-01,3.288992081432073888e-02,6.569523154205818283e-02,1.083948111471388269e-03,7.894161707860319899e-01
6.206268978390760277e-02,2.432628811229302010e-02,8.120698757992068917e-02,1.757050436365996957e-03,8.306469840875126964e-01
3.171773753228059045e-02,1.481428558875366210e-02,4.183817319175694993e-02,8.605557146033116812e-04,9.107692479726055002e-01
2.803420007350116913e-02,8.678930579503718948e-03,1.572910313407193533e-02,3.712036254611753819e-04,9.471865625874619221e-01
4.216768058333957014e-02,1.526020803648440657e-02,3.215886197370449590e-02,8.626034724547548783e-04,9.095506459340169103e-01
1.871036942929842420e-02,1.086632676239902145e-02,2.133823257727060496e-02,4.872429813434768931e-04,9.485978282496884129e-01
3.822216988525944936e-02,2.851219963249454134e-02,5.402760287929404825e-02,8.922198560735090413e-04,8.783458077468783154e-01
1.222883155537669159e-01,4.132920350491785244e-02,1.489031473942166173e-01,3.383947966478399044e-03,6.840953855806202188e-01
1.848701508296000662e-01,5.618508479224752772e-02,2.899587002824859927e-01,7.271472674007220006e-03,4.617145914216592151e-01
1.485578967457257538e-01,5.206075897313734713e-02,2.032567024902960373e-01,4.850702542870423233e-03,5.912739392479703371e-01
1.314535506968470269e-01,1.637080379694789631e-02,8.792968939749265522e-02,4.268594677901848058e-03,7.599773614308106273e-01
1.548898526354945959e-01,1.141998592318555460e-02,2.967861450216992616e-02,1.771722164345193151e-03,8.022398247748048217e-01
1.247985748986285559e-01,2.010615352634614189e-02,2.389476772857334480e-02,9.562856821727367795e-04,8.302442181642794017e-01
1.353224972622037170e-01,1.543158255809479878e-02,1.944434061541422398e-02,7.006936174341318792e-04,8.291008859468531611e-01
1.593483690102699413e-01,2.124616588286156599e-02,1.440308083240938661e-02,3.188459383203752300e-04,8.046835383361388150e-01
5.492060380945096298e-02,2.964963855107773105e-02,2.215781480109963938e-02,3.005963278072511582e-04,8.929713465105645342e-01
1.083328680429232055e-01,4.480025912216565459e-02,5.786138344063603695e-02,6.112135119880992597e-04,7.883942758822871655e-01
1.307829244194540497e-01,7.726414154935357104e-02,8.506918003797225847e-02,8.100335828641069564e-04,7.060737204103559872e-01
2.338735971666811575e-01,6.148714175397892306e-02,6.378002990279528495e-02,9.548660720558729484e-04,6.399043651044886705e-01
2.361064701892686413e-01,5.066987144978567226e-02,3.285390462397724809e-02,6.255412876155978623e-04,6.797442124493526805e-01
2.517515211969261757e-01,2.055715996209794838e-02,1.901278725846240747e-02,5.047741763838739125e-04,7.081737574061296447e-01
4.045152299213140012e-01,9.419894229404352989e-03,2.843948754930940900e-03,1.182294109332783407e-04,5.831026976834174924e-01
3.334876202937412937e-01,4.478428602876125333e-03,2.386729033179558687e-03,9.854426288347876289e-05,6.595486778073195167e-01
2.976131476406411736e-01,1.007841474011025341e-02,3.225718602801180748e-03,1.085923656416314537e-04,6.889741266508058182e-01
2.813568634977189342e-01,3.432084255002081780e-02,9.993359598572440147e-03,1.846205765580716620e-04,6.741443137771295779e-01
2.422515976113351621e-01,8.964279410590728081e-02,4.660003971139123347e-02,5.767100648885374950e-04,6.209288585064777211e-01
4.584896669326831153e-01,4.627834466563744004e-02,1.597861606452733937e-02,2.179633516211768366e-04,4.790354089855308750e-01
5.376579124094047479e-01,3.040226890734205184e-02,3.751746235127811999e-03,8.141352266823117937e-05,4.281066589254571286e-01
3.528480593944577914e-01,4.823404912901229497e-02,7.628907814694645823e-03,1.441998507306690362e-04,5.911447838111045794e-01
5.797802393183644210e-01,2.121143049139678077e-02,4.435218349658936673e-03,1.368204397933941475e-04,3.944362914007865650e-01
4.520700914177960827e-01,7.626638648530398301e-02,3.304854785502291115e-02,5.918418787673497550e-04,4.380231323631097462e-01
5.477538505486515552e-01,4.802011730540756140e-02,5.681889563110516933e-02,1.217510596060162372e-03,3.461896259187756120e-01
2.147195343396065548e-01,6.706311699971595486e-02,1.066433038350922402e-01,1.263902687788956772e-03,6.103101421377963298e-01
1.696452566658286920e-01,5.304847268659609871e-02,1.351491294005749966e-01,1.155652451249141637e-03,6.410014887957510288e-01
4.675507576190078562e-02,3.134603235810491662e-02,4.007582955787887535e-02,3.159967069030736493e-04,8.815070656152124151e-01
4.295747381765187278e-02,3.246109623525110510e-02,1.396049060706332917e-02,9.922599123136082594e-05,9.105217133488021641e-01
5.396797718991415416e-02,8.486863317977925980e-03,2.414924353711312560e-03,4.227236691702863870e-05,9.350879627714796527e-01
4.522530045076322142e-02,4.411972333512135559e-03,9.358320419307279269e-04,2.762613234712434464e-05,9.493992690414467805e-01
6.872748877816545199e-02,7.861401938065191997e-03,3.342854668924711333e-03,9.515354916450800512e-05,9.199731010656801988e-01
1.059964209514807076e-01,7.173005628314407973e-03,1.698682076888778517e-03,5.718369816250509432e-05,8.850747076451538353e-01
7.181274886685490300e-02,5.585704455556764550e-03,1.255448029088231110e-03,3.906584677213485214e-05,9.213070328017279875e-01
2.885842104733527674e-02,2.476612895227069990e-03,6.293630798749193667e-04,1.609906489810930630e-05,9.680195039126645584e-01
5.298842061681659221e-02,3.031201561635017000e-03,1.155318215342411451e-03,4.475326752322873172e-05,9.427803063386825944e-01
7.718874979248603607e-02,3.931454722580617761e-03,1.299378067705236721e-03,3.471659917341282105e-05,9.175457008180546437e-01
5.266527712574166353e-02,6.121783597526036895e-03,4.101714388952785138e-03,1.060465226033400457e-04,9.370051783651762722e-01
1.006961486662349969e-01,1.186475577861592981e-02,4.311513040340085763e-03,1.052361797448285522e-04,8.830223463350639346e-01
2.119535821381386687e-01,2.142025714915388179e-02,1.163477561117106686e-02,2.010013564316064203e-04,7.547903837451047648e-01
2.188470685779623504e-01,2.451040667958633706e-02,3.783103020800539229e-02,6.658755265598238640e-04,7.181456190078862045e-01
1.553793466770629350e-01,1.784215738835457504e-02,9.235042668240951713e-02,2.067653981948770585e-03,7.323604152702242187e-01
1.884170952468040561e-01,1.997481013804508487e-02,2.185927281715554366e-02,6.951816510221060265e-04,7.690536401469731942e-01
7.995593920011065392e-02,1.734019343301397564e-02,1.169910018950231015e-02,2.592436089126187162e-04,8.907455235684604844e-01
3.059419216550074774e-02,2.070235257144177957e-02,5.140036717958867442e-03,6.466672233224613473e-05,9.434987518227662129e-01
3.885753536997266916e-02,2.287170844515582641e-02,6.658295522053441114e-03,7.057602622708469592e-05,9.315418846365910444e-01
3.037928279811908869e-02,2.145151836589102162e-02,1.543102888449144477e-02,1.074318312110727721e-04,9.326307381202872948e-01
4.396500793762846832e-02,6.283723256208779973e-02,3.366264484199534696e-02,1.456830789437996794e-04,8.593894315793446648e-01
9.236530820049800028e-02,9.756052857814020984e-02,4.523303059838036655e-02,2.556284265347778068e-04,7.645855041964465526e-01
1.326837018807254520e-01,1.371025791037076835e-01,6.855258945036375728e-02,3.101924917351603903e-04,6.613509370734678150e-01
1.004864637685322221e-01,2.196111521712695303e-01,1.379718274288677105e-01,4.212423241170900495e-04,5.415093143072134962e-01
3.521858912338187153e-01,1.643826997716850702e-01,8.398395894395108141e-02,5.218985251943801962e-04,3.989255515253506967e-01
2.824278644800337079e-01,8.453467514796056403e-02,3.595947388168467540e-02,5.096176392182636848e-04,5.965683688511027594e-01
1.333158948094844976e-01,6.716468605523702451e-02,1.811809168337483525e-02,2.250118723852075346e-04,7.811763155795184987e-01
1.951333010822977054e-01,3.819415697707263802e-02,8.654995556037263504e-03,1.977459388913606927e-04,7.578198004457009640e-01
2.185574235237598140e-01,1.571400441756156882e-02,5.221727947231696518e-03,1.691938101641013241e-04,7.603376503012828636e-01
2.070419967840661235e-01,6.268403233311570233e-03,4.921780809676152245e-03,2.697295452811432283e-04,7.814980896276649824e-01
1.439123108972248100e-01,3.728901317966356113e-03,4.394173601418261896e-03,2.708959171186568434e-04,8.476937182662719339e-01
1.449016212776514656e-01,6.482458643335620857e-03,4.811671975924435019e-03,2.685275036616541710e-04,8.435357205994269414e-01
6.381061799222684794e-01,6.079082930972444510e-03,1.881718845939099041e-03,9.467201444096443334e-05,3.538383462863788909e-01
7.229466378491041789e-01,2.280205938590762395e-03,5.494568969011602534e-04,5.342729711552759043e-05,2.741702720182883080e-01
7.965512547666167009e-01,2.207626101733545926e-03,5.489179761846436478e-04,5.978958808064638108e-05,2.006324115673843722e-01
5.149077502611533186e-01,1.073690254563675409e-02,2.055736966823330011e-03,1.479770258394284257e-04,4.721516332005472050e-01
2.999236637816115048e-01,1.111678042607195348e-02,1.877054050390845321e-03,8.231128731441980596e-05,6.870001904546113591e-01
1.766753436118524423e-01,1.194724040608350496e-02,2.059652148457763367e-03,5.641414436954274769e-05,8.092613496892367975e-01
2.160905041419717565e-01,3.141067732864198658e-02,6.046239758216816716e-03,9.686584044781411471e-05,7.463557129307214488e-01
3.392049208028052321e-01,6.164890600750703997e-02,1.502224092255121171e-02,1.351705104487217247e-04,5.839887617566877909e-01
4.120090701441998515e-01,9.719306595395942050e-02,6.739100159798107337e-02,4.068685370422827231e-04,4.229999937668174059e-01
2.824866985341090708e-01,1.251571638227499395e-01,3.884573221269307236e-02,2.111309741409015902e-04,5.532992744563072218e-01
2.978720918059140077e-01,3.633387885318788840e-02,1.903030303746143168e-02,2.815472510189136017e-04,6.464821790524175604e-01
2.742876975834047659e-01,2.524402588983625656e-02,1.632783578373644615e-02,4.054181667492138836e-04,6.837350225762732769e-01
3.021361026057423071e-01,3.188931613582738495e-02,2.389591870081047773e-02,4.715400575242742454e-04,6.416071225000954392e-01
2.977965292792169594e-01,2.694522256074656161e-02,1.114479812615394930e-02,1.976412607201314927e-04,6.639158087731625857e-01
7.596306140522063322e-01,3.900258459048400184e-02,8.048708765303218271e-03,1.105827972748864703e-04,1.932075097947316411e-01
2.995700269069640487e-01,2.663073701386393238e-02,5.241384453163537051e-03,1.104054413359860918e-04,6.684474461846725557e-01
2.241303950576993553e-01,6.365819517215036416e-02,1.900085830279576310e-02,2.926975354706042379e-04,6.929178539318839869e-01
2.308698336942550389e-01,1.170785326766706491e-01,1.010629552065830522e-01,7.738809487908015778e-04,5.502147974737003899e-01
1.706655096759080725e-01,1.555739752959458821e-01,1.191091887124692134e-01,4.705483499570129076e-04,5.541807779657198507e-01
1.615911924983564063e-01,1.867993036015785646e-01,2.330979959932188705e-01,6.659871163587593708e-04,4.178455207904873681e-01
2.472853731154821266e-01,3.708647860936963719e-02,3.184461830877408778e-02,3.468333050055104902e-04,6.834366966613686367e-01
2.123954362889749758e-01,1.159505702332978283e-01,6.590083343010420813e-02,3.515403691015633989e-04,6.054016196785214632e-01
2.760498750082837627e-01,4.194505271686260750e-02,2.422259868608484662e-02,2.851189051438752196e-04,6.574973546836249128e-01
2.376951746163258883e-01,3.938501751874613072e-02,1.552376227997360678e-02,1.912064480228987538e-04,7.072048391369315512e-01
3.342360541746009495e-01,4.882468629750916222e-02,1.624735011205720447e-02,1.749778112551620486e-04,6.005169316045774197e-01
2.688373755844624680e-01,3.696722009803682374e-02,1.163720619416885350e-02,1.084751588811278255e-04,6.824497229644503893e-01
1.599360024925551016e-01,3.181148618365971237e-02,8.963193727185016571e-03,1.021523356981509929e-04,7.991871652609018328e-01
1.781007501831094464e-01,1.523396279697641909e-02,6.693246070148976823e-03,1.185684385689051036e-04,7.998534725111960952e-01
1.723820421078765264e-01,2.239556307929661816e-02,7.237204729643627321e-03,1.122862846090092002e-04,7.978729037985741179e-01
3.988575216852945360e-01,3.172846491235740279e-02,3.619694956030257427e-02,7.153468561409753387e-04,5.325017169859045385e-01
7.364474085387709978e-01,2.986185668365629042e-02,2.178820782490541175e-02,3.873523940002678370e-04,2.115151745586669740e-01
8.257706615126033656e-01,3.200490971893901054e-02,1.651155461264248656e-02,2.768088216445734745e-04,1.254360653341705933e-01
9.743257660827061573e-01,7.353435373802450978e-03,2.793099632216962652e-03,5.741002390616739760e-05,1.547028888736824703e-02
9.955976136803754706e-01,2.074938103921516921e-03,4.435994826062750716e-04,1.377483819954057388e-05,1.870073894897304138e-03
9.974211633107894492e-01,1.527955589644009729e-03,1.720942293741815638e-04,6.067981021913541810e-06,8.727188891703785770e-04
9.971369430275349721e-01,2.145337686550374476e-03,1.377239278397126090e-04,5.435371653219312990e-06,5.745599864218866497e-04
9.988072813390254101e-01,7.961586993104468333e-04,8.810962039015747917e-05,8.392502331519349564e-06,3.000578389422541036e-04
9.961978686995111021e-01,1.440184167975504552e-03,2.479493309772190144e-04,3.182918237128418783e-05,2.082168619164845389e-03
9.664522771135487522e-01,1.405296762800469466e-02,1.884455587415945904e-03,1.136274655899988751e-04,1.749667220544069701e-02
8.893256505434969927e-01,4.284555685445867734e-02,3.857762405462496734e-03,1.240934245680286622e-04,6.384693677201380702e-02
9.300342782472550418e-01,1.983139389215090795e-02,1.743934838998261209e-03,5.920047969047009389e-05,4.833119254190534203e-02
9.043137182880204294e-01,7.252961723786664761e-03,1.374565433570661480e-03,1.289812668085093584e-04,8.692977328781371915e-02
9.942200283898225965e-01,1.532166855359581728e-03,1.423717205621558642e-04,9.172547991216731142e-06,4.096260486264385534e-03
9.616026407854199043e-01,8.773582884818265787e-03,6.682616734235992915e-04,2.097995004971283693e-05,2.893453470628867819e-02
9.901194095344223456e-01,5.017216940171693659e-03,5.188457731119357815e-04,1.416440201319960402e-05,4.330363350280712689e-03
9.971422343261522325e-01,1.300504083442831057e-03,2.476691147489806658e-04,9.386316937012007702e-06,1.300206158718845940e-03
9.936148996229863251e-01,1.173699741788643584e-03,2.752156468730635104e-04,1.366054961153170586e-05,4.922524438740339368e-03
9.813459812741665012e-01,2.977646768837582166e-03,6.619196182640222975e-04,3.238770385536137141e-05,1.498206463487643074e-02
