9.830039346414655155e-01,7.695886092267677746e-03,4.134393594865276925e-03,1.236374870874536267e-03,3.929410800526963662e-03
9.967237899315330996e-01,1.676609703749295513e-03,5.098521987475787077e-04,2.325611383248988695e-04,8.571870276452243573e-04
9.979742916747489367e-01,1.248343608824129198e-03,2.504248906650913893e-04,7.911051626879670839e-05,4.478293094930544597e-04
9.979087769695490495e-01,1.306706516358937305e-03,2.434128111670138281e-04,5.639349608965012005e-05,4.847102068353293129e-04
9.910885841283896269e-01,3.416456568652616755e-03,1.218119854743888227e-03,2.663928551059244979e-04,4.010446593107830186e-03
9.680037249799832155e-01,1.231971746872626700e-02,3.941316091374325904e-03,4.001497354544827217e-04,1.533509172446186758e-02
9.776795876404639207e-01,9.522060773070332301e-03,2.116817749608987734e-03,1.763763836221797650e-04,1.050515745323435564e-02
8.650631006426554581e-01,2.135872269383598879e-02,4.107401532183554277e-03,2.416940117450743213e-04,1.092290811195797268e-01
8.140644744890566109e-01,1.581453518851390350e-02,3.076094807568062039e-03,1.599122002138272166e-04,1.668849833146476558e-01
9.620030491312360210e-01,1.388699053804488825e-02,3.415175659510888070e-03,1.414466032919527855e-04,2.055333806791622558e-02
9.870004248106858391e-01,5.928050541646559014e-03,1.460830306434092712e-03,8.668405178665052817e-05,5.524010289446819148e-03
9.568757324905824424e-01,1.595776602199247551e-02,2.817712470641642406e-03,1.475755609016268983e-04,2.420121345588173434e-02
9.464367465828413817e-01,2.281593878115460369e-02,4.530615931982911841e-03,2.196855349706141485e-04,2.599701316905051601e-02
8.602205614690956459e-01,5.970710431068972091e-02,1.141447394007172843e-02,5.379723799526835246e-04,6.811988790019020412e-02
7.764704233229692276e-01,8.971131149901617752e-02,1.498226713143369949e-02,5.484851747823768628e-04,1.182875128717984364e-01
6.956077472176102061e-01,1.060556851272305284e-01,1.425033652421647812e-02,4.049777327572534700e-04,1.836812533981855566e-01
7.196715012814298706e-01,1.274267247717066343e-01,2.689273255343282987e-02,6.106087499807464573e-04,1.253984326434500751e-01
6.588030000952103116e-01,1.389916762853023458e-01,4.468510352289681298e-02,1.096451355913855919e-03,1.564237687406766497e-01
8.052731455615094180e-01,5.760604829232036234e-02,3.052769210126404092e-02,9.861875177722904517e-04,1.056069265271339652e-01
6.536131323211773481e-01,1.494042093110663771e-01,1.012832922201074015e-01,2.051798833876776734e-03,9.364756731377206489e-02
7.092960860038695081e-01,1.314422011408405699e-01,6.377471144093611877e-02,1.784601839287641581e-03,9.370239957506598660e-02
7.580142143445657288e-01,5.158620158790620108e-02,2.057971370067258887e-02,9.055871540158897922e-04,1.689142832128396332e-01
7.189050920554431734e-01,7.169420279117141859e-02,4.098969262543888936e-02,1.242386188565703037e-03,1.671686263393807326e-01
4.800542643400317888e-01,1.055077208322813542e-01,4.569601548870947522e-02,1.169768649437929282e-03,3.675722306895394254e-01
4.325170373379875755e-01,6.534766878492993813e-02,2.927426605260888617e-02,6.933251178087320148e-04,4.721677027066649712e-01
4.425166339982137820e-01,8.335291428788463297e-02,4.866505410445029489e-02,9.967398214996074472e-04,4.244686577879516198e-01
9.256550254951502188e-01,1.012268576504963408e-02,4.143099949617829597e-03,2.388750303314767160e-04,5.984031375985095214e-02
9.752541063608797245e-01,6.684720512548852217e-03,2.079757010562248345e-03,1.770060805476370610e-04,1.580441003546161419e-02
9.720015432945160461e-01,6.486293899991536771e-03,1.575601067942589313e-03,1.384850263548428005e-04,1.979807671119499651e-02
8.958860153816714522e-01,2.496254994762606844e-02,3.327950837718573855e-03,1.963890592617297936e-04,7.562709477372206446e-02
8.412520680434164566e-01,3.434139346747606264e-02,4.621611848656772756e-03,1.853312566724017892e-04,1.195995953837783038e-01
7.880452484872968455e-01,4.447615589469541830e-02,4.614814816988723270e-03,1.664047740854277164e-04,1.626973760269336267e-01
7.974734198436995714e-01,3.135900887963882777e-02,3.163753592889388244e-03,1.340775571052744801e-04,1.678697401266668610e-01
7.132178256308123743e-01,6.741694356534311261e-02,5.499927516277842467e-03,1.448791457917179924e-04,2.137204241417748340e-01
7.591653700830174323e-01,6.060948043884470393e-02,5.547153950441330653e-03,1.256860297202630776e-04,1.745523094979762047e-01
4.166597363689578670e-01,6.917698473536235126e-02,6.978019449288370632e-03,1.425398289926754617e-04,5.070427196173987738e-01
6.361326351771249277e-01,6.261572884801219763e-02,7.002104666826231699e-03,1.858131691577434542e-04,2.940637181388790489e-01
5.834488632757420801e-01,9.600160942259829133e-02,1.032248709991016866e-02,2.473977095385438622e-04,3.099796424922108828e-01
5.098025795355358714e-01,8.040788719694730302e-02,8.960461936197511301e-03,1.953112070250474558e-04,4.006337601242942470e-01
3.489847447241514744e-01,5.066303100032372442e-02,4.999492268639314264e-03,1.164148862035875240e-04,5.952363171206819237e-01
5.929310143939854338e-01,3.891158960811737233e-02,3.132163488419995728e-03,8.472418399683732189e-05,3.649405083254804727e-01
8.223288578379155389e-01,3.603637315987402723e-02,4.837410312771326520e-03,1.190198867998888997e-04,1.366783388026394097e-01
5.309803544048630197e-01,2.087046095216524844e-01,3.241476231049071621e-02,3.896932947068573174e-04,2.275105804682870658e-01
5.283443723418697058e-01,2.738307078289279883e-01,4.230016174201339102e-02,4.222722711441631777e-04,1.551024858160447162e-01
3.389316259606444670e-01,2.935263804176880265e-01,1.334605858232029707e-01,1.168062712153999060e-03,2.329133450863105359e-01
2.078472456659537226e-01,4.145165505786461146e-01,1.128604689283430051e-01,5.695942978896806775e-04,2.642061405291674658e-01
2.777075293879848750e-01,3.603050556560504214e-01,9.881299556255343508e-02,5.854694410293706042e-04,2.625889499523819115e-01
1.975352258501423264e-01,4.853746462943359097e-01,1.903651720463171437e-01,5.469275043393977218e-04,1.261780283048651308e-01
1.219433894956074155e-01,5.120081297233335382e-01,2.352060717521640698e-01,6.530199332605432982e-04,1.301893890956344335e-01
1.191329175299210147e-01,4.191955992813286014e-01,2.931320283037717744e-01,9.082909090924629492e-04,1.676311639758860939e-01
1.568934997217178162e-01,4.395069727700593454e-01,2.640534599205877075e-01,8.123760534799684624e-04,1.387336915341551846e-01
1.016868016650506190e-01,4.696413062492612589e-01,3.029417200178441405e-01,6.479803861000697079e-04,1.250821916817439206e-01
5.556409261838834990e-02,5.365587258885682331e-01,3.315753385806285980e-01,3.574978857145173772e-04,7.594434502670031895e-02
1.138278120499550405e-01,4.240647139064118165e-01,2.740948540443577941e-01,4.987807362051522794e-04,1.875138392630701367e-01
9.152487743811131560e-02,5.189785965962123715e-01,2.337859571434475203e-01,2.482623298035750909e-04,1.554623064924251785e-01
5.414499200794981038e-02,5.667984656785385322e-01,2.596468613729251418e-01,2.567354914112962723e-04,1.191529454491752765e-01
6.591952243189509730e-02,5.054498941783885924e-01,3.689278961340036744e-01,3.693502251591920782e-04,5.933333703055344160e-02
1.590065495719474864e-01,3.697600539539199760e-01,3.829801419557963826e-01,5.768815153661192548e-04,8.767637300296994562e-02
1.290089917786280960e-01,4.922789456213257919e-01,2.885905474328434583e-01,3.051814850170177771e-04,8.981633368218576441e-02
1.198505226599360929e-01,5.002837384305106605e-01,3.102254459344587212e-01,3.913069202457497304e-04,6.924898605484874903e-02
6.283099144834519700e-02,5.649522659063896945e-01,2.973697944221602163e-01,2.750672047843083674e-04,7.457188101832046279e-02
8.871723615918716832e-02,4.694784457303339265e-01,2.437973438240364776e-01,4.297523103911688098e-04,1.975772219760512094e-01
5.913429440953128086e-02,3.519335151840359832e-01,1.845467015310900127e-01,2.848837825538141650e-04,4.041006050927888338e-01
8.046734284445866692e-02,3.042288577477881284e-01,1.714223295636280731e-01,3.626440619438131628e-04,4.435188257821812141e-01
9.675046311921840780e-02,3.727632897136239354e-01,1.990309545564613036e-01,3.865337158596164244e-04,3.310687588948366677e-01
5.177984658967022674e-02,2.589479757231516466e-01,1.174289299900739686e-01,2.674020069710017098e-04,5.715758456901331996e-01
7.318546694642452666e-02,1.969683497275469264e-01,1.148210918011153131e-01,5.320696307147519417e-04,6.144930218941985212e-01
5.323653588919657204e-02,1.562273684966958287e-01,1.358726062235030563e-01,7.356298051332933827e-04,6.539278595854711718e-01
1.202235401495195533e-01,2.276968503286490864e-01,1.714463040954595785e-01,1.174119608227797715e-03,4.794591858181439514e-01
7.600434741101029790e-01,5.434509616765920148e-02,4.943642592584625989e-02,8.394075467298039214e-04,1.353355962496618492e-01
5.734839688683794900e-01,5.531933655466153565e-02,3.792900689342233733e-02,9.105601771385261065e-04,3.323571275063981201e-01
8.507250604499967395e-01,2.120983286729408515e-02,9.749483298130617176e-03,2.343596384753437317e-04,1.180812637461032266e-01
9.006316887053434916e-01,2.933789242027639785e-02,5.107467585541625686e-03,7.095746366292827447e-05,6.485199382517552180e-02
9.118977794561097250e-01,1.075513774926333682e-02,1.526410600447580942e-03,3.160412012913962491e-05,7.578906807405032253e-02
9.259894597718764109e-01,1.068360567567542413e-02,1.961731936943078222e-03,6.228056609860400830e-05,6.130292204940637063e-02
6.881313665127621881e-01,1.148595788378260346e-01,2.709655178084183560e-02,3.735543424877701404e-04,1.695389485260822837e-01
8.161444681135040513e-01,6.232677661927574220e-02,2.641426477890121416e-02,5.031782837551370758e-04,9.461131220456373003e-02
9.372606543775233723e-01,1.746324119557971996e-02,5.670289746877171452e-03,1.349924571382364830e-04,3.947082222288153530e-02
9.928221012522566724e-01,3.556840063603411081e-03,1.085699144066561064e-03,8.689497296682081157e-05,2.448464567106511947e-03
9.938020240852030174e-01,3.586792319473143358e-03,1.072837843023707579e-03,1.901293628628425653e-04,1.348216389437255401e-03
9.961836501112155684e-01,2.415734437965813466e-03,7.701543013547146191e-04,2.005355621143078764e-04,4.299255873495288777e-04
9.827263437921586187e-01,6.292909757246307502e-03,6.029632437468961277e-03,4.501205978129405906e-03,4.499080349966508166e-04
9.861939370046599596e-01,3.205850407498487317e-03,3.272663754832050471e-03,6.908447165916919812e-03,4.191016670924233587e-04
9.799614764018834689e-01,1.049176434250420273e-02,5.621369934752907215e-03,3.560735894891774601e-03,3.646534259676498181e-04
9.838415498229469147e-01,6.815152956437718623e-03,4.981251099406178509e-03,4.094250093399566526e-03,2.677960278095447557e-04
9.527551786785055654e-01,3.551537222203564152e-03,6.741793045146696542e-03,3.668160952474337766e-02,2.698815294007699396e-04
9.921022353183737152e-01,1.334703905736162304e-03,1.385189340589414522e-03,5.088663351001768663e-03,8.920808429885875013e-05
9.902465520363991081e-01,2.227398701768151194e-03,2.483656299968505215e-03,4.743766902479468715e-03,2.986260593847324526e-04
9.974079037803851300e-01,9.852187210607247451e-04,7.533908800403107476e-04,6.794598699576032304e-04,1.740267485561046651e-04
9.442578739546511057e-01,4.819587736574289585e-03,1.298327454142550463e-02,3.738418412403624047e-02,5.550796433129684231e-04
9.800204307416070515e-01,2.821510946766524284e-03,5.090748404865432820e-03,1.176784827890951443e-02,2.994616278512978597e-04
9.014839748769928329e-01,2.512727392943804854e-03,9.983649142042850394e-03,8.574820309904605808e-02,2.714454889742577183e-04
9.033679354839503350e-01,1.819040607683773594e-03,7.012717088212858801e-03,8.758730907838985225e-02,2.129977417631059963e-04
9.428184569818153227e-01,5.816863706901599998e-03,8.915052915912142703e-03,4.207182698984453240e-02,3.777994055264580144e-04
7.721482827003480764e-01,2.671664467751177011e-03,1.074034241851540283e-02,2.140078320415744750e-01,4.318783718108770231e-04
7.357837236104106671e-01,1.575406810819091237e-03,7.627997548432426285e-03,2.547646979348210938e-01,2.481740955167277595e-04
4.549008497712512811e-01,2.170874607918688633e-03,1.242859665676925192e-02,5.299057598465251040e-01,5.939191175356356737e-04
3.138437504934198374e-01,1.429395658655508577e-03,1.054939756153660049e-02,6.738595062501592237e-01,3.179500362288730409e-04
2.546663079569846944e-01,1.294028808162035141e-03,1.108619733991530847e-02,7.327058471926812810e-01,2.476187022567240856e-04
2.324608623519121009e-01,9.733335227613147591e-04,9.053583163059963565e-03,7.572726065643481386e-01,2.396143979184032515e-04
6.687991828842537734e-01,1.521415890607045280e-03,7.292766236819001914e-03,3.221606240661293308e-01,2.260109221910203104e-04
4.811062266157317691e-01,1.605022431824804216e-03,8.684950354786415833e-03,5.081750879675266397e-01,4.287126301304319755e-04
7.116381682730684721e-01,2.432559502778259500e-03,8.309387092295028934e-03,2.772420347567970400e-01,3.778503750611908680e-04
9.275248350018485688e-01,1.822022675130240956e-03,4.484775602130033206e-03,6.598093180899144983e-02,1.874349118996493466e-04
9.410686706769205712e-01,6.449470498811619296e-03,9.790546380307496230e-03,4.198664395020348938e-02,7.046684937569582625e-04
9.711051616813951570e-01,4.201329672953301765e-03,6.141293657569814497e-03,1.829823394847980220e-02,2.539810396016941229e-04
9.920110243186736065e-01,2.911626594463204848e-03,2.381547968592303936e-03,2.588666243769153184e-03,1.071348745015896674e-04
9.945745914967345502e-01,3.433024672046086981e-03,1.296188467283206688e-03,6.148530626037638103e-04,8.134230133226909537e-05
9.945318119714980920e-01,3.617885556101296893e-03,1.253993592610057502e-03,4.060647939963826737e-04,1.902440857940754335e-04
9.909719119133183485e-01,7.493787295600205789e-03,1.124543888865103250e-03,1.304234622123090167e-04,2.793334400038922525e-04
9.964773734998131349e-01,3.019499375514129915e-03,3.693633658513824944e-04,2.887112383661589044e-05,1.048926349847708846e-04
9.977529702222742714e-01,1.982135111552428639e-03,1.946161782888800734e-04,1.345875038738871308e-05,5.681973749712879553e-05
9.956164563170996074e-01,4.006840840725092202e-03,2.887913969766619854e-04,1.204974870590855801e-05,7.586169649276031405e-05
9.968274437867221671e-01,2.835315536740001981e-03,2.497875939981717883e-04,1.090982587608786483e-05,7.654325666362756875e-05
9.930603856443649402e-01,6.412936990987524837e-03,4.168023025155338616e-04,1.271489025901489289e-05,9.716017187295817876e-05
9.953845039920464766e-01,4.241530187174854041e-03,2.837894481999340382e-04,8.574581531035748236e-06,8.160179104787219201e-05
9.915539861169122560e-01,7.823106240334130879e-03,4.787160253368689575e-04,1.177397064507513985e-05,1.324176467717618963e-04
9.828080334379658556e-01,1.577187586170013256e-02,1.230352058328272429e-03,1.969548648511325480e-05,1.700431555207583924e-04
9.882853799829517394e-01,1.067970910280099245e-02,8.943140543215735011e-04,1.508320895860754746e-05,1.255136509670994006e-04
9.791184322630133163e-01,1.934273888083245033e-02,1.341006211794468954e-03,1.876877685382818094e-05,1.790538675058655452e-04
9.538977196496821742e-01,4.251896682138345263e-02,3.114714248231219632e-03,2.505771197371231399e-05,4.435415687292974763e-04
9.827404573096391038e-01,1.569119491670723301e-02,1.349147914657547378e-03,1.606827021194570678e-05,2.031315887840941291e-04
9.789420348885107259e-01,1.889613871030837097e-02,1.909863099993638945e-03,2.554023532717258021e-05,2.264230658600058005e-04
9.754592352663572496e-01,2.164128821551754983e-02,2.614875669294833976e-03,3.146241335425488199e-05,2.531384354761437804e-04
9.702244660399768073e-01,2.567471507143032072e-02,3.854180550837928241e-03,4.195776408091192938e-05,2.046805736739546388e-04
9.684151316711496760e-01,2.737763545832343909e-02,3.910050325723685855e-03,3.876385984931598344e-05,2.584186849539117366e-04
9.713085290179730436e-01,2.526285573480368044e-02,3.123382667353939539e-03,3.200318220572544750e-05,2.732293976637071892e-04
9.841997954135500715e-01,1.420526958061138836e-02,1.351446503051488557e-03,1.619458187427738299e-05,2.272939209126728275e-04
9.624135091105842088e-01,3.462249973866680236e-02,2.626380524603797242e-03,2.581635753811722744e-05,3.117942686072369880e-04
9.701434132755426543e-01,2.692202764930761577e-02,2.575239574529773583e-03,2.613964678632361453e-05,3.331798538337333335e-04
9.421412083958569106e-01,5.313273173825086571e-02,4.210448989515802078e-03,2.531408699610877795e-05,4.902967893803900296e-04
9.444844722985064056e-01,4.987804122454710803e-02,5.079709233002637978e-03,3.180117010469032561e-05,5.259760738390950423e-04
9.658033883693615262e-01,3.076963633219739064e-02,2.970006301362810002e-03,2.408003376740292260e-05,4.328889633108002483e-04
9.572577780828424032e-01,3.721968425541338082e-02,5.119444559892445679e-03,3.331037676048846695e-05,3.697827250912542689e-04
9.640612162758021020e-01,3.106610933492634855e-02,4.525077873521380842e-03,3.782631047085531685e-05,3.097702052792665234e-04
9.000465129281041143e-01,8.678374114176456988e-02,1.249223183877327080e-02,6.169948209374621017e-05,6.158146092642734822e-04
9.509426293570986122e-01,4.308592109526545449e-02,5.451680580629188373e-03,3.171683060651268659e-05,4.880521364003753649e-04
9.421277595281333239e-01,5.153200429817504646e-02,5.660107033566974880e-03,3.086370416163606326e-05,6.492654359630392136e-04
9.565563773246669177e-01,3.873875978060907499e-02,4.159398387878417667e-03,2.783626704426915327e-05,5.176282398013486033e-04
9.238934375561688173e-01,6.822184328567948430e-02,7.131674531946459276e-03,3.335529265616967874e-05,7.196893335491647697e-04
9.181235896645546513e-01,7.336718669342745525e-02,7.553924447643129217e-03,3.019048832668119601e-05,9.251087060480068505e-04
9.685392479809022959e-01,2.746974003963238015e-02,3.534057812350071496e-03,2.075334626730050380e-05,4.362008208478029012e-04
9.141491763088506195e-01,7.687729272635521194e-02,8.181549839627468013e-03,3.913770448836064109e-05,7.528434206783866586e-04
8.468974564857855158e-01,1.367217901568897886e-01,1.483895897717449862e-02,5.028128526584213905e-05,1.491513094884579010e-03
9.223216961969574745e-01,6.808087536352375180e-02,8.349752477611932858e-03,3.244576745073444421e-05,1.215230194456168051e-03
9.391538542672158707e-01,5.382600843931068663e-02,6.052161095850062608e-03,2.895336240760192296e-05,9.390228352159321916e-04
9.354621703973450275e-01,5.538656992644081650e-02,8.206798408345579096e-03,4.596001523012736747e-05,8.985012526384559542e-04
9.008703154775070665e-01,8.566587738336962909e-02,1.200948093106410722e-02,5.499721576858232464e-05,1.399328992290776053e-03
6.032344767545707587e-01,3.539608895969213465e-01,3.938537357185494664e-02,8.298558831570332925e-05,3.336274488337316515e-03
3.397020013180501175e-01,5.429863317859555671e-01,1.134044601470804714e-01,1.185033328252716020e-04,3.788703416088523047e-03
5.836194478649392448e-01,3.266954531547232032e-01,8.597678606124198319e-02,1.480310650512513249e-04,3.560281854044169362e-03
5.050580049054186338e-01,3.762422131101222367e-01,1.148000401949609423e-01,1.682745610184391380e-04,3.731467228479779397e-03
6.373912535901355980e-01,2.549349859660670070e-01,1.046169818432264170e-01,2.159652084669441024e-04,2.840813392104213440e-03
7.704491312586749796e-01,1.579014168894340431e-01,6.946587526153123748e-02,1.839111848275326003e-04,1.999665405532168472e-03
8.811395088361569927e-01,8.931901628254865222e-02,2.803128337653118182e-02,1.071404941539810612e-04,1.403051010609052476e-03
9.334884699921930373e-01,5.397071439686449562e-02,1.170185656834716800e-02,6.158912708962691778e-05,7.773699155055481926e-04
9.285990523644419570e-01,5.828965071169868450e-02,1.231825377798369085e-02,6.867988080133372215e-05,7.243632650743365075e-04
7.259594224336890500e-01,2.410819065345102263e-01,3.004766437882067792e-02,8.129613967169767178e-05,2.829710513308296947e-03
8.066990807705469724e-01,1.613380407214196621e-01,2.835941725804537808e-02,7.224027032097247438e-05,3.531220979667061728e-03
8.031645622858329947e-01,1.565933924398376920e-01,3.672904064121450957e-02,9.277495280032701586e-05,3.420229680314440524e-03
7.990408353706544009e-01,1.587870672632098745e-01,3.900373389116075507e-02,9.442218570226487012e-05,3.073941289272720100e-03
5.253722054243772366e-01,3.906291069840927555e-01,7.982095503790520574e-02,1.222873035070242038e-04,4.055445250117651820e-03
5.239216337255759859e-01,3.858343121024741529e-01,8.604463308894488849e-02,1.518029741960986361e-04,4.047618108808719202e-03
6.540442081688883080e-01,2.748413531673586374e-01,6.701249861541724862e-02,1.394324053514094640e-04,3.962507642984469149e-03
6.317002181292283858e-01,2.805807681810748577e-01,8.495531359825224393e-02,1.937728636596447917e-04,2.569927227784853541e-03
7.077969438044269257e-01,2.289501323926308729e-01,6.074535479053358444e-02,1.715317556672989662e-04,2.336037256741185179e-03
5.992302459597627085e-01,3.110758377052267321e-01,8.607069486021905191e-02,1.658460589880394532e-04,3.457375415803331381e-03
6.376745264853073136e-01,2.659074632966661467e-01,9.268533588180080662e-02,2.113310487418772199e-04,3.521343287483884050e-03
6.057553867567597727e-01,2.911111786226556752e-01,9.948700958376481551e-02,2.449950368996456872e-04,3.401429999920196640e-03
5.359414170741436667e-01,3.422962006140232161e-01,1.173636325365363386e-01,2.405805000731013946e-04,4.158169275223696018e-03
5.655316030917182379e-01,3.381636372398021395e-01,9.181432475144053751e-02,2.117418714505596542e-04,4.278693045588403791e-03
5.238701620202050879e-01,3.424852462525646013e-01,1.293469667340100271e-01,2.486506521078594642e-04,4.048974341112448506e-03
4.932409787914150412e-01,3.706473647610133426e-01,1.313846369597264085e-01,2.692827220502117501e-04,4.457736765795059647e-03
5.799449226560817738e-01,3.289915548334396145e-01,8.433710144726777602e-02,1.925363854863864786e-04,6.533884677724560719e-03
7.868562567734257440e-01,1.668697785514828003e-01,4.152921135677745124e-02,1.330232920685839348e-04,4.611730026245324139e-03
7.926866145955747678e-01,1.592428002403982745e-01,4.462655322129829849e-02,1.894612970171869219e-04,3.254570645711467834e-03
7.320957052168736157e-01,2.228938717320700647e-01,4.131573281026711814e-02,1.685798705250358455e-04,3.526110370264137327e-03
5.049555362945979953e-01,4.290765688996284744e-01,5.940065404830724427e-02,1.523861090254500323e-04,6.414854648440864587e-03
4.264312436243888338e-01,4.515263608656257532e-01,1.148615305915983015e-01,2.262228140015657134e-04,6.954642104385657699e-03
4.932166339100037544e-01,3.937801148499579518e-01,1.083671687509854820e-01,2.197297973949005395e-04,4.416352691657896880e-03
4.061590108121832521e-01,4.258455184670282279e-01,1.639359115513152609e-01,2.775264350650668167e-04,3.782032734408191221e-03
5.174176105346816046e-01,3.325844961389564092e-01,1.457610093805725704e-01,2.199513213430261582e-04,4.016932624446358305e-03
5.648749505076506860e-01,3.373666840404719869e-01,9.203457985398594277e-02,1.344960895396413614e-04,5.589289508351675748e-03
8.583614088094047023e-01,1.040932957030595712e-01,3.533391031083454176e-02,9.905029517577685553e-05,2.112334881525494094e-03
6.823839679163254957e-01,2.526106228784358310e-01,6.169807123351686573e-02,1.409653730269079769e-04,3.166372598694843030e-03
3.668067269379511885e-01,5.391718741151261263e-01,9.141395299753854453e-02,1.168688471300728291e-04,2.490577102254008107e-03
4.567191685369662024e-01,4.145455042332971130e-01,1.262559544269561684e-01,2.215791079031095032e-04,2.257793694877263928e-03
3.083737737688128089e-01,5.117748552786500760e-01,1.772008748536061384e-01,2.249250433286989514e-04,2.425571055602244661e-03
1.729176880438420827e-01,6.362524166133172177e-01,1.884790870474813418e-01,1.964531730011600261e-04,2.154355122358212696e-03
2.425344837357628347e-01,5.560298287970344422e-01,1.980975483275676519e-01,2.364084932561001532e-04,3.101730646378966002e-03
1.269731406770186755e-01,6.454774892833650135e-01,2.250480608874203259e-01,1.946650382904908483e-04,2.306644113905569927e-03
7.589403279758959175e-02,6.503731217494485017e-01,2.720107046803744155e-01,1.849054246838115472e-04,1.537235347903665589e-03
6.267080527176362159e-02,6.647257446388139535e-01,2.700436996765131492e-01,1.891112847021884187e-04,2.370639128206976625e-03
7.027229656571534755e-02,6.147093689137109740e-01,3.127160860628475092e-01,2.002280788275962733e-04,2.102020378898494628e-03
1.105131826546601470e-01,6.517984395294221800e-01,2.359057619316521637e-01,1.482272396123969970e-04,1.634388644653136068e-03
9.035246360357621076e-02,6.763484531518402232e-01,2.298727208155935120e-01,1.514813367629183551e-04,3.274881092227246993e-03
5.929261469047122368e-01,3.020612921799003536e-01,1.014547687323635733e-01,1.766828320117601878e-04,3.381109351012009587e-03
9.264016154877084963e-01,5.889908010489366963e-02,1.347126016486383318e-02,6.841009764759715191e-05,1.159634144886343907e-03
6.710833652134454708e-01,2.517770895622887251e-01,6.566116269259714144e-02,2.999322883463357279e-04,1.117845024332223686e-02
5.620216646473885636e-01,2.745513532693593106e-01,1.324359896054310981e-01,8.186682703711873959e-04,3.017232420744984239e-02
7.690893414533895855e-01,1.671488024711812737e-01,5.704409951311092963e-02,4.324639240513483067e-04,6.285292638266951927e-03
5.202960427455529668e-01,3.232397708593834351e-01,1.463186572752936399e-01,1.017788589681883557e-03,9.127740530088039941e-03
5.056318762663366551e-01,2.357034381088396191e-01,2.182104729372463248e-01,2.689134873151580694e-03,3.776507781442586809e-02
5.505074471962514426e-01,1.954830399004374164e-01,2.186947453733662783e-01,2.380803307307949399e-03,3.293396422263698831e-02
8.820641363922008260e-01,5.740088756853823498e-02,5.256745137550372649e-02,1.261827984145905265e-03,6.705696679611289693e-03
7.835119301946583681e-01,7.198673408721020794e-02,7.078118197709054593e-02,1.732022039528681272e-03,7.198813170151216467e-02
9.590709518580765591e-01,2.456484387333097291e-02,7.746462674893893341e-03,1.797152371273491112e-04,8.438026356571213041e-03
9.798306369026412721e-01,1.382093529143466407e-02,3.325151144611278396e-03,9.434976912264465604e-05,2.928926892190197688e-03
9.288263181958451575e-01,4.614823521523272326e-02,1.153633784130418671e-02,2.490505245705370283e-04,1.324005822304738511e-02
9.121267009939347803e-01,4.175068082403749631e-02,1.576205283478391422e-02,2.783271083562304351e-04,3.008223823888746262e-02
8.558497188791357457e-01,4.023852841692214521e-02,1.943633678225807973e-02,3.560844542568100657e-04,8.411933146742708867e-02
9.882514763780274603e-01,6.656254190146422382e-03,1.500667823350828288e-03,4.302493983351967705e-05,3.548576668641669277e-03
9.974188901004804597e-01,1.891225909517287290e-03,3.015915553946452382e-04,1.265573377483032578e-05,3.756367008330337436e-04
9.969428159044370075e-01,2.128402045214454735e-03,3.782357384797023969e-04,2.159951492898542499e-05,5.289467969398452523e-04
9.968127278565617200e-01,2.418792185037642230e-03,2.830131595545130841e-04,1.549165011960249480e-05,4.699751487265525838e-04
9.845519633593980968e-01,1.055465344522969751e-02,2.276226260020841347e-03,1.040588107765968735e-04,2.513098124574653178e-03
9.676758961842656381e-01,1.595440451311459784e-02,4.762434120858776397e-03,2.755971953246510770e-04,1.133166798643639277e-02
9.391091431153145708e-01,2.019695882905114467e-02,5.223968697266725969e-03,3.178830802611857511e-04,3.515204627810620402e-02
9.498906717610827721e-01,1.494076208390889005e-02,2.510944063364933723e-03,1.520243673747182455e-04,3.250559772426875327e-02
8.411926229724454585e-01,6.339308962197622022e-02,1.449611379079286666e-02,4.099216355601152184e-04,8.050825197922525933e-02
9.444381361230710370e-01,3.137147313881503280e-02,5.232057049519499639e-03,1.115092809242640274e-04,1.884682440767012843e-02
7.935029014927853508e-01,1.566816984735164009e-01,1.635634461683238214e-02,1.583800437076423348e-04,3.330067537315840182e-02
5.515950119080589298e-01,3.862939661829841720e-01,3.482210474952689150e-02,1.289077605282287363e-04,2.716000939890185831e-02
5.955429802291162256e-01,3.465751708167835732e-01,3.316951507280872097e-02,1.199081303290426201e-04,2.459242575096244957e-02
6.485034783441694373e-01,3.040389828442173759e-01,2.816778757367139827e-02,8.994242417193255043e-05,1.919980881376995643e-02
9.062949517614343753e-01,8.060298097270215956e-02,7.555342281229235693e-03,4.165138292087646962e-05,5.505073601713331155e-03
7.426056373330323090e-01,2.222178545286914997e-01,2.640250574828292840e-02,7.894292669009297903e-05,8.695059463303253175e-03
8.177243826590816500e-01,1.575352430528816905e-01,1.863498625761488350e-02,7.514859052643012977e-05,6.030239439895329970e-03
9.457835633373480322e-01,4.567125711664281329e-02,3.611263016734683490e-03,2.133675414499098630e-05,4.912579775129446991e-03
8.535092780430267867e-01,1.286449764265321372e-01,9.129899620411704997e-03,4.477162800759526990e-05,8.671074282021858093e-03
8.213339770851515453e-01,1.451827074811579965e-01,8.920218014575820309e-03,5.138881500105959015e-05,2.451170860411362729e-02
6.610409144055058306e-01,2.875973608884679900e-01,1.819334190025393913e-02,7.398431379009272064e-05,3.309439849198221595e-02
4.599538233857339842e-01,4.727716213249991695e-01,2.974677246728195737e-02,6.729494616315587685e-05,3.746048787582172135e-02
5.675478674805499724e-01,3.430458416032599600e-01,2.089608279093055354e-02,8.227704084836880757e-05,6.842793108441111438e-02
4.001184786020715589e-01,4.674014489069867606e-01,7.756948352300112315e-02,2.519442429974477781e-04,5.465864472494313953e-02
9.084149382088843594e-02,7.282485377948734184e-01,1.409478200228757305e-01,1.292520643501752012e-04,3.983289629701228240e-02
7.655028541149602739e-02,6.582691174675401324e-01,2.158435240156693913e-01,2.133538076180946895e-04,4.912371929767640061e-02
6.609583569129152958e-02,6.504997328725409256e-01,1.961324268418540018e-01,1.697380618017986032e-04,8.710226653251171292e-02
4.662427293240489767e-02,6.994169797803472255e-01,2.154013123927031592e-01,1.104046839041503207e-04,3.844703021064054677e-02
1.579574324126298557e-01,4.298768267350364658e-01,1.570280650930622190e-01,3.463794626956638047e-04,2.547912962965758754e-01
1.127656921934392098e-01,4.807323393844930015e-01,2.099485482785695689e-01,3.559724772806233074e-04,1.961974476662175226e-01
5.224185013169856812e-02,5.429638187757618306e-01,2.777396760081886629e-01,2.747937224369297873e-04,1.267798613619139370e-01
4.459185373356672200e-02,5.855513917319397077e-01,2.645337921585901864e-01,2.119522517619516246e-04,1.051110101241414518e-01
7.656565454805876192e-02,6.304622382441498196e-01,1.817803897931052348e-01,1.512443358132550017e-04,1.110404730788728533e-01
7.924891386426645423e-02,6.830910545306773107e-01,1.486013080102270012e-01,1.133565051612540447e-04,8.894536708966803429e-02
9.911449011838395495e-02,6.601056070795494612e-01,1.217800764727554469e-01,1.645947200454948574e-04,1.188352316092655542e-01
8.984678404758110470e-02,5.541290998179198013e-01,1.815098037840626177e-01,2.196905311034045606e-04,1.742946218193330843e-01
5.882899416326455716e-02,6.258531206612694131e-01,1.478601159308546853e-01,1.538124518419096151e-04,1.673039567927695759e-01
5.038165718275140065e-02,6.008149552221653256e-01,1.789998665810815515e-01,2.276654781143814968e-04,1.695758555358873321e-01
4.101391309082683123e-02,5.985717279511458822e-01,2.450037454543587401e-01,2.506972202743149849e-04,1.151599162833941564e-01
4.713963740636774313e-02,6.180682816576466010e-01,2.575081412329494057e-01,1.890127239787276750e-04,7.709492697905748204e-02
2.905238193357335963e-02,6.371840855112222979e-01,2.025719152804361933e-01,1.196724494696841165e-04,1.310719448252982144e-01
3.702527199663782631e-02,5.653802836487655803e-01,1.695944043484684249e-01,1.153719052256834782e-04,2.278846681009025210e-01
6.085754864034659956e-02,5.401231118579411516e-01,1.461695293371675364e-01,1.293622307092055909e-04,2.527204479338355791e-01
5.217462591558924556e-02,5.924618290058065728e-01,1.209376050729128182e-01,7.581725127042411409e-05,2.343501227544209087e-01
7.065585068785140699e-02,4.452711192852608080e-01,1.651926474578720994e-01,1.753214184023042690e-04,3.187050611506133113e-01
7.059165096775836534e-02,2.414674923572673326e-01,1.467845224222590339e-01,3.256074023370477397e-04,5.408307268503782517e-01
9.529503571909210546e-02,3.632453281973335169e-01,1.420457208176230945e-01,2.004239526073810001e-04,3.992134913133439378e-01
7.813973964595989641e-02,3.652559534633216254e-01,3.020179006768775598e-01,3.948688714548638794e-04,2.541915373423860314e-01
3.564598089394407227e-02,4.935526104616347887e-01,2.890115220117163153e-01,2.144300113869803260e-04,1.815754566213179377e-01
4.211232223926184709e-02,5.800623464421817976e-01,2.534036479908820527e-01,1.866265669059188133e-04,1.242350567607681949e-01
2.155462072880269878e-02,6.033254042506789316e-01,2.616690011499819835e-01,1.387718751832510010e-04,1.133122019953531207e-01
2.065400737688702706e-02,6.341719089513905283e-01,2.636071034464673168e-01,1.289326086301270148e-04,8.143804761662493119e-02
4.343906729581541865e-02,6.891521791803820740e-01,2.091566213709634414e-01,1.527863733485511550e-04,5.809934577949052437e-02
4.302086586443188559e-02,7.187341237041556807e-01,1.889565005965581912e-01,1.084622236114960792e-04,4.918004761124260965e-02
5.324745927581121807e-02,6.667060587799744642e-01,2.083637666372641362e-01,1.270450909717602635e-04,7.155567021597841748e-02
6.640388359415991260e-02,6.789235093767997942e-01,2.138895750147977448e-01,1.089241325253098342e-04,4.067410788171729741e-02
3.234886335440151361e-02,6.903511521560827813e-01,2.362490233440830145e-01,9.909499695893070380e-05,4.095186614847375756e-02
4.798631758089163396e-02,6.282575338340856685e-01,2.680672398797279143e-01,1.317194958599615748e-04,5.555718920943483741e-02
3.244718423328794843e-02,6.328185227876401697e-01,2.879834344446574601e-01,1.134804184456016595e-04,4.663737811596880417e-02
5.019425582701544930e-02,6.056474266618617763e-01,2.944081249843388814e-01,1.634003449229379636e-04,4.958679218186098914e-02
2.582777135318842926e-02,5.415906856209848907e-01,3.999122259789879563e-01,1.588365107707853760e-04,3.251048053606792748e-02
2.199608726699297731e-02,5.818479734465341613e-01,3.551075034503439198e-01,1.508517644761028331e-04,4.089758407165284410e-02
3.103556727125790851e-02,6.222489455097173217e-01,2.934640760644233737e-01,1.306312475010637552e-04,5.312077990710045716e-02
3.690323921418085795e-02,6.610118232614282663e-01,2.241028847430825699e-01,1.098575053430375593e-04,7.787219527596526969e-02
3.066271118469158369e-02,6.509136718839636515e-01,2.462394348534451827e-01,1.081407330304968620e-04,7.207604134486922387e-02
1.557627974503882906e-01,5.980230475965652159e-01,1.740371157260525992e-01,1.464042334445761592e-04,7.203063499354936394e-02
1.243335446050485571e-01,6.479517226199311697e-01,1.606907408269471205e-01,1.240819543893346044e-04,6.689990999368380931e-02
8.535216305977087747e-02,6.657861564488593009e-01,1.877521558231922960e-01,1.338047845690124949e-04,6.097571988360853817e-02
3.777994776314060055e-02,6.616153642127712287e-01,2.341357118939437765e-01,1.118909337620837419e-04,6.635708519638240654e-02
2.935885747076020375e-02,6.419536108465040414e-01,2.610884216691768400e-01,1.316270434879069251e-04,6.746748297007106043e-02
2.406759704335118336e-02,6.006436978925219217e-01,3.105235021818719132e-01,1.555338397687982990e-04,6.460966904248631459e-02
3.097361510481112454e-02,6.124339133254309564e-01,2.933709147354820468e-01,1.398055276933488772e-04,6.308175130658247309e-02
2.490777410528595415e-02,5.501333935919591189e-01,3.484287309235330476e-01,1.767386960457685357e-04,7.635336268317610697e-02
4.435681541452038412e-02,5.393739463765703235e-01,3.559502956523346584e-01,2.500294890010962626e-04,6.006891306757362187e-02
4.217303751846169235e-01,3.458732734944469089e-01,2.081564524338019861e-01,3.471183298129664266e-04,2.389278055732124012e-02
2.546407381263195990e-01,3.331553374941059742e-01,3.917377563287430808e-01,4.646794432944805105e-04,2.000148860753691443e-02
3.609039939646312978e-01,2.743480906808688502e-01,3.367688834111561835e-01,6.520194257021472454e-04,2.732701251764154890e-02
2.144008322233893760e-01,1.922617291773467685e-01,5.733559728596263616e-01,9.259572160598636154e-04,1.905550852357753774e-02
2.088279649610157440e-01,2.795740911820665531e-01,4.824625484835218248e-01,7.488762074193001505e-04,2.838651916597663763e-02
6.298344170518406504e-02,4.159963974477949855e-01,4.648164667226092894e-01,5.475795874524602355e-04,5.565611453695933075e-02
3.283120249816564445e-02,4.793255781551699624e-01,3.931881471050053811e-01,3.068684803263002896e-04,9.434820376133261355e-02
7.310194199806850646e-02,5.304071862630361789e-01,2.732709863892185398e-01,2.624219106859825576e-04,1.229574634389908327e-01
4.517842489401033973e-02,5.421125369619593792e-01,2.939159529614493449e-01,1.732848978770318152e-04,1.186198002847037442e-01
3.856697401051580043e-02,5.569322248406426423e-01,3.016171163876318895e-01,1.431267353052107470e-04,1.027405580259044271e-01
2.781674622271447517e-02,5.257634378010573872e-01,3.402186956673776130e-01,1.818468236364981087e-04,1.060192734852138663e-01
3.558235961881928144e-02,5.720124878190530060e-01,2.816493428561525070e-01,1.577226374760195681e-04,1.105980870684990930e-01
5.275307521357856799e-02,5.543066777164730174e-01,2.398017493115913723e-01,1.675024420887330360e-04,1.529709953162683711e-01
4.183116931561921964e-02,5.759409792064986711e-01,2.226227115652700261e-01,1.240864978019050888e-04,1.594810534148101422e-01
2.001432257839426410e-02,5.686980081437291723e-01,2.349146457170341595e-01,1.029618461509619793e-04,1.762700617146915338e-01
2.147397520673955534e-02,5.268671175328329959e-01,2.719468142271168065e-01,1.423443846179595562e-04,1.795697486486927119e-01
3.890417408160321694e-02,3.624023716054863287e-01,2.573027193576972738e-01,1.888940849195774169e-04,3.412018408702937045e-01
5.093002381128696604e-02,2.989583014243550330e-01,3.879616356810519084e-01,2.355355037417040443e-04,2.619145035795643617e-01
3.353605470430625485e-02,3.134314670674461234e-01,3.819357648754726497e-01,1.988438626134186361e-04,2.708978694901615358e-01
6.568849710389727814e-02,1.935335392644498276e-01,4.899396481573637940e-01,3.083367753461376459e-04,2.505299786989430011e-01
9.791535634276199440e-02,2.349866277480258392e-01,3.080204880993324679e-01,3.027179820801427761e-04,3.587748098277996345e-01
2.032101504009872495e-01,2.787394397608790597e-01,2.269477429214878939e-01,2.132917938709563059e-04,2.908893751227748514e-01
8.216456120066990831e-02,4.002794668582771997e-01,2.384607769349615658e-01,1.737150526990470165e-04,2.789214799533922262e-01
4.502311557027580818e-02,3.000840575461635185e-01,3.552455214185262777e-01,2.727592459880338383e-04,2.993745462190463558e-01
4.915171080393939546e-02,2.037850389584747457e-01,2.350117445182167419e-01,2.133879663040249913e-04,5.118381177530650916e-01
4.464874955559284403e-02,2.216822774231311244e-01,1.758431586863042351e-01,2.593437778145518484e-04,5.575664705571572455e-01
1.367622913585120337e-02,5.478359902787344887e-02,4.508423449206038630e-02,8.055131401397752156e-05,8.863753860302010512e-01
3.167030395855323366e-02,3.042866307697384906e-02,1.758702786691469788e-02,5.793998671198355839e-05,9.202560651108462331e-01
5.802588787152003491e-02,4.531191343445808983e-02,4.770507429989541415e-02,1.591030274230393010e-04,8.487980213667033480e-01
4.509323702316746924e-02,1.314012220039291190e-01,5.731188360583704816e-02,1.274510825770969853e-04,7.660662062844891818e-01
2.758189828282666539e-02,1.075946546689600797e-01,6.595265467910835233e-02,1.871577565983172792e-04,7.986836346125065766e-01
4.886959058358297803e-02,1.432279411184929352e-01,6.936551485613344503e-02,1.874888488313357913e-04,7.383494645929592481e-01
1.670385959783591834e-01,2.273781675797885149e-01,1.115390899576585576e-01,2.343201635242894254e-04,4.938098263206695537e-01
7.181307778292125854e-02,3.378414446788199910e-01,1.363748176936479817e-01,1.990117035880447011e-04,4.537716481410226654e-01
5.146481750604334215e-02,4.480095131007926779e-01,1.584571679123965571e-01,1.785737282404557715e-04,3.418899277525270231e-01
8.110040807329119139e-02,5.085531655271631202e-01,1.126118196794658466e-01,1.537976732817148090e-04,2.975808090467981781e-01
1.106045742530423481e-01,5.030493284668970944e-01,8.656951095000073315e-02,1.273671000611587424e-04,2.996492192299986534e-01
1.496537275528539435e-01,4.692708512003814780e-01,8.127956189206120285e-02,1.056953904277409153e-04,2.996901639642755577e-01
9.642726305387006036e-02,5.774577256631617805e-01,7.927741255815176635e-02,8.199181532188825879e-05,2.467556069094943849e-01
5.138887123831026305e-01,2.985870472749060922e-01,3.733267552257012178e-02,1.082534505335907356e-04,1.500833113688875009e-01
1.614104534494433807e-01,5.887427954532638008e-01,5.839017624784889615e-02,7.995799820148794576e-05,1.913766168512424926e-01
8.310954972620758496e-02,4.268440603748216988e-01,1.043320826637539611e-01,1.759698845759449857e-04,3.855383373506408029e-01
8.177010924825069138e-02,5.097445102422190066e-01,1.121813757306784898e-01,1.322515643969738501e-04,2.961717532144549359e-01
6.682195513145504362e-02,5.952952224771588252e-01,1.031887989191761501e-01,1.009808432292338867e-04,2.345930426289806192e-01
8.177880851469448986e-02,5.587343529241262097e-01,2.048463902421578109e-01,2.318273440781895122e-04,1.544086209749434835e-01
1.193673890077843608e-01,5.378765099855471465e-01,2.352723462573161339e-01,3.931294479744333018e-04,1.070906253013779313e-01
1.839343429403541563e-01,5.265785483041822701e-01,2.180086397142020904e-01,3.897551310991013941e-04,7.108871391016245711e-02
5.876354554043383693e-01,2.240283037366812557e-01,9.694542694525548621e-02,3.761573300297272986e-04,9.101465658369510547e-02
2.401989187461020525e-01,4.464991585448869205e-01,1.874121857277818159e-01,4.042750527467000752e-04,1.254854619284823947e-01
6.632333337071698309e-02,5.668415586725042976e-01,2.324452487117873167e-01,1.723482769338933356e-04,1.342175109680575629e-01
1.074534525210096014e-01,5.199391284042451655e-01,2.382767855293538850e-01,3.005139558641403631e-04,1.340301195895271524e-01
5.705648518711565337e-02,5.514613665963385980e-01,2.138766505001936935e-01,1.803056833237836405e-04,1.774251920330281729e-01
6.406373657453974524e-02,5.591787430976782325e-01,1.901183363416527328e-01,1.642319588165152319e-04,1.864749520273127625e-01
2.704275304372100522e-02,5.783763308716945994e-01,2.413409598088492036e-01,1.409944855200748540e-04,1.530989617902150657e-01
2.163960954556863256e-02,5.449131374452654830e-01,2.600795490772324636e-01,1.600944376848718008e-04,1.732076094942485711e-01
5.682627643557192770e-02,4.628801279485751374e-01,2.533106696284853077e-01,2.048894592968027487e-04,2.267780365280707144e-01
7.195064842582479803e-02,4.165299930556164432e-01,1.895332140916224650e-01,2.583856915530430482e-04,3.217277587353833401e-01
2.714248930313203356e-01,3.353740172762995631e-01,1.310763399538726337e-01,2.911328570003305543e-04,2.618336168815071918e-01
4.559006380425858346e-02,1.793458878643423571e-01,1.400616280957042992e-01,3.101188939321222965e-04,6.346923013417626880e-01
7.176821253643370091e-03,6.879778860417908037e-02,7.919349779073633910e-02,1.506789598791562310e-04,8.446812133915619913e-01
3.759923493912461501e-01,1.144116917641495312e-01,4.651188280889899385e-02,3.015648980616667950e-04,4.627825111376436817e-01
3.121419060630278297e-01,1.205420145261521803e-01,2.952381996795199262e-02,1.524697869019759732e-04,5.376397896559661493e-01
9.794574276955239633e-02,8.258627626560535728e-02,3.423836066496260822e-02,1.536719843071508685e-04,7.850759483155725915e-01
2.636946183990903844e-02,4.631064917843370071e-02,2.235790076792516790e-02,7.546827615963615059e-05,9.048865199375725199e-01
4.631718483630212213e-02,7.636714536615099580e-02,6.470808453547527428e-02,1.694406596337089056e-04,8.124381446024380171e-01
3.103741214476007926e-01,7.549511464761833601e-02,2.992775400621084173e-02,2.199891242661226984e-04,5.839830207743038626e-01
9.630134159534500804e-02,4.526914018124766903e-02,1.731472859256894675e-02,1.311177172736142677e-04,8.409836719135648231e-01
6.155646299509164032e-02,7.745788158520647282e-02,5.834133725862555159e-02,2.652660885399592229e-04,8.023790520725364583e-01
6.586873090131699360e-02,1.130353610268469144e-01,9.291100898176103684e-02,3.667733879588478069e-04,7.278181257021162365e-01
2.143527504503145720e-01,1.306499945520425976e-01,1.884356447194812656e-01,8.571294764234308567e-04,4.657044808017382076e-01
9.948649469027524839e-02,2.022439181280279441e-01,3.357692453422035372e-01,8.582049462479870820e-04,3.616421368932453140e-01
3.739424391023133537e-02,1.888912330408660245e-01,1.688910557935741352e-01,3.323936705825813803e-04,6.044910735847460748e-01
1.625061828745598680e-01,1.600617433623732488e-01,6.670059901686267723e-02,2.237758405198228551e-04,6.105076989056843484e-01
4.838449979637956533e-01,1.339264099736003355e-01,1.932388254035842523e-02,1.308162221780581396e-04,3.627738933000674848e-01
1.696096386972825720e-01,1.918298883873225669e-01,4.688289079982049801e-02,1.842625336946139255e-04,5.914933195818797840e-01
3.144220936279119166e-02,4.592733599940380940e-02,1.793378241278135304e-02,8.576987648325247059e-05,9.046109023485404688e-01
2.582822064869451373e-02,6.015837493683850318e-02,2.214040235161149339e-02,8.662217242963153878e-05,8.917863798904258621e-01
1.463077665942776398e-02,3.511316325777353448e-02,1.170226546629469372e-02,4.432801568298596977e-05,9.385094666008211295e-01
5.124672100101229644e-03,2.730348790068112472e-02,1.166580602374762271e-02,2.866437274622594305e-05,9.558773696027237365e-01
6.242194082491032622e-03,6.989892878116967315e-03,2.432946092960006513e-03,1.009164453792510584e-05,9.843248753018939423e-01
1.714941828920202305e-02,2.875857094968080341e-02,1.116883524284311216e-02,3.644118291720243403e-05,9.428867343353569686e-01
7.896824673264256356e-02,9.529176520039109310e-02,2.016809322323664250e-02,4.435903818964327444e-05,8.055275358055401513e-01
8.457253507715933871e-02,3.254328548546499972e-02,5.393663341054892590e-03,2.429136368619608626e-05,8.774662247326345810e-01
1.370673606020341995e-01,1.228285787069155477e-01,2.100717447087866244e-02,5.608693466428416551e-05,7.190407992855073482e-01
6.999394721449000989e-02,2.143846589317238704e-01,2.934571745542018453e-02,3.866745794590780561e-05,6.862370089404200568e-01
1.408450725578128393e-01,2.181145966545573467e-01,5.001107211994552937e-02,7.203945154643267006e-05,5.909572192161378634e-01
1.467873056920983577e-01,3.065645590179803537e-01,6.061447885240159317e-02,9.454258094606568508e-05,4.859391138565737345e-01
7.891189718881529147e-02,4.236745530185557773e-01,7.186225606714036207e-02,6.894571934729260031e-05,4.254823480061412089e-01
1.207170609444424558e-01,4.069511363790837000e-01,1.213540942043272175e-01,1.005753289655035110e-04,3.508771331431811968e-01
9.070699656699438007e-02,4.184394080020322759e-01,1.087456947665225299e-01,1.253864665620003872e-04,3.819825141978888117e-01
1.383309513258996204e-01,3.807038374075830678e-01,7.956978414272947164e-02,1.319575077557642569e-04,4.012634696160320424e-01
2.090335198379959236e-01,2.741422988488624313e-01,4.790614227650880075e-02,1.692664611964851923e-04,4.687487725754364565e-01
3.434836323979388317e-01,3.505189866435593493e-01,6.054821162672137380e-02,2.492631349132993926e-04,2.451999061968671290e-01
1.710882786522594512e-01,4.761171462488699713e-01,1.744858816990799699e-01,4.684517170280506947e-04,1.778402416827625787e-01
1.154189427315146232e-01,5.412503645585609036e-01,1.718134872369026511e-01,3.797172410732100700e-04,1.711374882319485480e-01
1.899601954837809858e-01,5.143384625875180305e-01,2.055080049456978475e-01,3.868288712879675321e-04,8.980650811171514425e-02
1.964870647819051963e-01,3.747280901931817620e-01,2.843653344638832903e-01,1.252855525849582395e-03,1.431666550351801404e-01
1.215303610788204258e-01,4.876624353782315069e-01,2.658568305427573275e-01,6.306594969548489022e-04,1.243197135032359651e-01
1.058573100519767107e-01,5.137250075062701482e-01,3.035337552451689569e-01,3.727525832144782422e-04,7.651117461336971737e-02
1.386173985735949243e-01,5.716154528797552370e-01,2.155999686155514461e-01,2.352511083550471447e-04,7.393192882274327027e-02
2.067780534458028840e-01,4.174899743839780020e-01,1.719921000331064154e-01,2.367198027667897641e-04,2.035031523343458215e-01
2.430198874159645306e-01,4.288148613625324401e-01,1.689805290095242329e-01,2.203243233381348989e-04,1.589643978886406683e-01
1.890270508684873396e-01,3.732979223992073381e-01,1.271054336623722858e-01,1.919250497631075781e-04,3.103776680201698612e-01
1.893820029864913546e-01,3.121479772235845052e-01,1.391429521670572711e-01,2.625158591010573320e-04,3.590645517637658379e-01
1.103995777433368214e-01,3.720279058196598876e-01,8.289865306836795289e-02,1.291985116750936173e-04,4.345446648569602499e-01
1.074618547812293406e-01,4.671249541971930763e-01,7.125767547715355921e-02,9.744214745370231748e-05,3.540580733969703742e-01
1.370536145605790179e-01,2.719799298639174467e-01,8.685975977834996253e-02,1.942596156258413862e-04,5.039124361815278119e-01
3.375657473728803648e-01,1.709551659728704709e-01,5.735856194094696159e-02,3.167791824022101951e-04,4.338037455308999535e-01
1.724039852222411240e-01,2.549387273194013703e-01,7.173300349446544433e-02,2.217673660252333901e-04,5.007025165978667980e-01
1.557593916106344845e-01,4.090031304079979613e-01,1.227960328486067260e-01,3.308846806173317934e-04,3.121105604521434707e-01
2.202853853212793089e-01,4.456319444426753429e-01,1.526118724801934223e-01,3.722487996503264147e-04,1.810985489562016437e-01
5.208328796687390350e-01,2.497044887442578520e-01,1.239689602552078856e-01,3.882629070365309571e-04,1.051054084247585590e-01
5.082757154544882416e-01,2.784707710625812793e-01,1.266185324176175853e-01,3.749764659890496570e-04,8.626000459932377240e-02
2.856093125463188831e-01,3.494397099813069674e-01,8.114963501908910304e-02,1.884387405339740947e-04,2.836129037127510522e-01
6.586471975840623161e-01,1.984871291849349406e-01,3.665111371018246744e-02,1.069903778994443121e-04,1.061075691429208545e-01
3.285067258494423492e-01,3.724885555009891380e-01,8.297490299512959300e-02,2.696886419513888264e-04,2.157601270124875070e-01
1.537425072107731494e-01,5.921781218948624081e-01,1.253708928908613407e-01,1.817532205533712946e-04,1.285267247829497139e-01
1.223237292721949115e-01,6.295986106661574100e-01,1.443400836674394450e-01,1.689547053986463639e-04,1.035686216888094674e-01
1.238429868158538727e-01,6.678924443836913305e-01,1.184117315379983049e-01,1.270543617575541767e-04,8.972578290069897766e-02
1.127263393288857746e-01,6.021379332257348338e-01,1.888238752459571457e-01,2.046815877411599816e-04,9.610717061168103093e-02
6.337200813856136428e-02,6.239062711912541914e-01,2.449897126807663028e-01,1.788323019472149507e-04,6.755317568747080947e-02
5.261982235820042431e-02,6.223047219423539778e-01,2.599238801220522532e-01,2.012371135265248487e-04,6.495033846386681631e-02
4.595320419375480137e-02,3.690503296715783588e-01,5.683500321248047271e-01,3.513016108774036101e-04,1.629513239898477614e-02
2.255975913688090459e-02,3.855187665695335997e-01,5.643968702830339801e-01,2.588095663508457596e-04,2.726579444420068263e-02
7.430840725678142245e-02,3.366665852912282264e-01,5.540019139441061391e-01,5.771797004467719115e-04,3.444591380743745879e-02
1.396517225313005373e-01,3.304889009524004662e-01,4.089307351835920756e-01,4.826601645737136964e-04,1.204459811681332926e-01
1.071308290247321715e-01,2.994885695163768680e-01,5.159025572748293653e-01,9.470919085535932022e-04,7.653095227550806012e-02
1.027694960392148138e-01,3.062746147866546309e-01,4.916843295146313686e-01,6.451074103483832181e-04,9.862645224915080056e-02
2.286903219896254669e-01,3.581320960119543928e-01,2.512729900612389877e-01,3.759581055343601350e-04,1.615286338316467007e-01
1.180265624862006507e-01,4.019618366145216726e-01,3.180264123746917582e-01,3.887920940475680736e-04,1.615963964305383860e-01
2.984156762491927961e-01,2.883848355754546899e-01,2.395828276511862420e-01,7.447743643236676104e-04,1.728718861598425305e-01
2.218043612231261619e-01,2.131343188186344273e-01,1.340529345835164976e-01,6.981557837310581327e-04,4.303102295909916331e-01
2.490135202913472678e-01,1.295265870448251699e-01,9.914426227070567699e-02,4.510658790478925878e-04,5.218645645140741474e-01
1.528728807101127629e-01,2.501010563109996587e-01,1.378596913847027206e-01,3.570700222330936433e-04,4.588093015719518220e-01
2.961402149854079902e-01,1.986764440474649285e-01,1.899602606520206238e-01,5.986465228510474924e-04,3.146244337922555201e-01
1.910477720397322776e-01,2.444523128457244399e-01,1.638394898924676324e-01,3.994135978579579568e-04,4.002610116242177885e-01
2.132859470235074772e-01,2.660256795994663248e-01,1.629956181467525911e-01,3.119729039943622100e-04,3.573807823262792338e-01
2.342177927342497523e-01,2.503798852982627166e-01,1.827854904233515987e-01,3.486107621844802547e-04,3.322682207819513955e-01
2.674750327221399604e-01,2.907893164953844201e-01,9.212466593340357113e-02,2.141023176324210748e-04,3.493968825314396343e-01
1.306263044555050767e-01,4.529208469499898526e-01,1.811037302462280008e-01,2.714594294736929819e-04,2.350776589188033339e-01
7.609137265143335604e-02,4.650223568635488136e-01,2.596960383606903844e-01,3.325674824285800783e-04,1.988576646418989402e-01
1.079466575329134786e-01,4.853482886896046122e-01,2.699442661262843601e-01,4.522120307061912921e-04,1.363085756204914234e-01
2.072164404052534159e-01,3.731068937961442566e-01,3.057619204154650716e-01,6.526699001410422515e-04,1.132620754829962439e-01
1.696512002286744425e-01,4.060770155752255750e-01,3.348988313790920435e-01,6.756048788143832490e-04,8.869734793819351870e-02
1.888537601437433322e-01,4.330364516444520362e-01,2.632812152357396629e-01,5.597608964569120334e-04,1.142688120796080814e-01
1.648023953674936370e-01,4.352607639424326824e-01,2.295757986672297690e-01,4.969830434969927865e-04,1.698640589793469213e-01
8.098262540594614034e-01,1.307038330794775549e-01,3.364877536519880752e-02,1.513664246016995581e-04,2.566977107126036661e-02
4.829289691100785986e-01,3.786069868670098315e-01,7.552277938627242893e-02,2.425571012806525815e-04,6.269870753535845831e-02
2.058882384737867333e-01,5.792848000149952714e-01,1.120452372382870765e-01,2.274859797340398086e-04,1.025542382931969865e-01
1.727188964647057567e-01,3.261345286500428320e-01,1.249424280770559531e-01,2.524177289825121646e-04,3.759517290792128708e-01
2.083474548851218244e-01,2.701246639906884073e-01,6.905819340838487141e-02,1.883786813943311817e-04,4.522813090344104947e-01
1.008649284181848960e-01,2.445673071582853408e-01,7.608073359305590755e-02,1.602168692171041897e-04,5.783268139612567360e-01
2.047200796256917754e-01,2.219085655823214154e-01,6.374441451143533777e-02,1.877200391800024483e-04,5.094392202413715598e-01
1.392722288259731767e-01,3.436125396399813958e-01,1.002375984872635045e-01,2.220225067756310857e-04,4.166556105400062715e-01
3.586792539549626402e-01,1.800852957472085514e-01,5.957037931429773336e-02,2.716699444986347294e-04,4.013934010390323714e-01
2.712371109140119807e-01,3.514502064366159528e-01,1.162759207827443325e-01,3.239268245682563278e-04,2.607128350420593876e-01
2.297275316778333853e-01,3.540057906558581324e-01,1.464672844178853683e-01,4.412615127009307850e-04,2.693581317357222615e-01
1.444029920336261930e-01,2.100774461955889905e-01,6.708549601378643867e-02,2.763747441831380393e-04,5.781576910128152225e-01
3.446187403105095692e-02,3.704302942896092049e-02,1.325446040182593106e-02,7.431270143382496651e-05,9.151663234367284350e-01
1.821738503984416530e-02,1.888593149842858823e-02,3.893414722737140524e-03,2.931070116729541048e-05,9.589739580378229267e-01
4.418963248160831525e-02,1.510093312840029775e-02,3.296759666902087608e-03,4.667673710592809154e-05,9.373659979859834124e-01
3.699553657676517976e-02,3.352398258155989824e-02,9.414657505047215741e-03,7.614875758786508460e-05,9.199896745790400177e-01
5.903501099834677912e-02,2.815366076343148172e-02,1.395358560508931471e-02,1.204890754071650546e-04,8.987372535577251575e-01
1.431541114627281619e-01,4.141044662802393500e-02,1.382974184273732740e-02,1.196673156780379545e-04,8.014860327508324112e-01
4.766603152771210772e-02,3.849867281529406604e-02,1.748058438649348692e-02,1.207581668698428252e-04,8.962339531036304097e-01
5.299636067714712934e-02,1.133994237234287883e-01,2.743432608023938651e-02,1.125748170980522882e-04,8.060573147020866358e-01
5.272483763198717449e-02,2.667499885046890062e-01,6.034668846319323626e-02,1.156075370072144186e-04,6.200628778631234184e-01
5.882625380296448159e-02,3.139574587992347565e-01,5.131024624306858989e-02,7.120201938279053892e-05,5.758348391353493856e-01
9.307761365195872660e-02,3.126680565945978429e-01,3.659699622413341291e-02,5.983043578301854546e-05,5.575975030935270693e-01
1.031917979703261545e-01,2.489181764975989253e-01,4.451112245183876104e-02,7.978789179909221492e-05,6.032991151884369296e-01
8.382619429657785226e-02,2.279012271767504871e-01,4.134506589115310299e-02,1.026310392629841540e-04,6.468248815962556186e-01
1.087328390390555899e-01,1.732095194883292444e-01,8.619227199707232834e-02,2.587357977811074604e-04,6.316066336777615975e-01
8.458016469669860093e-02,2.625141715174936219e-01,6.527060686118141275e-02,1.459289163276559543e-04,5.874891280082987777e-01
2.043551375843720083e-02,1.217524626961602602e-01,2.707012897405271235e-02,5.466223202352759447e-05,8.306872323393265090e-01
1.098995844274372191e-01,2.430054275377249717e-01,3.837615778306537051e-02,7.638756999612297252e-05,6.086424426817762523e-01
6.059270886546646445e-02,3.998995565476092251e-01,7.769584523400785425e-02,7.982442829921584980e-05,4.617320649246172137e-01
6.524853687759647747e-02,4.676510902624780308e-01,7.232965561271821608e-02,7.287472376567040975e-05,3.946978425234416998e-01
5.346947994325398912e-02,5.329497039730443086e-01,8.601755858322505943e-02,6.630463011060264589e-05,3.274969528703661759e-01
7.250183881995955759e-02,5.505008884792422785e-01,1.149302859718869946e-01,9.286319856185977983e-05,2.619741235303493232e-01
3.719433118131990068e-02,5.338697854794007824e-01,1.475562080694466649e-01,1.147552321168480625e-04,2.812649200377158043e-01
5.600435836882081131e-02,5.744511834617563872e-01,1.497975901502512086e-01,1.299042394523294060e-04,2.196169637797192598e-01
4.727960542274882438e-02,5.801107729533052648e-01,1.176044387159691645e-01,9.572685830244572955e-05,2.549094560496742434e-01
2.713224563469824810e-02,5.731241674591533997e-01,2.263402616739366158e-01,1.406040360163857128e-04,1.732627211961953739e-01
4.901169675111709950e-02,4.399426850973515712e-01,3.684728155655173643e-01,3.312362691958215563e-04,1.422415663168181410e-01
1.211292848863351201e-01,5.463793912366964323e-01,2.075404218303485426e-01,1.686731047434048838e-04,1.247822289418763636e-01
1.031485738560218163e-01,6.215252635082160193e-01,1.562441679762380797e-01,1.119763460462859593e-04,1.189700183134778377e-01
7.364735402507481543e-02,6.373868795263090137e-01,1.405094330861391128e-01,9.193434766857631923e-05,1.483643990148084402e-01
4.040449802235249882e-02,6.251094637372451857e-01,1.933275516999814203e-01,1.079701086337122939e-04,1.410505164317872040e-01
1.116334189768222879e-01,6.102555959755862069e-01,1.297019331535940456e-01,8.668996526575879899e-05,1.483223619287316886e-01
1.707484403801578787e-01,5.220705805593528481e-01,1.426834558141210352e-01,1.197559183289903604e-04,1.643777673280392149e-01
1.100072874728033889e-01,3.898993477124281792e-01,1.489289165651650204e-01,1.384216618037569326e-04,3.510260265877996888e-01
4.098410366551882289e-01,2.346102319243187906e-01,7.304993893954533912e-02,1.654819669153777446e-04,2.823333105140322097e-01
1.505405461591588223e-01,9.694260001249493941e-02,2.059200296482174841e-02,8.065339095840529994e-05,7.318441974725660160e-01
2.676548243813060834e-02,8.583808595079460424e-02,1.353099887463149117e-02,3.140449289105433242e-05,8.738340282435522743e-01
2.496227022045232821e-02,1.830087206264370547e-01,3.243912738257083428e-02,3.823647304830497953e-05,7.595516452974915289e-01
2.748075490646551683e-02,2.690287204513961972e-01,4.082609298974719525e-02,3.572603374808377817e-05,6.626287056186431768e-01
2.733439431367412978e-02,3.099102349308157089e-01,4.989257494176595892e-02,4.003385925534087803e-05,6.128227619544889260e-01
5.061259769501236933e-02,4.533100641855342117e-01,1.080458860626942047e-01,7.930380030391074371e-05,3.879521482564552981e-01
8.859965653115288442e-02,3.988310868492548900e-01,9.834239201375441497e-02,8.597155313296589722e-05,4.141408930527047949e-01
7.182911396848609686e-02,2.856776707205588295e-01,6.984346757991752308e-02,9.455522910340118613e-05,5.725551925019340960e-01
9.996739954318369092e-02,2.951291166686546008e-01,5.604575169384178046e-02,8.926274124290855161e-05,5.487684693530767710e-01
8.396157248788226057e-02,3.756890816196033489e-01,5.454498336762580307e-02,7.157417708201824127e-05,4.857327883478065877e-01
3.468966498305155882e-02,3.441699231392554847e-01,7.021410147808100632e-02,7.120851809586564761e-05,5.508551018815160960e-01
2.752421657746225922e-02,4.471622923711760511e-01,1.537827640506618243e-01,1.286282620789085855e-04,3.714020987386209560e-01
5.205069737162083821e-02,3.992867150246316443e-01,8.298883994229394601e-02,7.053557176795852872e-05,4.656032120896856363e-01
3.126933664187178663e-01,3.869843394514276835e-01,5.506658509121544615e-02,9.068568431525820335e-05,2.451650233543237467e-01
2.630480253437965654e-01,3.419782302228734916e-01,2.565377031280734882e-02,3.718258275008255509e-05,3.692827915377725478e-01
3.539731673840596504e-01,1.595317900282824664e-01,1.305209404634025128e-02,3.509396347517039797e-05,4.734078545778424574e-01
1.258939401414300163e-01,2.354874264688802954e-01,3.417837314782752600e-02,5.649970426401082664e-05,6.043837605375981248e-01
1.070450788812924714e-01,3.744656723449111824e-01,5.237427168267568683e-02,6.424003680621064841e-05,4.660507370543143790e-01
8.157333196829699706e-02,5.316867188395777433e-01,1.057046341975922121e-01,8.233418792468642029e-05,2.809529808066083545e-01
4.962529102029384492e-02,6.304278655669673936e-01,1.645510385425950628e-01,7.980242116942379196e-05,1.553160024489742552e-01
1.034144182411086688e-01,5.942627961814415105e-01,1.078736359719176807e-01,8.548703271364810504e-05,1.943636625728185352e-01
4.934177520567908926e-02,6.104915335464395909e-01,1.103444611455203228e-01,5.634138011469215837e-05,2.297658887222463475e-01
3.296947596071743425e-02,6.007812159213540282e-01,1.466175189229719511e-01,8.849109293608278337e-05,2.195432981020204177e-01
5.458457683365658397e-02,6.175093437673019325e-01,1.719689926663542090e-01,1.171828460223585237e-04,1.558199038866650288e-01
2.220549036107012375e-01,5.205983008412029545e-01,1.447177914485933137e-01,1.728620344946797086e-04,1.124561420650078414e-01
2.444825649869547535e-01,5.497108945261017787e-01,1.092630040324437252e-01,1.152744391823104812e-04,9.642826201531741470e-02
2.438312385500314705e-01,4.352350074104471278e-01,1.053993605441072984e-01,2.158246184233590843e-04,2.153185688769907735e-01
4.848673905692595376e-01,1.797079379355975282e-01,2.675822798654053231e-02,1.082228936370601113e-04,3.085582206149652951e-01
2.902733865728656659e-01,1.793609009684366262e-01,4.684410862300111833e-02,1.731695428338558634e-04,4.833484342928626165e-01
1.311025481015681005e-01,2.562872583571894625e-01,6.552479706348944555e-02,2.291219705647236870e-04,5.468562745071883224e-01
1.179610017122960097e-01,3.201089385617769123e-01,2.924100853328518435e-01,5.155664178515350195e-04,2.690044079752236250e-01
1.212866430735943801e-01,3.474616587076432284e-01,1.566404233720261330e-01,3.079357637251072021e-04,3.743033390830111662e-01
3.710041101357385712e-02,2.110909958514566309e-01,9.305826606722344962e-02,1.146223661642001447e-04,6.586357047015818367e-01
4.226194077137360172e-02,2.473026894155616606e-01,9.777983898495286319e-02,1.419512925046804129e-04,6.125135795356072554e-01
3.584117289039745469e-02,1.672731789194511487e-01,1.478090759755641692e-01,2.651827925449118427e-04,6.488113894220423061e-01
7.313509356750290402e-02,2.926433096419401858e-01,9.248020339964388437e-02,1.400700459978518277e-04,5.416013233449152864e-01
1.003711561804002811e-01,3.760114171624361346e-01,1.531766768156021530e-01,2.165259251292428976e-04,3.702242239164321713e-01
5.807685025738309331e-02,3.394026110775901772e-01,9.749782172216003850e-02,1.239716796057208027e-04,5.048987452632609507e-01
9.360363136434089737e-02,3.591674741262447790e-01,1.345580424971655753e-01,1.591775229950585671e-04,4.125116744892536325e-01
8.241410210343251552e-02,3.575543213092270967e-01,8.640388532753531803e-02,1.258824869548979934e-04,4.735018087728501412e-01
8.891724096278401379e-02,2.972124564447475858e-01,1.733916158214211523e-01,3.904721757304527568e-04,4.400882145953168290e-01
3.046386474248112264e-01,3.338351220246912887e-01,1.473691298810957950e-01,2.742508367857277030e-04,2.138828498326159344e-01
2.480721372206632080e-01,4.544629006698679419e-01,1.074558294131869873e-01,1.589446403132422356e-04,1.898501880559686772e-01
8.129922797812866309e-02,5.958427433656071637e-01,2.071656994629336723e-01,1.576932942416406922e-04,1.155346358990888833e-01
3.431037855914451790e-02,5.493201213670442229e-01,2.794725866960615646e-01,1.190585976774733470e-04,1.367778547800722333e-01
3.270774866903304601e-02,6.126246854859509483e-01,2.172345804519000556e-01,7.319308765166430335e-05,1.373597923054644121e-01
8.961697519262833145e-02,4.269412331482410616e-01,3.394697148413025056e-01,1.783359982908759957e-04,1.437937408195372191e-01
8.020997372816654480e-02,5.300417574862892334e-01,2.432463532189134692e-01,1.441679606474815969e-04,1.463577476059832738e-01
1.111822197511814075e-01,5.466830673172881072e-01,1.759337598831404725e-01,1.081110704460328729e-04,1.660928419779440501e-01
9.099666492435715126e-02,5.781062340414658829e-01,1.457968627404228334e-01,1.047720455713619297e-04,1.849954662481826662e-01
7.207566730317020720e-02,5.801712133154334206e-01,1.938055924726130308e-01,1.172151251986554201e-04,1.538303117835846112e-01
4.444504814135940424e-02,6.115980270298304600e-01,2.060042183032175511e-01,9.184107392653124155e-05,1.378608654516660093e-01
1.278175941878161304e-01,5.871239084800340402e-01,2.137350452586299354e-01,1.071010274535456793e-04,7.121635104606628686e-02
1.201990125161904316e-01,5.292978934985275163e-01,2.035695691761495452e-01,1.121380296164783264e-04,1.468213867795160887e-01
6.681586099975313220e-02,6.234189926648056046e-01,1.579109860370374874e-01,6.394880938418415108e-05,1.517902114890196108e-01
2.893090919106248993e-02,6.194872368178824251e-01,2.056378608271892117e-01,7.006376406222918616e-05,1.458739293998037312e-01
2.904844659004738802e-02,5.824437876081047794e-01,2.244580301864010641e-01,9.298837313284609798e-05,1.639567472423139605e-01
4.907243755853602646e-02,6.031567407750897392e-01,1.698403170279446373e-01,9.462313508109094432e-05,1.778358815033485030e-01
7.710542669090504619e-02,4.613146478548102447e-01,2.617310586367663783e-01,1.969782754898153103e-04,1.996518885420284495e-01
6.195278892457192210e-01,2.439146001958866217e-01,6.311561099521979801e-02,1.314147093437041084e-04,7.331048485383075131e-02
2.839745631120194069e-01,3.956238701532376334e-01,2.011489469772506089e-01,4.379306768587464633e-04,1.188146890806337508e-01
7.795441859220021696e-02,5.397104439972688628e-01,2.689379085969992311e-01,2.000455599815241091e-04,1.131971832535502848e-01
4.893494387251912103e-02,4.399467018387401285e-01,4.383574828738162066e-01,1.833581995178886490e-04,7.257751321540664713e-02
5.063220510345241288e-02,4.847008212207590261e-01,3.613213575301917335e-01,1.885744432952087012e-04,1.031570417023015968e-01
7.778656516485518702e-02,4.457291804947646763e-01,2.496632170349476765e-01,1.797658772545193229e-04,2.266412714281779706e-01
3.763407065943671914e-02,3.789741625986645102e-01,2.505069872451657353e-01,1.785247599423543522e-04,3.327062547367906631e-01
3.595844989605524039e-02,4.052434730941043006e-01,2.291114138366240338e-01,1.618784690329736311e-04,3.295247847041833933e-01
3.795929736868711851e-02,4.146212447376946830e-01,2.175565329512432478e-01,1.635939460155617486e-04,3.296993309963593966e-01
5.352093387672487296e-02,4.648973694916189725e-01,2.066039014399940477e-01,1.389387303500827563e-04,2.748388564613120644e-01
7.582441675572998419e-02,5.271425089504068184e-01,2.333046659341798668e-01,1.234669461388830062e-04,1.636049414135445634e-01
1.056258243392639712e-01,5.504502753387964242e-01,2.246750350516118488e-01,1.423709333221587691e-04,1.191064943370056389e-01
2.162124368127678331e-01,4.509531816656325853e-01,2.398960213539633179e-01,2.124462465076444075e-04,9.272591392112858322e-02
8.195786091796244954e-02,5.810302210511693044e-01,2.406837166510246151e-01,1.453042374865056027e-04,9.618289714235718491e-02
1.709338372567144326e-01,5.662282599666298433e-01,1.956015785807431462e-01,1.372396626265094265e-04,6.709908453328609912e-02
1.095901975470286588e-01,6.375762182336621731e-01,1.711525102621909156e-01,1.092540555396630323e-04,8.157181990157862106e-02
4.590516486356217146e-02,6.293344727490928214e-01,2.437632880692488513e-01,9.048382196243586698e-05,8.090659049613370402e-02
5.510543045130825851e-02,5.274628035367381340e-01,2.529087126588779322e-01,1.119094839409963415e-04,1.644111438691348015e-01
5.394529551791475003e-02,5.548204047500553404e-01,2.709544123507369173e-01,1.073847094652160953e-04,1.201725026718277328e-01
3.491704905234938039e-02,5.970717104078555604e-01,2.178426504016206244e-01,9.580973211989104175e-05,1.500727804060545678e-01
7.948910205100934157e-02,6.112152229134233394e-01,2.060367840105704340e-01,1.202778105731632240e-04,1.031386132144237050e-01
3.036520833234814670e-02,6.012258271875046134e-01,2.953329696889280820e-01,1.108473575696238711e-04,7.296514743364959643e-02
4.432532820329486423e-02,6.181574713878059679e-01,2.521698517255454020e-01,1.025386481451525929e-04,8.524481003520864575e-02
5.783842631482524060e-02,6.068955812861794863e-01,2.236168289218544991e-01,1.006409670613316742e-04,1.115485225100792954e-01
1.756410431818112294e-01,4.230267825645964708e-01,3.297991606877031523e-01,2.322190092230345883e-04,7.130079455666614441e-02
2.081525192820564418e-01,5.108775921656193431e-01,1.646252961267590798e-01,1.281518265863703548e-04,1.162164405989788568e-01
1.228454819318505892e-01,5.735469333964179350e-01,1.524144105874883637e-01,1.247167828093359652e-04,1.510684573014339505e-01
