9.752120651316127375e-01,7.924646070797873240e-03,6.807523190112498880e-03,6.499620585265522034e-03,3.556145022211412102e-03
9.970571124590580370e-01,1.805946356602100827e-03,5.964141704857689203e-04,2.783955645666934373e-04,2.621314492872239897e-04
9.970420286236327811e-01,2.449025515837434473e-03,3.238649406476519889e-04,4.083081577867453204e-05,1.442501041033629570e-04
9.971573634956354404e-01,2.416561306227299824e-03,3.295132573730050977e-04,1.913566311940877149e-05,7.742627764480571973e-05
9.993119097460896327e-01,5.580511775745210061e-04,9.119438394404114621e-05,7.002268423352030471e-06,3.184242396863399481e-05
9.977984263295963663e-01,1.895469437709131413e-03,2.300068369776879691e-04,1.249836675064441370e-05,6.359902896615937163e-05
9.955696592945930679e-01,3.954649341045984173e-03,4.022178902661346445e-04,1.408894067423716146e-05,5.938453342045719118e-05
9.949031558036842693e-01,4.510551326890005312e-03,5.177039123136108331e-04,1.627297804853334941e-05,5.231597906368542009e-05
9.905943397600511791e-01,8.323795699154479255e-03,9.849051746827245605e-04,2.055412366192665280e-05,7.640524244969684557e-05
9.880257350007904948e-01,1.042447583290828476e-02,1.454967126920760512e-03,2.541541505504441405e-05,6.940662432523677847e-05
9.921828956821848733e-01,6.717232502359025102e-03,1.028748851617254049e-03,1.971959672891647868e-05,5.140336710981530718e-05
9.975823112410198146e-01,2.086623769648756309e-03,2.936084765095514333e-04,9.830522493695118761e-06,2.762599032801803071e-05
9.968853767226661944e-01,2.562659345873555608e-03,5.034218659362803532e-04,1.748151939007291987e-05,3.106054613385576048e-05
9.985169520361301121e-01,1.199663122372403995e-03,2.547413046250934939e-04,7.929251368250985418e-06,2.071428550416803182e-05
9.983274227492792141e-01,1.400060921604681955e-03,2.377648564260544323e-04,9.522354108893288203e-06,2.522911858125572766e-05
9.987920332648849708e-01,1.004713848286176506e-03,1.659643033941112379e-04,9.821862486278815728e-06,2.746672094843705559e-05
9.981485269671591665e-01,1.622753442661285881e-03,1.831712863738329438e-04,9.639761146474612780e-06,3.590854265907910612e-05
9.992660468489432679e-01,6.283359190037669057e-04,7.356679496778568506e-05,5.248954446305214964e-06,2.680148263894356069e-05
9.995506069323186749e-01,3.785283937947455562e-04,4.027574482440804502e-05,4.292216152694026928e-06,2.629671290948776760e-05
9.997283719190668272e-01,2.084125418185233389e-04,2.397918979004337351e-05,3.308626427610960005e-06,3.592772289700120816e-05
9.995888853181986722e-01,3.341113439502385704e-04,3.468552484522705693e-05,3.514651375327909219e-06,3.880316163045175370e-05
9.991901314854891858e-01,6.925066049172568699e-04,6.262347797106558578e-05,5.229744639559977634e-06,4.950868698316381777e-05
9.971107055980655831e-01,2.569514459992320015e-03,2.243169189717352549e-04,1.120206418347254619e-05,8.426095878697663442e-05
9.984895811740575056e-01,1.329528855430553609e-03,1.293775168557103217e-04,6.180322878371156411e-06,4.533213077779008542e-05
9.931793666046782043e-01,6.311786067103930704e-03,3.987127903952368503e-04,1.177945843748413475e-05,9.835507938504315175e-05
9.903972316434640488e-01,8.847306812400739656e-03,6.333985740249149180e-04,1.318549622809297085e-05,1.088774738823665829e-04
9.907290030625156563e-01,8.646892425788896969e-03,5.307669013635737390e-04,1.207872985938445393e-05,8.125888047252183667e-05
9.809242435133647131e-01,1.763076261154648827e-02,1.324657324374292535e-03,1.942369625981169742e-05,1.009128544548448223e-04
9.780300166870047329e-01,2.022615020095392888e-02,1.598039397440076609e-03,1.983802131962973553e-05,1.259556932815749123e-04
9.795403815140781845e-01,1.851125478026082599e-02,1.792939681339591421e-03,1.662955334443687349e-05,1.387944709769486028e-04
9.749320354022912305e-01,2.284286413642409516e-02,2.030157834407769323e-03,1.791203056921308217e-05,1.770305963076666334e-04
9.618473003096073004e-01,3.561920270025599466e-02,2.250909721888647540e-03,2.431150918426309049e-05,2.582757590637042833e-04
9.790148316594529110e-01,1.935478197444891191e-02,1.366081516288494488e-03,1.553227150730600379e-05,2.487725783024367769e-04
9.678301824432210543e-01,3.007759903158940817e-02,1.673628080678582009e-03,1.679072947327044798e-05,4.017997150377042239e-04
9.852209447669619813e-01,1.360767487379285420e-02,7.846743973299903771e-04,1.124306552221446033e-05,3.754628963929813987e-04
9.741753816641062214e-01,2.359515583370045202e-02,1.747495274985464905e-03,2.498077684695585110e-05,4.569864503608461010e-04
9.542595832340640127e-01,4.176551438275514366e-02,3.456242272689637792e-03,3.036838868471493868e-05,4.882917218064597269e-04
9.506152578945197273e-01,4.535501888644455359e-02,3.532567968149383491e-03,2.684062944871090737e-05,4.703146214376197846e-04
9.669374594029516157e-01,2.816313052206206174e-02,4.600562194026350422e-03,4.084667073841845557e-05,2.580012102215516450e-04
9.603507568491693736e-01,3.374622442589295807e-02,5.607843741925105062e-03,4.334084047004850597e-05,2.518341425424719545e-04
9.770539156883791820e-01,1.930101601935004657e-02,3.425580004616969251e-03,3.171689032175458638e-05,1.877713973319309899e-04
9.917723308567520935e-01,6.682526281629046737e-03,1.415851834704936118e-03,1.908223695779276115e-05,1.102087899562900915e-04
9.776051749764848031e-01,1.914268032061877331e-02,2.997394042635632017e-03,3.834622736925546451e-05,2.164044328916798967e-04
9.905452470347267946e-01,7.919919568401415436e-03,1.386346386842617290e-03,2.885659646244496257e-05,1.196304135666159218e-04
9.922621485825191545e-01,6.376328180538043400e-03,1.237187743516415155e-03,2.356150906963032913e-05,1.007739843568124027e-04
9.867576201724003182e-01,1.147656311268977283e-02,1.602006571385682044e-03,2.422168243678953374e-05,1.395884610873862142e-04
9.880359755686365375e-01,1.054509843766794283e-02,1.277768763036073217e-03,1.756780567549043727e-05,1.235894249839495198e-04
9.830530564943721350e-01,1.465704658380205527e-02,2.100834933407703334e-03,2.377633941161385624e-05,1.652856490066090755e-04
9.758573228586749915e-01,2.070651601161241709e-02,3.190278873413121292e-03,3.400527308328760856e-05,2.118769832161314793e-04
9.772323776524481920e-01,1.834903115782659383e-02,4.213341809114802723e-03,4.445851418990403421e-05,1.607908664204743847e-04
9.732125321323989997e-01,2.270837271621975809e-02,3.806551521304488324e-03,4.024190960579578498e-05,2.323017204709411235e-04
9.882620743440692079e-01,9.629899682982057119e-03,1.907711905586881394e-03,2.260070105560086018e-05,1.777133663062755386e-04
9.970141681491482277e-01,2.498446839163225540e-03,4.043678031314787880e-04,1.041952941862249693e-05,7.259767913846757305e-05
9.974074012049503057e-01,2.182352028598341827e-03,3.296194698402476705e-04,8.154939938275826411e-06,7.247235667288284507e-05
9.895375062892366458e-01,8.764205171802520733e-03,1.542871688406917321e-03,2.601052254522678479e-05,1.294063280086899935e-04
9.867924582058770211e-01,1.099589113344869203e-02,2.038066695195232814e-03,4.142702980336461185e-05,1.321569356757068092e-04
9.830227683663727012e-01,1.438281851388692120e-02,2.407579938078858919e-03,3.321200070246114680e-05,1.536211809592095024e-04
9.931281955968790376e-01,5.908399191832897600e-03,7.817550531266435725e-04,1.441378874551413386e-05,1.672363694159108077e-04
9.865963926716913024e-01,1.164479428585640450e-02,1.523595969029881061e-03,2.235451148266317254e-05,2.128625619398912623e-04
9.905813712176337882e-01,8.245642876698443952e-03,1.011200675118150479e-03,1.806770926954579700e-05,1.437175212799216191e-04
9.921643070374970286e-01,6.692233567943465383e-03,1.016277231634724748e-03,1.997814038465948138e-05,1.072040225402131166e-04
9.945394753147640543e-01,4.571604432629048850e-03,7.744616668451566191e-04,1.707503169379382115e-05,9.738355406783485177e-05
9.725535578044959273e-01,2.344184508393219735e-02,3.683002742563494091e-03,4.641248497296495350e-05,2.751818840354992575e-04
9.793032404671350166e-01,1.710366817113461238e-02,3.366340738152276933e-03,5.150642613550386178e-05,1.752441974427366034e-04
9.792474652168354776e-01,1.733847160599697595e-02,3.212207569582618827e-03,5.001831831264621467e-05,1.518372892723006829e-04
9.787630570546151931e-01,1.837084914439157321e-02,2.682546052249689447e-03,3.911037066812605192e-05,1.444373780753888125e-04
9.772568739731516407e-01,1.955441697817984076e-02,2.987017169547499969e-03,3.395657833534701091e-05,1.677353007857223849e-04
9.519979417659849563e-01,4.147769516245273375e-02,6.143623423140243296e-03,6.239312935139749658e-05,3.183465190707713958e-04
9.686071880123058309e-01,2.689046437099913700e-02,4.171663823010817417e-03,4.885804393822386696e-05,2.818257497460705452e-04
9.577986697369903490e-01,3.612638145073462231e-02,5.759569005144109938e-03,5.773209245206475064e-05,2.576477146788717552e-04
9.663078242210176860e-01,2.769243188975459291e-02,5.731133476611549940e-03,5.893491031213586047e-05,2.096755023039940946e-04
9.681008450862600423e-01,2.636807925349303125e-02,5.245674230551653806e-03,6.670026705395330053e-05,2.187011626412072431e-04
9.849376453104585760e-01,1.264413161799128257e-02,2.157205647093861280e-03,4.380251470902950576e-05,2.172149097474258817e-04
9.651974349072928172e-01,2.892642285745102709e-02,5.389985849050942315e-03,1.053365906152087944e-04,3.808197955900805378e-04
9.535044921196560441e-01,3.864232029670703478e-02,7.380525868793293143e-03,9.043388933001423268e-05,3.822278255134818571e-04
9.566286760255611199e-01,3.772835760066010902e-02,5.172710184995144705e-03,6.344190856440175112e-05,4.068142802192089734e-04
9.810311414867191049e-01,1.530783794918922150e-02,3.360102000944428791e-03,6.421061812316496771e-05,2.367079450240314230e-04
9.796685661907148512e-01,1.667651311174256357e-02,3.333551839855001218e-03,6.812376608618096762e-05,2.532450916011765463e-04
9.840990551761399363e-01,1.280366151492216310e-02,2.861481019015333065e-03,6.744615350987553774e-05,1.683561364125069266e-04
9.769445851304247030e-01,1.850728148876969181e-02,4.302102152195797988e-03,8.427084849632351341e-05,1.617603801134876926e-04
9.798000744896059322e-01,1.701162273178268708e-02,2.996388067851092369e-03,4.791607202148555681e-05,1.439986387389144071e-04
9.793041023528690214e-01,1.756046261837780620e-02,2.941319398491680590e-03,4.185472731630654258e-05,1.522609029451770250e-04
9.851069689149494213e-01,1.232152416321820841e-02,2.373543651083635016e-03,3.748423887838173824e-05,1.604790318702703858e-04
9.799056270772623645e-01,1.685050877954136911e-02,2.974680893869182611e-03,4.943137377908805901e-05,2.197518755479728719e-04
9.893200558219893415e-01,9.317922732467282323e-03,1.186498344378296085e-03,2.455821426585063470e-05,1.509648868990306027e-04
9.848361656245693263e-01,1.317335166822960167e-02,1.721973853727611298e-03,2.928689949591283331e-05,2.392219539777445567e-04
9.864735249641183312e-01,1.186250625042449547e-02,1.391529849393528025e-03,2.618760822032911419e-05,2.462513278433462317e-04
9.778586752575670893e-01,1.914866315134680294e-02,2.650284871223987631e-03,4.118335798747962099e-05,3.011933618744710908e-04
9.655754257895232673e-01,2.923507803661483037e-02,4.836518348644185290e-03,5.546891883337405583e-05,2.975089063842478059e-04
9.685167900100658533e-01,2.712153332088948834e-02,4.067683939412218043e-03,5.377421544921960568e-05,2.402185141832382197e-04
9.650371165209523650e-01,2.993394595609819714e-02,4.713526894828308673e-03,5.095836249635310027e-05,2.644522656247516677e-04
9.826547408949573015e-01,1.455202534488123436e-02,2.598570662059508478e-03,3.724336197328861198e-05,1.574197361284894144e-04
9.810270480147167405e-01,1.625235184302036354e-02,2.534580333865545272e-03,4.201601491312292050e-05,1.440037934840593793e-04
9.572217724209620693e-01,3.632696191190036561e-02,6.131658489826907234e-03,6.833145156047771055e-05,2.512757257501356295e-04
9.552709333332747299e-01,3.778659637093594037e-02,6.581381010245567278e-03,7.233233270092897908e-05,2.887569528427992756e-04
9.777527382101169895e-01,1.853841307223548507e-02,3.474775657904410030e-03,5.334723111215862213e-05,1.807258286310197998e-04
9.805070861011386807e-01,1.552104013624478265e-02,3.758231209754536555e-03,5.671315748662211558e-05,1.569293953753657627e-04
9.728540955907704069e-01,2.240850680069655237e-02,4.476761011483581555e-03,5.760961425085906975e-05,2.030269827985535622e-04
9.574190455239789399e-01,3.577700721311913995e-02,6.469065280465997186e-03,7.868060714468501739e-05,2.562013752913063413e-04
9.603258841734724216e-01,3.120562128027465354e-02,8.082826058027492086e-03,1.059233747792200233e-04,2.797451134463507555e-04
9.597803196784737700e-01,3.257072548931317507e-02,7.188486540537795955e-03,8.080584228288792306e-05,3.796624493923548291e-04
9.545511441016401033e-01,3.469957949596032265e-02,1.028990119388348452e-02,1.300358224846719741e-04,3.293393860315145332e-04
9.537279120049036996e-01,3.631453397544023159e-02,9.436670406264001040e-03,1.142843243228925222e-04,4.065992890691130486e-04
9.632032381095343432e-01,3.016595073066010574e-02,6.154213482389685012e-03,5.060137029115349894e-05,4.259963071247842010e-04
9.844045925192176361e-01,1.283906793433677203e-02,2.436387096983317572e-03,3.568610605800087937e-05,2.842663434043102288e-04
9.887441697280852093e-01,9.242302515199198390e-03,1.765614749440256800e-03,2.977645088344168118e-05,2.181365563917927054e-04
9.843009788915672020e-01,1.293294439191348434e-02,2.564375418493187835e-03,4.132031038756735734e-05,1.603809876386326938e-04
9.770725003289573163e-01,1.810144973345251956e-02,4.601366466558502732e-03,5.594291408670658961e-05,1.687405569448679511e-04
9.937215531032614901e-01,5.163938732604660825e-03,9.969310444900773664e-04,2.441760859659744120e-05,9.315951104725482784e-05
9.968926603548995402e-01,2.724205071194261366e-03,3.140445787406091240e-04,1.104211100862586230e-05,5.804788415695989420e-05
9.988244019387185757e-01,9.841853300120173304e-04,1.373359855999775668e-04,7.269492319389412606e-06,4.680725334999666978e-05
9.980757187180507861e-01,1.662009370755291584e-03,1.884480776412768939e-04,8.843554101797790437e-06,6.498027945080661594e-05
9.951837735245594452e-01,4.090588951642420285e-03,6.290143849437612256e-04,1.722333511494925629e-05,7.939980373949961402e-05
9.972325686037634140e-01,2.244716843240922299e-03,4.670408541683776851e-04,1.291479609782351775e-05,4.275890272931409750e-05
9.943234686380258980e-01,4.937738722910704064e-03,6.440778351050551560e-04,1.696711660787496930e-05,7.774768735040396973e-05
9.983745945339390637e-01,1.339806156449974096e-03,2.343741519698291388e-04,8.473081688191345473e-06,4.275207595292339401e-05
9.983087260453461509e-01,1.441768831070613759e-03,1.983658241150348565e-04,6.685546619248423334e-06,4.445375284886727489e-05
9.982825657104185124e-01,1.467577691046063329e-03,2.041116329681971005e-04,8.431961933671217486e-06,3.731300363361799013e-05
9.993460270019567382e-01,5.466950916960331818e-04,8.217552735985860022e-05,3.885845324620169370e-06,2.121653366278188806e-05
9.996578935089619478e-01,2.844981329099231381e-04,3.546298872368775499e-05,2.608940102372858517e-06,1.953642930183285969e-05
9.996778946060721482e-01,2.717897151792697378e-04,2.564880062812501796e-05,1.829575879156554647e-06,2.283730224146919595e-05
9.985565007440591057e-01,1.272956239607060539e-03,7.309506552447614847e-05,4.288605282868618104e-06,9.315934552660374169e-05
9.980049126005885451e-01,1.818517920771750692e-03,9.502514626386944366e-05,5.039148373306260633e-06,7.650518400245476605e-05
9.967558010837433979e-01,2.919312523267172943e-03,2.145291517572404060e-04,1.114772797732002023e-05,9.920951325489301862e-05
9.960277865553197607e-01,3.558155829104986834e-03,2.927604381114715082e-04,1.497455309356046111e-05,1.063226243702428749e-04
9.977207068739581963e-01,2.048012885114999185e-03,1.596399242306032851e-04,9.374465591204039227e-06,6.226585110493311362e-05
9.970159880208421255e-01,2.657733785333796055e-03,2.224951028606931246e-04,1.133403995639154344e-05,9.244905100693483647e-05
9.991614737184484341e-01,7.355655285193641061e-04,6.612419448686139534e-05,4.271554613497440747e-06,3.256500393191466672e-05
9.993588512232017829e-01,5.530199304680178188e-04,5.392709261865800995e-05,3.949200972018555056e-06,3.025255273945714498e-05
9.983357337980545143e-01,1.439759999382288821e-03,1.289382222240597015e-04,7.122183089376293681e-06,8.844579724971828049e-05
9.958983935334717597e-01,3.587461935902289817e-03,3.682248347955741964e-04,1.503182313405407381e-05,1.308878726961083534e-04
9.938249181136742383e-01,5.327852888959712374e-03,6.543248070411295273e-04,2.457415794540485500e-05,1.683300323793420828e-04
9.956824485964226312e-01,3.775306802613097052e-03,4.152479813548809744e-04,1.571003617136817427e-05,1.112865834378221617e-04
9.927907074798921760e-01,6.251193783605257445e-03,8.014128757521491201e-04,1.890915510392900332e-05,1.377767056463452197e-04
9.918842507965018873e-01,6.984304328140011897e-03,9.869313093400007997e-04,2.699852807570125797e-05,1.175150379423229511e-04
9.917960593418995163e-01,7.145756169035560358e-03,8.769318240655114231e-04,2.175725567130031539e-05,1.594954093283243316e-04
9.958335313181032600e-01,3.708412024658324334e-03,3.389762350315567727e-04,1.125409366874623588e-05,1.078263285380490547e-04
9.948023592169519258e-01,4.650444931203497230e-03,3.498455428369116470e-04,1.061964533549389449e-05,1.867306636723343701e-04
9.936351014620712352e-01,5.752872795363098320e-03,4.030932474624671687e-04,1.172757806499366727e-05,1.972049170381178103e-04
9.936974696790000783e-01,5.554836250279788709e-03,4.831194828209629593e-04,1.350436101848630838e-05,2.510702268807706201e-04
9.830164413239966814e-01,1.462678432086315580e-02,1.835523380698501515e-03,3.429525682047137274e-05,4.869557176210160664e-04
9.876737761983283015e-01,1.036757534020791779e-02,1.621970540274463544e-03,3.946617149853548381e-05,2.972117496908425246e-04
9.948270991683899611e-01,4.498521643775951068e-03,5.365548602200378471e-04,1.630302967063846365e-05,1.215212979435434712e-04
9.920505187754856680e-01,6.870111757100093482e-03,8.432980911648335241e-04,2.130309220253275460e-05,2.147682840467858491e-04
9.938499205937396663e-01,5.413839780452451948e-03,5.630991003713835784e-04,1.614518080677516989e-05,1.569953446296509314e-04
9.780727484489395440e-01,1.946843081648841345e-02,1.985985887794822907e-03,4.243490967907256883e-05,4.303999370982704927e-04
9.741787064231510751e-01,2.316921700002607179e-02,2.112408010039786357e-03,3.984556425930306181e-05,4.998230025236990656e-04
9.627577079467519727e-01,3.347544188293821721e-02,2.997557208604145762e-03,4.436942333486055591e-05,7.249235383707204388e-04
9.711175198233092942e-01,2.533003572890302896e-02,2.825425385285022968e-03,5.039210201584536439e-05,6.766269604869746190e-04
9.553633006661007565e-01,3.959324664298199958e-02,3.836530963360195758e-03,5.439029143937066242e-05,1.152531436117705142e-03
9.746824075199753690e-01,2.168989788321633305e-02,2.794705452430873774e-03,6.061394111060101333e-05,7.723752032669183292e-04
9.676464589175434172e-01,2.702890555946322118e-02,4.422194246693008854e-03,9.242340766384563922e-05,8.100178686364336222e-04
9.690031147821245305e-01,2.708889333374723402e-02,3.283785308167645918e-03,7.385962997284653824e-05,5.503469459876093785e-04
9.367078923675655755e-01,5.685396256050309627e-02,5.659967918756269104e-03,9.710925894805514541e-05,6.810678942268589458e-04
9.583743799595381141e-01,3.711005201567326578e-02,3.827776973396051444e-03,7.010964749333310905e-05,6.176814038991582838e-04
8.994975384638201898e-01,9.054581115754081755e-02,8.700277682493913131e-03,1.182334874260858803e-04,1.138139208718976815e-03
9.275793973614882004e-01,6.503609701619963990e-02,6.486321933435096332e-03,7.719003334312498472e-05,8.209936555339390936e-04
9.473085299951131688e-01,4.743043688435152894e-02,4.296661807274772434e-03,6.406248817737861874e-05,9.003088250831274173e-04
9.622464549257782052e-01,3.363162115164002736e-02,3.330566642715383167e-03,5.538797828553792234e-05,7.359693015809840901e-04
9.233491482439633025e-01,6.772743158302922672e-02,7.922111566280837236e-03,9.378997843841816980e-05,9.075186282882513481e-04
9.703829447693862464e-01,2.583825520140246509e-02,3.227967318818011910e-03,5.544373551732717655e-05,4.953889748758992257e-04
9.756758141510547544e-01,2.166691420311742458e-02,2.175703525815896652e-03,2.896581737967881154e-05,4.526023026321953193e-04
9.557780436137537361e-01,3.975786767121057552e-02,3.762033114079763995e-03,3.607678473301381120e-05,6.659788162228077795e-04
9.597246193065791520e-01,3.601898648978738710e-02,3.713065547411282738e-03,4.259827727918255287e-05,5.007303789431546449e-04
9.796752527404911648e-01,1.817070705424187957e-02,1.718020607705119957e-03,2.252175815769944913e-05,4.134978394041066902e-04
9.299265832038430268e-01,6.377864631529039929e-02,5.543259180176674829e-03,5.401080690472230577e-05,6.975004937852636406e-04
9.340890288148142595e-01,5.905248252520610419e-02,6.060347120084410948e-03,6.165287904754418609e-05,7.364886608477970442e-04
9.745222574750482813e-01,2.255186633825640580e-02,2.470295240442650121e-03,4.461814479614553810e-05,4.109628014565056670e-04
9.813227252287927138e-01,1.651890604230519394e-02,1.706886972937761513e-03,3.471903188244660426e-05,4.167627240817987975e-04
9.722633234557900295e-01,2.404822897010105293e-02,3.057595645090263950e-03,5.187136869344607899e-05,5.789805603251821841e-04
9.560926197918121483e-01,3.922858272053657974e-02,3.973243302454980766e-03,5.277468331051639148e-05,6.527795018857586798e-04
9.127677749974290045e-01,7.668333950325260939e-02,9.330283807520911230e-03,9.032361172345461505e-05,1.128278080074182448e-03
9.705167074497578206e-01,2.560436669055637937e-02,3.213790053661116572e-03,6.471080532056505772e-05,6.004250007041833734e-04
9.468860624482661192e-01,4.711281582171297083e-02,5.210570226963599262e-03,8.316893902720721586e-05,7.073825640299869931e-04
9.402363875265223880e-01,5.092770436765726993e-02,7.764144282557885676e-03,1.269730052779614231e-04,9.447908179844885599e-04
9.444169334922503101e-01,4.713431408286832686e-02,7.394038435757120838e-03,1.282395126329265492e-04,9.264744764913980350e-04
8.805772041939478045e-01,1.027670066536998245e-01,1.517313027595069627e-02,2.057361266281106224e-04,1.276922749773534054e-03
9.373188093915347796e-01,5.300632211797187687e-02,8.609678380407714826e-03,1.821849187556203050e-04,8.830051913300936616e-04
8.378614475734540434e-01,1.397700104852611092e-01,2.096493143527430880e-02,2.369827059348386905e-04,1.166627800075707450e-03
8.664992168214318280e-01,1.130818115950478070e-01,1.895478165062100193e-02,2.196636557942157936e-04,1.244526277105164258e-03
9.023334698946083865e-01,8.235393729649548300e-02,1.410155764302982624e-02,2.081965857262107079e-04,1.002838580140014840e-03
8.860305219907842478e-01,9.659986503323580997e-02,1.564270051076669873e-02,2.159212301145070341e-04,1.510991235098816223e-03
9.185234418657176603e-01,6.714528762779176096e-02,1.275594994314159167e-02,1.813393080939818111e-04,1.393981255255065431e-03
9.087766107006844951e-01,7.370606175311633645e-02,1.587594404178531773e-02,2.789713301134280577e-04,1.362412174300574102e-03
9.781794789345799046e-01,1.771743350562341932e-02,3.524272367637577667e-03,1.004248991173776773e-04,4.783902930418972043e-04
9.712438823479194738e-01,2.359897010106769624e-02,4.464578678165111170e-03,1.091099371691719256e-04,5.834589356786138228e-04
9.443713375051732140e-01,4.781184071406738290e-02,6.626425536768698957e-03,1.098520335915231902e-04,1.080544210399145494e-03
9.911388227655089089e-01,7.494415749705496399e-03,1.101487267586021435e-03,2.801734625326842410e-05,2.372568709464914201e-04
9.809610397490713396e-01,1.572497505735282602e-02,2.896417128811740443e-03,5.051233929090240775e-05,3.670557254733814302e-04
9.896088819999326880e-01,8.524550106440568695e-03,1.597660114307809191e-03,3.799237192085719441e-05,2.309154073979943756e-04
9.831775027480511575e-01,1.421031944333069758e-02,2.155869749465706871e-03,5.891069214149178152e-05,3.973973670109154366e-04
9.954710338772677636e-01,3.622633021407558555e-03,7.215996745384525065e-04,2.988753732723500010e-05,1.548458894590537993e-04
9.957946687963067367e-01,3.639770538118359839e-03,3.987621963846560836e-04,1.420652979663097976e-05,1.525919393937285934e-04
9.990988494655366203e-01,7.649652409405915260e-04,8.139264278189643092e-05,4.091082541074086348e-06,5.070156819981464028e-05
9.988234484468994090e-01,1.001539077211450633e-03,9.690860361538189503e-05,5.910430720467097838e-06,7.219344155326807503e-05
9.989642452833288333e-01,8.881113654030286034e-04,6.722662097572019546e-05,3.860167637837396392e-06,7.655656265457897846e-05
9.987654695809486949e-01,1.096525452824891837e-03,6.963679327306699447e-05,4.205619500947912905e-06,6.416255345240806207e-05
9.991960208125522103e-01,7.097442345859517922e-04,5.129143743787833342e-05,3.295723852637008346e-06,3.964779157136639185e-05
9.982842563321148166e-01,1.521411217699593236e-03,1.037012304560613136e-04,4.781332160137801302e-06,8.584988756940860571e-05
9.972759012139663648e-01,2.468566226433363542e-03,1.385909985770551506e-04,5.478806709003804497e-06,1.114627543140615009e-04
9.961867507645484343e-01,3.493822032657285890e-03,2.208755109302423846e-04,8.591406336056781415e-06,8.996028552790828238e-05
9.978186592099427266e-01,1.939619450859770373e-03,1.650469041193161623e-04,8.608264027361153117e-06,6.806617105066623419e-05
9.969449527176398318e-01,2.676989252317681783e-03,2.827187054021698350e-04,1.378177008125754642e-05,8.155755455891047616e-05
9.994331876262902981e-01,4.831412058701804149e-04,5.482898189205318316e-05,3.438294771948385053e-06,2.540389117550724722e-05
9.995403274127516724e-01,3.923029676841763053e-04,3.705889278940917726e-05,2.874517583183174377e-06,2.743620919145068081e-05
9.976284087217477392e-01,2.108678188148680778e-03,1.557717884997247111e-04,7.122628294313849993e-06,1.000186733094297529e-04
9.980814662892375511e-01,1.742547348038880374e-03,1.247757515894393774e-04,5.463053989392059480e-06,4.574755714457034804e-05
9.981673260903325406e-01,1.617638156763895069e-03,1.650405650807738184e-04,6.960155746463283886e-06,4.303503207640800766e-05
9.978437584844817021e-01,1.933936295586831302e-03,1.495018314442414086e-04,5.520283352716435786e-06,6.728310513448512861e-05
9.993910227825336667e-01,5.038487925210102889e-04,4.366207274239512515e-05,2.988589808989833326e-06,5.847776239389659251e-05
9.993316192094789940e-01,5.641336355822734175e-04,4.575069717710443913e-05,2.881890540180022327e-06,5.561456722142875522e-05
9.992537384926306610e-01,6.419510421461240273e-04,5.387156495146169712e-05,3.057680167586982945e-06,4.738122010412931876e-05
9.997299235907504134e-01,2.267292126255844337e-04,1.760893388944451748e-05,1.311976203860223649e-06,2.442628653070588621e-05
9.995953619375733679e-01,3.172261023266997816e-04,2.559962271421062713e-05,2.128902348297154092e-06,5.968343503739662753e-05
9.993645796552558247e-01,5.264095699118746721e-04,4.243258907366142830e-05,2.619860035872927674e-06,6.395832572265410302e-05
9.994629465184416972e-01,4.421173452528788126e-04,3.147276975215212118e-05,2.585667359838556206e-06,6.087769919336969245e-05
9.994167441460303225e-01,4.790243785661625620e-04,3.480700395757408978e-05,2.510184759813376940e-06,6.691428668599935206e-05
9.991767910506516026e-01,6.932701117951625995e-04,5.744736350783423998e-05,3.436441701196643154e-06,6.905503234411227418e-05
9.995669644379325813e-01,3.536371380102346583e-04,3.914421224777015753e-05,3.021199153547280454e-06,3.723301265595272297e-05
9.992851553544741527e-01,5.872850231454747934e-04,5.786184926004399667e-05,4.088177844317606629e-06,6.560959527582897017e-05
9.991250106937688003e-01,7.068453430202055552e-04,7.855270087941771133e-05,4.655286089571083978e-06,8.493597624184513403e-05
9.994954744707121863e-01,4.024962159125969547e-04,4.537398421360154229e-05,2.927969460427155677e-06,5.372735970144070720e-05
9.997120811733362089e-01,2.287012049122679987e-04,2.660235290468847079e-05,2.192146074039411382e-06,3.042312277266587056e-05
9.997111577033037655e-01,2.257095787125432086e-04,2.624634117267629442e-05,2.706274770250567584e-06,3.418010204075674571e-05
9.994820980846724767e-01,4.260159543833818598e-04,4.207607093187331205e-05,3.432807291577498447e-06,4.637708272054471523e-05
9.994332331095328037e-01,4.639302465346321035e-04,3.660021205660905688e-05,3.120751374959537396e-06,6.311568050095716026e-05
9.994426578264941075e-01,4.578402201291217389e-04,3.823109974911380186e-05,2.582279837248077583e-06,5.868857379040111582e-05
9.990280103910730292e-01,7.865329612515591963e-04,4.511286491147091217e-05,3.329268676394271306e-06,1.370145140875251807e-04
9.992393033871435071e-01,5.783728183702905451e-04,6.111353386286442048e-05,4.083839191022006918e-06,1.171264214323512591e-04
9.985471568083149618e-01,1.158736194203906483e-03,7.835333156261922499e-05,4.663612726952654056e-06,2.110900531914431527e-04
9.987021197439338582e-01,1.012970836037539735e-03,5.381895519388810943e-05,2.973844897054889358e-06,2.281166199378010411e-04
9.989773651441201663e-01,5.892870552357512733e-04,3.388970501589938657e-05,2.435874693478502296e-06,3.970222209347576523e-04
9.993130553593400078e-01,3.842348186821069778e-04,2.908036480103405239e-05,2.140946326834652956e-06,2.714885108500910836e-04
9.988289467024438206e-01,4.966295203402617143e-04,3.327145938241291511e-05,2.724249219373794400e-06,6.384280686141478043e-04
9.988462420085494342e-01,4.109609731360834703e-04,2.914576831944088876e-05,2.586504287823326738e-06,7.110647457072280303e-04
9.979324719690122469e-01,6.277961518256077681e-04,4.195229017561648017e-05,3.555002809463436900e-06,1.394224586176931978e-03
9.975986339675696479e-01,1.016206782767804752e-03,5.343426805159804549e-05,4.104093315948356524e-06,1.327620888294948941e-03
9.975385819357991402e-01,1.050550449604065054e-03,8.980219449588024909e-05,5.959877043256766334e-06,1.315105543057745264e-03
9.918179744623055738e-01,2.985682472245383776e-03,3.405340142125703323e-04,2.179584124281878024e-05,4.834013209993722783e-03
9.984357682983180382e-01,8.266901174395950916e-04,1.047955783079627175e-04,8.277722420843582109e-06,6.244682835137884943e-04
9.992569074672901230e-01,4.766987804328401608e-04,8.849472970080616413e-05,6.804465667593120317e-06,1.710945569085509847e-04
9.989184487060243089e-01,7.916825084266555269e-04,1.287576539991437273e-04,1.012994379988177776e-05,1.509811877499656226e-04
9.961755782371979340e-01,2.859349710024500744e-03,3.752613045736866355e-04,2.250498569527056348e-05,5.673057625085747716e-04
9.992203425217768276e-01,5.006613828481065254e-04,9.772915410755225263e-05,8.470748501267607911e-06,1.727961927662449325e-04
9.989352178278191330e-01,7.613062633037439393e-04,1.318498658025366434e-04,8.170055978421914846e-06,1.634559870962775860e-04
9.989514649073857333e-01,7.847753156037281901e-04,1.316226983615844846e-04,7.439500298376282219e-06,1.246975783505244293e-04
9.988094229027972837e-01,7.728308947972086168e-04,1.103681265643320918e-04,7.770921161902779998e-06,2.996071546792798755e-04
9.989418737744096832e-01,7.481503888914915442e-04,7.842370054889061704e-05,5.018051619420128568e-06,2.265340845303945891e-04
9.992490096675801237e-01,4.835813561088769959e-04,5.979345839858052954e-05,4.683885338216013861e-06,2.029316325741658449e-04
9.993986238062979588e-01,3.598027333213081320e-04,5.178748104892405362e-05,4.204380638161529392e-06,1.855815986935976112e-04
9.981621034554211125e-01,1.307662049151373743e-03,1.603095983099902828e-04,8.414981665989872971e-06,3.615099154514931322e-04
9.972857845729404813e-01,2.122448968460089336e-03,2.398959360802812202e-04,9.528277367900817485e-06,3.423422451512060671e-04
9.978231467040979963e-01,1.325302268746098933e-03,1.871954766993170908e-04,1.207741344858328833e-05,6.522781370079938764e-04
9.970530073886654243e-01,2.027831397272219366e-03,2.881919771980415938e-04,1.660819037853696479e-05,6.143610464858001354e-04
9.969043631891401080e-01,2.214688887267493664e-03,3.755516931578739906e-04,1.701434380167855286e-05,4.883818866326784889e-04
9.952860765492601569e-01,3.589600032107271351e-03,3.935731349005459553e-04,1.713632727807939642e-05,7.136139564538932856e-04
9.966923525274846707e-01,2.308864995679742529e-03,2.642605315091951573e-04,1.103821570359209841e-05,7.234837296228401439e-04
9.968388548602203914e-01,2.389297293597624806e-03,3.152698403499661745e-04,1.087329386724967951e-05,4.457047119649491275e-04
9.968829916142047942e-01,2.523922398798862047e-03,2.833630394000692708e-04,7.848317496766631560e-06,3.018746300995063612e-04
9.978738781578088135e-01,1.754281821375566416e-03,2.032937997601534002e-04,6.487536863487185961e-06,1.620586841917946632e-04
9.981823062463200946e-01,1.494036576258675345e-03,2.069916952069888300e-04,6.689434739582064715e-06,1.099760474748223102e-04
9.986973770680315221e-01,1.017112855041571754e-03,2.052129047830389635e-04,6.014525217663170118e-06,7.428264692614937369e-05
9.975423112512515900e-01,2.007047278294224121e-03,3.107099128052522789e-04,1.000266942761561181e-05,1.299288882213081294e-04
9.991285169263488530e-01,6.862419121091499052e-04,1.061076188828639888e-04,4.879870955876528598e-06,7.425367170327307643e-05
9.981650010741024426e-01,1.526671845881054281e-03,1.652891429930494717e-04,6.152579004499685740e-06,1.368853580189279006e-04
9.965355959747781434e-01,2.951463226892748169e-03,3.214882326801611991e-04,8.572461773764237819e-06,1.828801038752113134e-04
9.983769288612798221e-01,1.331058195817827862e-03,2.001075236426679775e-04,6.464370105436541907e-06,8.544104915423826705e-05
9.972617423238557821e-01,2.321593139916051669e-03,2.716937494718454135e-04,9.203800305437852952e-06,1.357669864508258099e-04
9.983551052343149212e-01,1.351488077919980879e-03,2.067879296181313856e-04,7.148981379312915969e-06,7.946977676758492650e-05
9.991062357905615698e-01,7.250893611383393356e-04,1.127889138343973188e-04,5.173030473234469905e-06,5.071290399240419261e-05
9.975375988569797903e-01,2.062586292247143953e-03,2.914194015960898344e-04,1.120180780402521107e-05,9.719364137300126106e-05
9.937978185834646094e-01,5.107614567248988137e-03,8.839932082315520284e-04,2.173058839168272451e-05,1.888430526632326151e-04
9.965740400971879742e-01,2.758792579506227222e-03,5.199042256486760289e-04,1.177744383430483326e-05,1.354856538228402100e-04
9.965860429987222213e-01,2.707286786162998570e-03,3.106089246288154396e-04,1.019688956830396286e-05,3.858644009176226994e-04
9.990496895374531006e-01,4.535806498134864169e-04,6.657339399484869683e-05,6.391015219084644563e-06,4.237654035195125013e-04
9.972832012032685212e-01,1.659215123046528604e-03,2.099545476541426461e-04,1.116961595852712664e-05,8.364595100721619256e-04
9.980614654000704578e-01,1.408727853870246020e-03,2.422065141095160450e-04,1.079770601263531894e-05,2.768025259371128003e-04
9.945913605500757981e-01,4.503766680309842507e-03,5.206653616108920715e-04,1.523410256053143815e-05,3.689733054428589185e-04
9.984801925589744664e-01,1.222650861525407043e-03,1.765356683775613214e-04,6.781597951201489957e-06,1.138393131712286336e-04
9.988152427618487428e-01,9.259092984514735378e-04,1.865580632963406878e-04,7.636586761387247809e-06,6.465328964204649124e-05
9.971583729750728153e-01,2.339965472434591288e-03,3.541485357843848878e-04,1.216490123458845858e-05,1.353481154735331664e-04
9.981060814333438946e-01,1.537986598529251635e-03,2.229792690293888754e-04,8.094956248303704618e-06,1.248577428491386479e-04
9.987812358923235934e-01,9.175204524446884963e-04,1.558827331978652239e-04,8.345853816425332695e-06,1.370150682173905735e-04
9.991305790934463804e-01,5.539490931958529225e-04,8.825853092863580743e-05,7.250997440426290232e-06,2.199622849886603349e-04
9.992603570031874938e-01,4.348402435947788737e-04,6.063564064892802984e-05,5.482215004006288803e-06,2.386848975648923855e-04
9.995021630298587256e-01,2.970455520272759545e-04,3.894974344681602753e-05,3.664428357594567439e-06,1.581772463097212494e-04
9.988162985955870710e-01,8.612489274481559308e-04,1.237484855012892042e-04,7.746031127684223027e-06,1.909579603358159232e-04
9.992610244021813415e-01,5.150394013479046851e-04,7.705916015915644012e-05,5.671333862238577453e-06,1.412057024493425770e-04
9.995374470758034979e-01,2.663852159468435283e-04,4.261904452501597099e-05,4.233275569565139939e-06,1.493153881548830617e-04
9.993569676262081813e-01,3.995475036051183157e-04,9.071159742345295883e-05,7.170854505414997713e-06,1.456024182578375911e-04
9.991804226896192631e-01,5.992179318727800918e-04,8.750378436166339382e-05,5.912818044132453270e-06,1.269427761021579143e-04
9.984849967191927744e-01,1.180659164093692979e-03,1.423977663478785194e-04,7.674394859964800005e-06,1.842719555056194353e-04
9.994275448143605800e-01,3.823904200706570544e-04,7.513137280000237162e-05,4.863768919626147439e-06,1.100696238490401276e-04
9.996451562722692419e-01,2.307651263744313363e-04,3.717910247547274614e-05,3.529498595263523734e-06,8.337000028564682801e-05
9.997344338949392117e-01,1.527095186762958466e-04,2.357381178507592741e-05,2.208663256483195700e-06,8.707411134290689975e-05
9.996904766079925952e-01,1.520831890262380358e-04,2.219471814205668708e-05,2.451964386543805074e-06,1.327935204526655300e-04
9.988934542450559340e-01,7.215915149041213445e-04,8.764761699848936489e-05,6.117018505452870977e-06,2.911896045360339372e-04
9.969200120905606921e-01,2.438303691096707377e-03,2.540838405020828090e-04,1.188545819233044187e-05,3.757149196483424249e-04
9.986943769448670682e-01,9.424873647757994006e-04,1.186374203041725518e-04,7.459516523508078541e-06,2.370387535292643115e-04
9.989201256528903450e-01,8.258191718119543010e-04,8.314600960973716624e-05,5.097890690414909599e-06,1.658112749974027268e-04
9.992337550232174292e-01,4.719077688651540864e-04,5.527546392565931764e-05,4.564523919131925522e-06,2.344972200727184187e-04
9.993056253333876260e-01,3.998442467753802977e-04,5.051794806872151526e-05,4.602994221009893257e-06,2.394094775469734527e-04
9.992576672954825989e-01,3.878512267208207034e-04,5.652238669632457063e-05,5.199476759473189045e-06,2.927596143409329633e-04
9.986447090200372134e-01,9.662298367794472549e-04,9.912324078505384837e-05,6.713075657718704324e-06,2.832248267405152917e-04
9.989204900012786936e-01,6.941532924954526423e-04,6.599707507270224428e-05,4.794549015046157402e-06,3.145650821379728499e-04
9.993903907452208468e-01,3.249522980957741817e-04,3.090124278379471060e-05,2.862286248790126506e-06,2.508934276509143264e-04
9.991785449868335611e-01,4.608432323937743146e-04,4.585970078894472610e-05,4.461150618847465748e-06,3.102909293647750913e-04
9.992749761620224325e-01,1.669985486975805787e-04,2.433546503709717871e-05,3.457139792054709261e-06,5.302326844507837577e-04
9.996520371288791784e-01,1.679051675395114383e-04,1.840452843251404687e-05,1.917166570848011382e-06,1.597360085778926856e-04
9.997004585770941087e-01,1.788433391434288166e-04,1.964150844069618911e-05,1.998888534238226061e-06,9.905768678772190489e-05
9.990790791233726820e-01,6.336373150783926756e-04,6.435990084794362986e-05,5.321462139341620018e-06,2.176021985615127533e-04
9.989599420444363886e-01,7.086186753102883184e-04,6.650071966970852802e-05,5.558348352678574886e-06,2.593802122308738528e-04
9.994016215542261827e-01,4.318389253834237326e-04,5.297632382982495037e-05,3.852777280563513596e-06,1.097104192800994277e-04
9.992521815249166828e-01,5.468496361361778815e-04,7.127724943988399272e-05,5.193248451402095213e-06,1.244983410557803916e-04
9.982947647865005880e-01,1.326736155431020069e-03,1.447599166044604650e-04,8.210410866812277084e-06,2.255287305972222193e-04
9.966872635307489903e-01,2.716491729584286346e-03,3.150822184931821005e-04,1.165155890838727107e-05,2.695109622650753334e-04
9.956750695579551502e-01,3.641835511932173686e-03,3.131674787891941558e-04,1.238920522490555043e-05,3.575382460983711377e-04
9.943899091784487165e-01,4.584871697215373888e-03,5.314537187583369014e-04,1.771561412933695241e-05,4.760497914482039392e-04
9.984847543956475446e-01,1.047423655426589538e-03,1.532587099507216671e-04,8.396063517533471166e-06,3.061671754576423773e-04
9.983540012763905125e-01,8.399676150668244608e-04,1.067122745187343139e-04,7.462772717792285784e-06,6.918560613061818356e-04
9.976071143567332156e-01,1.597425576028595673e-03,1.712839402624796313e-04,9.181615087268140657e-06,6.149945118883358647e-04
9.990674449464902462e-01,4.149138284668074618e-04,5.991250376193297102e-05,4.838276521418654263e-06,4.528904447596020949e-04
9.990475118393191689e-01,4.595425312724852186e-04,8.161926006355964161e-05,6.395152976051321597e-06,4.049312163689301812e-04
9.989138945523520219e-01,7.561200703765870359e-04,1.056757451470641897e-04,5.897595573584042781e-06,2.184120365507194233e-04
9.994512906017605225e-01,3.751712822304263022e-04,5.864583987057564544e-05,4.013206650630701737e-06,1.108790694879724440e-04
9.989375433206891808e-01,8.103249919815414676e-04,9.931976679531072112e-05,5.410072432411641110e-06,1.474018481015348762e-04
9.991571005580698328e-01,6.609468181353288360e-04,7.685400858460322252e-05,3.419857093866205288e-06,1.016787581162972219e-04
9.996217669848197485e-01,2.416775766587183456e-04,3.576747774351853113e-05,2.280247712113457587e-06,9.850771306588404649e-05
9.995632981578245202e-01,2.873376920383782394e-04,3.970779270834638372e-05,2.687744398470866910e-06,1.069686130302062519e-04
9.988576891822233961e-01,8.359267841397848616e-04,1.124195738323488346e-04,5.713150015585723538e-06,1.882513097889348583e-04
9.992764612417608383e-01,5.525058436274914424e-04,6.650780247719826331e-05,3.761855826011844052e-06,1.007632563083771211e-04
9.974096619702033095e-01,2.066402838962398420e-03,2.717983591220170247e-04,8.654196026524298003e-06,2.434826356857975639e-04
9.984903803649621823e-01,1.154319389609137709e-03,1.240869455796793938e-04,5.839973049944179108e-06,2.253733267991750000e-04
9.979154314658573721e-01,1.669066812145181917e-03,1.929280876449758378e-04,7.567128068725090382e-06,2.150065062836472565e-04
9.992029199688818863e-01,5.448663768392777431e-04,5.815591741295161784e-05,3.647490023826708958e-06,1.904102468419926889e-04
9.992527783266437202e-01,5.636625297973233469e-04,5.387737601530577817e-05,3.198221310540704906e-06,1.264835462333069739e-04
9.987258579260573921e-01,9.990110171883587620e-04,7.386195439693446496e-05,3.610923130177484599e-06,1.976581792269604997e-04
9.987247783436616899e-01,9.951912696027902672e-04,7.561264613000099135e-05,3.953184675333689586e-06,2.004645559301426836e-04
9.995328620179211310e-01,2.836310721564527511e-04,3.178469394595055425e-05,2.103668966717810605e-06,1.496185470099526771e-04
9.975984200837655358e-01,8.584222607439215324e-04,9.362595349239830338e-05,6.897623370547671707e-06,1.442634078627623223e-03
9.954035468134899700e-01,1.518075313688111968e-03,1.352806727651823416e-04,9.231705201753329689e-06,2.933865494854819792e-03
9.969094756237003585e-01,1.523697601399807630e-03,1.330710337323019591e-04,6.712260033961331845e-06,1.427043481133551638e-03
9.989620541860310121e-01,6.821904967889633187e-04,5.398269150450660231e-05,2.701623725383863983e-06,2.990710019500992449e-04
9.985048749754552588e-01,1.144970708061110324e-03,8.964658267631340994e-05,3.832628188700191024e-06,2.566751056183872912e-04
9.976246784205775597e-01,1.826393818354044626e-03,1.727179989552591363e-04,7.214694274742843572e-06,3.689950678382539488e-04
9.975497681322631482e-01,1.729443142883064317e-03,1.567406072977568896e-04,6.411547774908088162e-06,5.576365697809566001e-04
9.939505276171023418e-01,3.507512737722779089e-03,2.646648581262187505e-04,1.103550411548342568e-05,2.266259282932990907e-03
9.976598638390721252e-01,7.969051912314253222e-04,9.443813250204220852e-05,7.132875692946779812e-06,1.441659961501426520e-03
9.982560673903099202e-01,5.577527647359411395e-04,5.626941715554369605e-05,5.494149906151206422e-06,1.124416277892491180e-03
9.978859797694099587e-01,7.201728820189550948e-04,6.556701170765213179e-05,6.117957179148372547e-06,1.322162379684476774e-03
9.933514010500961167e-01,4.397113167676638436e-03,4.097636058151202373e-04,1.747780746173454913e-05,1.824244368950402170e-03
9.925196676990331035e-01,4.915354927050272736e-03,3.668102911013804341e-04,1.478106099977859724e-05,2.183386021815316314e-03
9.962089088815643256e-01,2.562313773035765699e-03,3.068578720241208879e-04,1.272583987742307592e-05,9.091936334983790604e-04
9.981704133141229285e-01,1.230916984330418908e-03,1.113094046218957500e-04,6.039177958750980690e-06,4.813211189659836521e-04
9.988711398646261674e-01,7.126978967968232003e-04,7.835156663630632619e-05,5.928690781171268367e-06,3.318819811593856335e-04
9.991598162835451102e-01,4.561936451662656545e-04,6.182956105784014121e-05,6.714108247641105441e-06,3.154464019832033854e-04
9.986899673638782726e-01,6.388820646820406613e-04,6.816084776859933781e-05,6.397109789029458915e-06,5.965926138820312101e-04
9.963040005564381962e-01,2.241696986567582456e-03,1.973676416398268242e-04,1.066969994981716256e-05,1.246265115404689800e-03
9.927306142332362748e-01,2.656395595921644693e-03,2.841465195785233128e-04,2.002266169115795026e-05,4.308820989572206828e-03
9.950156624507062730e-01,2.248404415976072018e-03,2.432433074843270645e-04,1.670404057513168226e-05,2.475985785258266823e-03
9.987230595450318216e-01,5.055108600470577989e-04,4.149255849534511987e-05,3.726531874532756645e-06,7.262105045510632842e-04
9.990880395794824453e-01,4.129022852641508817e-04,3.703237390331869404e-05,3.334422883726621177e-06,4.586913384662891788e-04
9.987465458441714405e-01,7.268956142995246315e-04,6.338410002189662348e-05,4.655127598924773701e-06,4.585193139081707842e-04
9.989176701685151816e-01,4.108873610430737724e-04,3.507605090691030705e-05,3.668828375011210526e-06,6.326975911596264494e-04
9.989588696393345568e-01,4.905396972481359781e-04,3.745724877669083432e-05,3.059005369275122816e-06,5.100744092713830691e-04
9.980089457464048630e-01,1.063400004700932938e-03,7.783421076044203110e-05,5.495302260977347986e-06,8.443247358727611930e-04
9.982084682781082741e-01,7.590394757637160565e-04,5.359620317834686817e-05,4.472377981349923086e-06,9.744236649682561091e-04
9.976640032261244739e-01,1.368107230254210363e-03,1.545675580613744681e-04,8.313067396621827185e-06,8.050089181633876198e-04
9.954626024704202880e-01,2.948457746601618884e-03,4.355887790683076323e-04,1.713526536611772913e-05,1.136215738543777882e-03
9.964883316472163965e-01,2.299402198166374239e-03,2.076695788813172100e-04,9.829002445930468780e-06,9.947675732898469351e-04
9.951686273883207923e-01,1.462364701475652373e-03,1.088201184416400728e-04,7.775343549338856606e-06,3.252412448212641145e-03
9.978587197357567939e-01,1.031408753619950450e-03,7.666984817101322157e-05,4.816618281368695977e-06,1.028385044170819279e-03
9.985627640471252953e-01,6.529337611951430143e-04,7.409980018321177459e-05,5.627487901049017754e-06,7.045749035950904819e-04
9.956682272206802686e-01,2.515828329637829087e-03,2.045959677730282348e-04,1.014855659856951787e-05,1.601199925310074204e-03
9.980207274988761590e-01,7.739282503367990408e-04,7.867822443792283097e-05,6.071003594342789252e-06,1.120595022754676019e-03
9.982590153634576247e-01,8.946263471470373898e-04,7.542985072255006221e-05,5.264896470711806137e-06,7.656635422021838442e-04
9.983662145335711058e-01,9.822435276556906736e-04,9.202668114311520755e-05,6.152953361751169053e-06,5.533623042683073322e-04
9.976156667433789815e-01,9.328041687752777929e-04,9.455651923270127590e-05,8.728346648983074650e-06,1.348244221963949352e-03
9.959523847946640807e-01,1.394194626192806234e-03,1.475070778897599451e-04,1.104625556641062842e-05,2.494867245686936512e-03
9.969046821339321296e-01,1.345310986465604900e-03,1.188105821906209985e-04,8.190622975274319240e-06,1.623005674436392431e-03
9.937416099151948901e-01,1.986359052610225245e-03,1.587542198478341022e-04,1.000655910789644211e-05,4.103270253239262901e-03
9.914043053664881588e-01,3.025746111327608755e-03,1.974453028355944691e-04,9.981370473211669924e-06,5.362521848875442462e-03
9.953313463989356125e-01,1.216973618406649773e-03,9.053422082096354931e-05,6.761000705147705243e-06,3.354384761131546430e-03
9.910676566236547025e-01,1.645419989138114042e-03,1.151525410115072250e-04,9.542022767863118501e-06,7.162228823427506386e-03
9.895216884627890952e-01,1.102283397568513392e-03,1.099943575421627104e-04,9.764870114469626511e-06,9.256268911985637837e-03
9.767787864133686826e-01,4.484692451880856710e-03,3.872978258731359807e-04,2.509138668401772628e-05,1.832413192219350950e-02
9.551752473754369088e-01,6.061977749662752525e-03,4.591301021874183885e-04,3.030740206268225009e-05,3.827333737065017477e-02
9.752221100223742445e-01,9.199135933128980980e-03,8.631646623942984065e-04,3.452221388324613514e-05,1.468106716821922404e-02
9.913935235339248475e-01,3.270796462465227865e-03,4.334793381852954835e-04,2.355553210189985510e-05,4.878645133322798144e-03
9.975867106784848115e-01,8.041649859883366657e-04,8.255835290997963244e-05,8.017617969661582251e-06,1.518548364647298024e-03
9.975236896794201780e-01,1.504599551658605426e-03,1.047596555723703739e-04,8.458523268934343102e-06,8.584925900800593384e-04
9.964558377675585277e-01,2.479109627796932235e-03,2.067216621380965104e-04,1.004146826320318042e-05,8.482894742432568703e-04
9.941142233942645845e-01,2.800681694902686352e-03,1.398010001624947179e-04,7.608301929227310792e-06,2.937685608740868252e-03
9.981560623924234932e-01,1.133916808700540348e-03,7.932923009563370748e-05,4.870141801546596801e-06,6.258214269788185506e-04
9.986597185840461188e-01,9.469359128357180246e-04,5.545658188066145117e-05,2.934580501602421401e-06,3.349543407360395814e-04
9.991421854053867957e-01,6.377532014028709610e-04,4.000786821797940181e-05,2.420716408351398586e-06,1.776328085837807109e-04
9.985591468370222934e-01,9.681550846713675223e-04,6.248898513831962294e-05,3.511799921098804717e-06,4.066972932467603427e-04
9.946851273889583123e-01,4.236742761012852500e-03,2.806032346718666118e-04,9.317009954030041095e-06,7.882096054028441771e-04
9.981365681172023052e-01,1.456643261346241827e-03,1.007565212151831239e-04,4.170271415169916375e-06,3.018618288210729735e-04
9.977517988511183100e-01,1.782658219016931009e-03,1.484651980063832850e-04,4.171447531251541824e-06,3.129062843269978748e-04
9.967391028678274090e-01,2.732429509329501079e-03,2.073260795409188548e-04,7.427513338680716686e-06,3.137140299635639501e-04
9.940111241209186321e-01,5.089728716017018206e-03,4.390114875806783081e-04,1.176512171475622256e-05,4.483705537689408778e-04
9.977742292980339434e-01,1.540205984585531380e-03,1.164366768541294202e-04,4.334311215967896792e-06,5.647937293104507471e-04
9.941866806067956031e-01,4.501955877252324795e-03,3.089562989654814277e-04,9.531548201436825023e-06,9.928756687850402024e-04
9.932667848647696029e-01,5.177280347139357440e-03,4.959891601792105640e-04,1.318109466709488053e-05,1.046764533244623095e-03
9.938415836648339940e-01,4.962778758198866692e-03,3.851268204368678695e-04,9.675850411695366383e-06,8.008349061184359772e-04
9.931882192283831845e-01,5.717844113622444491e-03,4.543476446844549278e-04,9.508478798677290147e-06,6.300805345113917296e-04
9.964011234712631948e-01,2.626631980777357264e-03,1.958009182465492615e-04,7.227349893542700644e-06,7.692162798192040242e-04
9.915635853094706409e-01,4.208585420691220505e-03,3.350903241131932258e-04,1.059775070105321250e-05,3.882141195023814783e-03
9.794812244459687456e-01,1.242922552087137415e-02,7.609634312621227185e-04,1.613587361546832755e-05,7.312450728282352680e-03
9.867860924017233248e-01,8.386116677991028653e-03,5.178583166705771857e-04,9.273536245906919341e-06,4.300659067369219657e-03
9.873323679357138838e-01,3.177201703664925964e-03,3.434988456582885362e-04,1.050915328275774535e-05,9.136422361680045234e-03
9.754978227804841362e-01,5.759644276040316001e-03,5.126610422814773405e-04,1.534822541456648117e-05,1.821452367577955367e-02
9.474509153754108182e-01,8.745670846177841865e-03,5.883088202027965830e-04,1.580271385020202876e-05,4.319930224435830635e-02
8.770056920780315846e-01,2.835804151365628120e-02,1.855103505101917414e-03,3.599216005457486946e-05,9.274517074315552501e-02
9.040718652142201162e-01,1.111903585024752103e-02,8.921046131145339781e-04,2.009213126114828252e-05,8.389690219115673864e-02
9.719713250656171200e-01,1.048684361219137488e-02,7.992284519186291722e-04,1.808604679391353091e-05,1.672451682347891530e-02
9.771741287837255596e-01,7.346367110072592015e-03,5.545824186517501727e-04,1.151986539222365000e-05,1.491340182215804278e-02
9.719867108677954226e-01,3.994883651326921505e-03,3.043526192863780133e-04,1.000504577143751797e-05,2.370404781581977524e-02
9.904069339106094105e-01,2.876584202972625858e-03,1.994924095963235267e-04,6.560674761882304202e-06,6.510428802059770557e-03
9.907689605200246108e-01,3.260869247321897778e-03,1.861712618645668723e-04,6.785639484328303578e-06,5.777213331304682266e-03
9.842867448570015165e-01,5.708891367833378132e-03,3.784340356566922008e-04,1.261544049583703668e-05,9.613314299012536493e-03
9.853834330674094977e-01,2.976011306741137893e-03,2.128445105927752106e-04,8.679278288260018016e-06,1.141903183696838485e-02
9.822358294653139588e-01,3.608109203088074105e-03,2.658519697564200226e-04,9.183819819596828794e-06,1.388102554202211639e-02
9.669953808756873714e-01,2.837001185598484951e-03,2.404018982433285447e-04,1.024814120399692627e-05,2.991696789926689970e-02
9.554497750930087685e-01,4.515092399926510375e-03,2.698327873368439023e-04,1.143737982002701869e-05,3.975386233990787360e-02
9.777492494113957378e-01,4.351750189018068274e-03,3.074941525980507393e-04,1.110486111839021110e-05,1.758040138586982118e-02
9.744410433653550863e-01,5.534675914406072747e-03,3.843026274790495625e-04,1.089933667256019882e-05,1.962907875608723915e-02
9.903359267115982023e-01,2.772746672091063770e-03,2.341993601216745718e-04,8.219979669384290286e-06,6.648907276519630885e-03
9.806169056614227886e-01,3.989500755062424901e-03,4.019856286039386983e-04,1.418907356680315606e-05,1.497741888134384962e-02
9.810975731194023775e-01,6.260042427914554002e-03,5.567862904658576161e-04,1.351601748140612440e-05,1.207208214473589648e-02
9.769343284890921186e-01,5.614474308446063336e-03,4.111415241280434968e-04,1.042552421358007868e-05,1.702963015412008174e-02
9.721181374870437875e-01,3.370072924114933012e-03,2.431959164098004529e-04,9.215246257905305283e-06,2.425937842617369861e-02
9.868529556455850615e-01,2.235727270789719494e-03,1.372786314512491543e-04,5.333690241037647152e-06,1.076870476193305011e-02
9.838844242599420475e-01,3.376121106594353726e-03,2.987664815756172257e-04,1.055691824250726218e-05,1.243013123364538827e-02
9.946655180518964023e-01,2.376870689043100032e-03,2.092570153415528630e-04,6.069917355432429444e-06,2.742284326363513686e-03
9.787430042935779673e-01,1.488944498332773168e-02,1.005366662739677315e-03,1.733385575319127536e-05,5.344850204601410415e-03
9.884730266690942013e-01,8.173569341209120306e-03,6.274538705101380788e-04,1.275077176537304086e-05,2.713199347421100475e-03
9.945286024719951490e-01,3.878656821714676628e-03,5.924368743258978188e-04,1.119446828683510553e-05,9.891093636775873457e-04
9.953575472097344612e-01,3.555375448782604336e-03,4.067974111461473215e-04,1.036816320561381295e-05,6.699117671313190026e-04
9.948223216766217680e-01,4.003741075451025533e-03,6.263468002868032534e-04,1.120123624236738230e-05,5.363892113980395530e-04
9.970725441610360784e-01,2.332696754246458247e-03,3.281214846290919141e-04,7.222564447689722400e-06,2.594150356408309261e-04
9.979412375412684000e-01,1.605093701807751815e-03,1.656303710628901564e-04,5.628532171422197117e-06,2.824098536895619255e-04
9.979951732767600170e-01,1.622897283740538758e-03,1.617571320567332005e-04,5.798283310464930297e-06,2.143740241322558769e-04
9.983871092177306616e-01,1.314784827074789997e-03,1.690250646847570102e-04,5.145901465088936615e-06,1.239349890448071772e-04
9.985810321855297378e-01,1.119521841129537823e-03,1.464228839660635978e-04,4.728074575537644301e-06,1.482950147992097116e-04
9.970703666437861212e-01,2.327268244602311020e-03,2.833086864571034190e-04,6.609865153952718235e-06,3.124465600004614992e-04
9.922517424245237416e-01,6.211186023088833413e-03,1.118939098312379723e-03,1.656347469190699493e-05,4.015689793830538108e-04
9.963216367484455382e-01,2.904811784922758933e-03,5.276123297849326550e-04,9.709677566546604457e-06,2.362294592801863829e-04
9.953802585409291526e-01,3.735182591073991920e-03,6.256714608696502299e-04,1.635218936522074120e-05,2.425352177620358827e-04
9.889025362361524296e-01,9.037736590466386929e-03,1.584219886476173926e-03,3.357405809066921144e-05,4.419332288143318875e-04
9.903977734355025042e-01,7.588744422341273631e-03,1.530925641289824233e-03,3.002596299818554933e-05,4.525305378681935935e-04
9.941113521878787163e-01,4.466232084607092701e-03,9.047532679740585273e-04,2.176616554423803788e-05,4.958962939959244039e-04
9.799918605956717821e-01,1.452218615613527428e-02,2.493389903425927319e-03,4.345677867719805073e-05,2.949106566089827741e-03
9.852668508584064844e-01,8.098082358516811227e-03,1.084457239038178616e-03,3.919302090443419189e-05,5.511416523134129650e-03
9.712663654000387448e-01,1.689828464854841936e-02,4.622187399816121006e-03,9.480413660917322858e-05,7.118358414987518284e-03
9.859856984297514781e-01,7.397854784199534017e-03,1.994390455633079842e-03,4.503471469064484350e-05,4.577021615725412190e-03
9.710063490182629931e-01,1.811772785316482365e-02,5.255705543437767281e-03,9.234686371321370224e-05,5.527870721421098907e-03
9.692850832326154187e-01,2.026967306867949112e-02,4.357219047559821382e-03,6.616934686997098846e-05,6.021855304275391778e-03
9.908427332179845504e-01,6.378159063864761134e-03,1.566579764314379600e-03,3.357898148322313445e-05,1.178948972353166709e-03
9.930871576385720267e-01,4.921841649616931144e-03,1.015312447154867372e-03,2.098462970736903371e-05,9.547036349488076130e-04
9.948618204241151952e-01,3.613687146231167342e-03,6.410381157780669541e-04,1.660693365822855331e-05,8.668473802173398343e-04
9.640509762552821327e-01,2.786205119300549926e-02,3.798201971035736375e-03,4.801448050978359897e-05,4.240756100166754271e-03
9.935229956509885607e-01,3.777694295908949965e-03,9.488973733114999635e-04,1.793716239291801254e-05,1.732475517398076020e-03
9.752630065129639370e-01,1.414315181314615942e-02,1.874683095437431864e-03,3.866986161839162993e-05,8.680488716834112994e-03
8.967791994880590645e-01,6.058421347849184124e-02,4.384313880531891250e-03,5.701738331167401368e-05,3.819525576960553642e-02
9.785345859545960812e-01,1.342897866150406447e-02,1.292153546414601161e-03,2.025968814468507808e-05,6.724022149340562991e-03
9.882195862794680430e-01,4.850140314189645835e-03,5.345361126812692154e-04,1.608356737356560854e-05,6.379653726287413777e-03
9.835373518577414931e-01,3.636808833167561907e-03,5.876997239528210975e-04,2.250233900106555360e-05,1.221563724613714680e-02
9.945329872374029101e-01,1.395516038412485723e-03,2.224614875564235347e-04,1.314179643111302509e-05,3.835893440197158614e-03
9.946302191441860341e-01,2.496707222719053189e-03,3.443908165411415875e-04,1.575616771779069140e-05,2.512926648835950641e-03
9.859526554343878146e-01,3.767046116028479816e-03,4.167307293890607899e-04,2.387541762933924054e-05,9.839692302565393456e-03
9.841329464429475760e-01,4.434060511260928643e-03,5.606366121160107551e-04,2.380944658374841750e-05,1.084854698709169715e-02
9.828283981920573620e-01,7.169290391183729544e-03,8.792837499845917006e-04,3.252985926448378421e-05,9.090497807509666239e-03
9.804642950104934807e-01,7.675733683043205018e-03,8.667780140959299500e-04,3.096011948711630896e-05,1.096223317288006968e-02
9.867022810957474244e-01,8.456383042799412927e-03,1.406256249459231309e-03,2.615487370985210446e-05,3.408924738284080380e-03
9.855974292365982103e-01,4.578652987705698375e-03,7.563450687892257903e-04,2.315832187271050265e-05,9.044414385034092035e-03
9.775345574424189055e-01,1.055349736711935424e-02,1.155069270697842284e-03,2.725653233169746505e-05,1.072961938743224528e-02
9.871710045206315565e-01,7.235649010955502378e-03,1.060383236169332166e-03,2.871447624936054532e-05,4.504248755994161128e-03
9.891193597554028827e-01,7.216667438508676813e-03,1.540016375935727598e-03,3.122726744195332622e-05,2.092729162710694514e-03
9.873264278994442478e-01,5.640151129449963267e-03,6.854713314660473150e-04,2.452404608804331860e-05,6.323425593551704887e-03
9.964836160920599317e-01,2.224292896508105709e-03,2.588987838564452203e-04,7.772363882774380777e-06,1.025419863692615978e-03
9.985871800436109114e-01,8.907614002214116807e-04,8.502586346422524367e-05,4.242670256511234089e-06,4.327900224467470520e-04
9.985964573131976829e-01,9.080371769258838762e-04,1.027272948623012905e-04,5.941986403661139649e-06,3.868362286104046893e-04
9.983151975765359731e-01,1.299596236660176349e-03,1.444557033069603167e-04,6.976600390923938644e-06,2.337738831060166443e-04
9.982774584958162833e-01,1.009836019300517414e-03,1.407557650976733437e-04,8.086594312699901964e-06,5.638631254727868424e-04
9.973100640033430997e-01,1.701827524239263702e-03,3.678211881245280006e-04,1.447056603410315614e-05,6.058167182590573890e-04
9.980467558219539015e-01,1.045485775209617930e-03,2.003129767742500953e-04,1.033388878635349908e-05,6.971115372758588270e-04
9.973085734778621703e-01,1.895780875932427407e-03,2.772047415678429100e-04,1.282082129433387634e-05,5.056200833431308186e-04
9.973030578530087675e-01,1.741819860453982290e-03,2.234764749793714128e-04,9.686461275228386926e-06,7.219593502827159094e-04
9.963469721700023429e-01,2.395382753923736528e-03,3.425565215338390013e-04,1.161328617159659089e-05,9.034752683685545304e-04
9.987691869431236658e-01,7.983220322180824410e-04,1.891335072350791276e-04,7.395254390271608830e-06,2.359622630329494676e-04
9.974961022494288621e-01,1.758114854603096697e-03,4.690666466632647906e-04,1.555672218665490075e-05,2.611595271181584867e-04
9.988281366501772229e-01,8.138620846361646621e-04,1.517259467484827944e-04,8.379746210056599715e-06,1.978955722281075242e-04
9.990618906521719911e-01,7.016942798052467831e-04,9.455866042204849478e-05,5.399702897631015800e-06,1.364567047030190250e-04
9.980243600668754489e-01,1.569948635444127702e-03,1.677159358365960719e-04,7.340217646813445017e-06,2.306351441969890694e-04
9.981660642050049770e-01,1.368134894849131226e-03,1.475203898323578791e-04,6.827689775616990385e-06,3.114528205378266348e-04
9.971108806607906772e-01,2.119657461477588399e-03,2.189482867143389890e-04,8.392789319921771149e-06,5.421208016974092981e-04
9.972669941179646003e-01,2.071066617149247818e-03,2.369369383844311771e-04,7.153472276780210527e-06,4.178488542250193482e-04
9.961913191171335447e-01,2.864954033329297507e-03,3.305840648758267479e-04,1.092050700014927841e-05,6.022222776610816489e-04
9.947873241024206559e-01,3.935305026681945768e-03,4.254271669688324009e-04,1.287128642510773169e-05,8.390724175032886201e-04
9.972631839696105560e-01,1.935305968317698388e-03,2.834567715253053584e-04,1.083873853691740117e-05,5.072145520096708014e-04
9.969782392807553517e-01,2.268662433289417215e-03,2.389194313090911245e-04,8.210738791945073421e-06,5.059681158542746107e-04
9.988620470623615910e-01,6.611413244719909063e-04,7.021053177850219442e-05,4.699128691829184727e-06,4.019019526960885495e-04
9.949264546179241719e-01,3.520331350804716680e-03,2.077320996825264435e-04,1.099146813064991984e-05,1.334490463457885159e-03
9.950663451323447095e-01,3.408736215833132500e-03,2.607441855906545889e-04,1.192122742537625220e-05,1.252253238806161958e-03
9.986887676420057591e-01,1.008132455951342562e-03,7.989241257395058942e-05,4.137352534990291160e-06,2.190701369338474006e-04
9.986680639854933483e-01,8.714940626965402351e-04,9.440081509769062751e-05,5.536930595846799594e-06,3.605042061165639644e-04
9.983396676719827889e-01,1.195617082492755846e-03,1.594401393652327109e-04,6.441406039152001179e-06,2.988337001200016630e-04
9.989227791758497066e-01,6.629360391892087732e-04,8.655207714639291910e-05,4.801408296396321546e-06,3.229312995180712493e-04
9.991357949558706819e-01,6.103660202027874583e-04,9.468991337570311555e-05,4.548432057675666399e-06,1.546006784931129748e-04
9.993613253579449740e-01,3.978617724668772520e-04,5.539230972064442308e-05,4.038986803632639043e-06,1.813815730637753784e-04
9.988874427546290402e-01,6.930122290292526060e-04,7.633493513420693151e-05,5.442206872339083920e-06,3.377678743352759399e-04
9.989325771425215938e-01,6.405957355490933015e-04,6.110905716687039981e-05,4.241233970877458718e-06,3.614768307915856523e-04
9.962118092863954111e-01,1.003389570415886113e-03,9.251167926533241325e-05,8.356560255993603626e-06,2.683932903667383962e-03
9.981463921972387743e-01,6.124105115123043824e-04,4.445092153285922057e-05,4.264992784368365216e-06,1.192481376931666445e-03
9.988289086356736401e-01,4.397663114540020378e-04,4.732921971866387023e-05,4.002540235745289631e-06,6.799932929178875837e-04
9.987896926997420488e-01,6.202052559424754133e-04,6.781547468391585900e-05,5.080523921918069951e-06,5.172060457097847879e-04
9.983376701761742522e-01,9.072234372251278180e-04,8.064825017655102932e-05,5.768829740567668384e-06,6.686893066834406676e-04
9.880495943733663688e-01,8.882385270653873899e-03,4.974788364251699936e-04,1.640633474293245111e-05,2.554135184811552692e-03
9.948715018604301630e-01,4.003713929560490103e-03,3.037104859141673600e-04,8.569828216347748063e-06,8.125038958788244770e-04
9.972816575952030416e-01,1.949901048994286687e-03,2.025199124606836068e-04,7.192063376663626868e-06,5.587293799651982988e-04
9.988956265805559731e-01,7.159616386232798939e-04,6.988665858363385061e-05,3.985663862956449490e-06,3.145394583739336632e-04
9.989216651132423186e-01,7.685958567956737526e-04,6.445866095236115942e-05,3.691509793888904317e-06,2.415888592160568831e-04
9.986715610166094770e-01,1.050048169887192896e-03,9.582646930744936149e-05,4.099141058339247631e-06,1.784652031375304714e-04
9.967971457398077106e-01,2.740686975673151202e-03,2.168668327296207937e-04,7.131318638134066546e-06,2.381691331513659802e-04
9.978901839486769010e-01,1.807380558554125402e-03,1.503595290680947560e-04,5.356073409991346028e-06,1.467198902909299697e-04
9.984490813594755210e-01,1.308770296832577947e-03,8.579484489469961213e-05,3.744206601461327806e-06,1.526092921959154689e-04
9.984400895963252420e-01,1.244218422976653545e-03,1.190606861644164389e-04,6.040572946575604771e-06,1.905907215871407913e-04
9.968619346365891198e-01,2.348050792909521858e-03,5.044864917671069158e-04,1.684684744772813584e-05,2.686812312864362900e-04
9.978971164109877723e-01,1.503919776276650428e-03,3.805464519953205105e-04,1.190143073775358075e-05,2.065159300024984300e-04
9.975615158901971480e-01,1.824295540604459719e-03,3.788484353017033089e-04,1.153657874314802438e-05,2.238035551535622655e-04
9.984831475166766612e-01,1.121958098343997816e-03,2.059438502373657997e-04,8.245419624144132719e-06,1.807051151177516742e-04
9.977567689018734809e-01,1.768229861984633479e-03,2.060133343060880284e-04,8.891605514396266592e-06,2.600962963213313754e-04
9.983218076045277112e-01,1.193237595961343196e-03,1.141949589963991356e-04,7.327111427693160689e-06,3.634327290868470607e-04
9.988835485408994463e-01,8.489838301401567968e-04,8.473135202611139854e-05,4.584884210643423204e-06,1.781513927237671170e-04
9.994010355941758128e-01,4.518640651079360872e-04,4.687353816828830437e-05,3.066771236478570083e-06,9.716003131139675148e-05
9.986568465491063584e-01,1.060926830775956939e-03,6.536786084787701758e-05,3.723476175928454924e-06,2.131352830938701350e-04
9.967951371547912887e-01,2.771960708948855746e-03,1.133603208827317209e-04,4.799396159379072965e-06,3.147424192178778762e-04
9.993436408657494496e-01,4.140350718383317675e-04,2.725166011930747653e-05,2.323079510070947734e-06,2.127493227829030322e-04
9.990097810441576076e-01,7.352008289235866531e-04,4.760099696615787492e-05,3.484928936501917648e-06,2.039322010160603900e-04
9.994435665466027130e-01,4.349687538758338157e-04,2.908587454524100792e-05,2.243999306005915520e-06,9.013482567010070530e-05
9.993540283947617286e-01,5.364852864471443897e-04,3.881736973354724997e-05,2.905137420588138747e-06,6.776381163692931817e-05
9.988432492539930374e-01,1.000298829298995953e-03,7.757747394878072682e-05,4.508557647206668960e-06,7.436588511197586972e-05
9.995369476737434589e-01,3.862843736037271957e-04,2.987482391394292265e-05,2.575896495014070774e-06,4.431723224406188200e-05
9.992419810742479980e-01,6.298700990081855869e-04,3.987845113338675095e-05,2.429395481063167060e-06,8.584098012950284583e-05
9.992818849936159209e-01,5.752564562927604212e-04,4.139888668889887829e-05,2.716180976307846455e-06,9.874348242617378359e-05
9.984147686357636164e-01,1.346878735798759082e-03,9.090907444023347075e-05,4.439429995381885516e-06,1.430041240019071464e-04
9.995857782374244493e-01,3.375384963816415395e-04,3.072608260007700972e-05,2.097527502688447052e-06,4.385965609111398144e-05
9.988619880619067359e-01,9.712555382083992586e-04,7.329814011805238950e-05,4.214636133175579713e-06,8.924362363364925091e-05
9.994677452733921053e-01,4.482541464178259783e-04,3.593817482673752602e-05,2.354783403275531694e-06,4.570762195999698808e-05
9.995103841275277956e-01,4.024225711158446023e-04,2.800122768798886337e-05,2.109129146669325765e-06,5.708294452171835877e-05
9.995925744650989708e-01,3.341769255560820737e-04,2.659841512957085392e-05,2.026954892465831367e-06,4.462323932278311082e-05
9.993378044622764911e-01,5.555197740356857851e-04,4.729988576683301826e-05,3.631594565761093585e-06,5.574428335511777139e-05
9.995805367966881239e-01,3.395676053603871808e-04,3.492368579865064691e-05,2.954861330238622295e-06,4.201705082255212078e-05
9.996643079003811883e-01,2.598019162290128949e-04,2.650850040813546192e-05,2.847718108094994220e-06,4.653396487357575485e-05
9.997292708391087857e-01,1.824384523312575098e-04,2.108309684162735292e-05,2.819378283489942653e-06,6.438823343495328683e-05
9.994567746037834599e-01,4.189025763179927541e-04,4.145901174711303164e-05,3.673916055313029068e-06,7.918989209606241682e-05
9.995705876855073280e-01,3.456092504386852832e-04,2.901204102825384601e-05,2.381906499893089071e-06,5.240911652592412896e-05
9.997226303797969171e-01,2.086068691866723856e-04,1.998979888559500052e-05,2.038137916152073671e-06,4.673481421467174908e-05
9.996335573415028319e-01,2.778221523652913338e-04,2.545251827473860240e-05,2.479434991364392635e-06,6.068855286575610471e-05
9.995433391271327794e-01,3.664773561605017341e-04,2.431451483202510299e-05,1.959156193866209385e-06,6.390984568089212281e-05
9.994793609773795495e-01,4.320574213602112221e-04,3.071149261348536766e-05,2.465604869875281849e-06,5.540450377681654790e-05
