1.664667681216507045e-01,4.476075088990909973e-02,2.056298938865890880e-01,2.042800371829392794e-02,5.627145833835571764e-01
2.005293916116870911e-01,1.774646276562209801e-02,7.042551011130350480e-02,7.091422447943888582e-03,7.042072130634433602e-01
1.106192301429215763e-01,1.331849421377295437e-02,3.879392061010938919e-02,2.630790196549099083e-03,8.346375648366468614e-01
2.549777809090433278e-01,4.685501040599222670e-03,8.527059886669538166e-03,9.890001976738142450e-04,7.308206579660140312e-01
5.296836653678556051e-01,1.008787328784998757e-02,4.556386372909891624e-02,8.748697389986039713e-03,4.059159002252095139e-01
6.361146169098007563e-01,1.158849667723609207e-02,3.200969001424294746e-02,6.436819399723087837e-03,3.138503769989970382e-01
5.230914307088491144e-01,2.212451825891319224e-02,6.917771242960057965e-02,6.803378388980622568e-03,3.788029602136564478e-01
7.376278738622210618e-01,8.769176962671189346e-03,1.670967197359912379e-02,2.395435565427811789e-03,2.344978416360809781e-01
7.244653592517972251e-01,8.467023906206693623e-03,1.303306090159923880e-02,1.670294058020665648e-03,2.523642618823760397e-01
7.517798517408615933e-01,6.772551914426118945e-03,1.552490871618766866e-02,2.105256080525377826e-03,2.238174315479991849e-01
8.036922876994641030e-01,1.031026585431405254e-02,5.152849080666684761e-02,1.208169642786278281e-02,1.223872592116921343e-01
7.293001079930168107e-01,8.365417620908447913e-03,5.728540055596836877e-02,1.288164870524558490e-02,1.921674251248608190e-01
7.950658380654206381e-01,4.900937644813409440e-03,9.912820025596225798e-03,1.928034228121942037e-03,1.881923700360478569e-01
8.449115039250061354e-01,5.227232516579462425e-03,6.538407725185761687e-03,1.382338351548525633e-03,1.419405174816801563e-01
9.296554125039606653e-01,1.876186764108210038e-03,2.314359035373809558e-03,6.293412318401159569e-04,6.552470046471713105e-02
9.551185178638772477e-01,7.138923108583895274e-04,1.016282101762546819e-03,3.133797362826884871e-04,4.283792798721915152e-02
9.940687362870372912e-01,3.161910303681172096e-04,2.304542394178454119e-04,5.206377940487438676e-05,5.332554663771830669e-03
9.978973765979142208e-01,6.511459830030050591e-04,2.099815188885655862e-04,2.343903568050182066e-05,1.218056864513578476e-03
9.974277819650771981e-01,6.393924397886571178e-04,2.711923971241219050e-04,3.973903492754195151e-05,1.621894163082490681e-03
9.975531622827691347e-01,4.087408930187918826e-04,2.605450756142635416e-04,5.432945225042620313e-05,1.723222296347492284e-03
9.956382027100890708e-01,1.135754981771017885e-03,5.080080913621797629e-04,6.258010801467970706e-05,2.655454108763067797e-03
9.925273427946291749e-01,7.871978256714512456e-04,3.178494503404286162e-04,3.407203472663277854e-05,6.333537894632387463e-03
9.942316065460965469e-01,1.634531971902476299e-03,4.605858127588263414e-04,3.168380747698119556e-05,3.641591861764999216e-03
9.939472612783478711e-01,2.986803147117627656e-03,8.289435676154815894e-04,4.491244812222823507e-05,2.192079558796898500e-03
9.916229744337992091e-01,4.373107655091497750e-03,1.612866190581310408e-03,9.358768556895954971e-05,2.297464034958970544e-03
9.803862830465639444e-01,5.300380907705906468e-03,2.584562838491919878e-03,1.838216239455359180e-04,1.154495158329275212e-02
9.706922702689012583e-01,8.061349181474903453e-03,7.597217005068773385e-03,5.950460380060932893e-04,1.305411750654911912e-02
9.698004345740267595e-01,9.388942543097012622e-03,8.988452013429302015e-03,1.175375631813209811e-03,1.064679523763386454e-02
9.624103464637497884e-01,1.053591419485420087e-02,8.074065607542011552e-03,1.241108015232679582e-03,1.773856571862118814e-02
9.585492125834211841e-01,1.121872571809683083e-02,1.082905313561871759e-02,2.057319928775547518e-03,1.734568863408794334e-02
9.616342298357185570e-01,8.702673862931789572e-03,1.666459791881666833e-02,5.761737808472926041e-03,7.236760574060052166e-03
9.620845846032064497e-01,7.470271189800207351e-03,1.707594508120293536e-02,7.524107402092704115e-03,5.845091723697705237e-03
9.527922929938035246e-01,9.634625850501571040e-03,2.270161684269028646e-02,1.019512136508862570e-02,4.676342947915754569e-03
8.767226763253622712e-01,3.519235597935652105e-02,5.413636687614183790e-02,1.707171448337885949e-02,1.687688633576047911e-02
9.663736631716461911e-01,4.272053050241075671e-03,9.299465990739518018e-03,4.998433043268506008e-03,1.505638474410472133e-02
9.793459642117647856e-01,5.525937934348129112e-03,5.559909086971690298e-03,2.294800010112179375e-03,7.273388756803201259e-03
9.293459536452026715e-01,2.293387454159549060e-02,2.546829179954611735e-02,5.728423014117919355e-03,1.652345699953796862e-02
9.372793043065156260e-01,2.113270900332473584e-02,2.268853096488412935e-02,5.956019677292041792e-03,1.294343604798357458e-02
8.541100339116466378e-01,3.426769765723833294e-02,5.357050603164560665e-02,8.724015247054055927e-03,4.932774715241538405e-02
8.995996240342817307e-01,1.680486289472195999e-02,4.249012915110597643e-02,1.107891207865864362e-02,3.002647184123171525e-02
8.510464124289804921e-01,2.161327401711966856e-02,6.126515709154962269e-02,2.414446207902430988e-02,4.193069438332600041e-02
9.062168982691493069e-01,7.750991731450854356e-03,4.016743053949888009e-02,2.044269348943865416e-02,2.542198597046233660e-02
9.422480812913202053e-01,2.493881438674719255e-03,9.850668796818326522e-03,7.034287836982166912e-03,3.837308063620456511e-02
9.682709362356004545e-01,1.985997079279613019e-03,5.989853445991773738e-03,3.589533542004392109e-03,2.016367969712376876e-02
9.324411436642388029e-01,5.708436319010312850e-03,2.402910716922070436e-02,1.757828760333590701e-02,2.024302524419420782e-02
8.889014416893415982e-01,7.589931445593168548e-03,4.948557172966447371e-02,3.112688897371458999e-02,2.289616616168613922e-02
9.130363451215888215e-01,4.236859385105228894e-03,2.818794046894143937e-02,1.740949526295580002e-02,3.712935976140878391e-02
8.506909989853524978e-01,1.119401033716800435e-02,7.665773511343397517e-02,2.977690989842185151e-02,3.168034566562354798e-02
9.380853170849912104e-01,5.126774205218306499e-03,2.970366691807119902e-02,1.196267504205633485e-02,1.512156674966307242e-02
9.404735992218570262e-01,5.745474671780139743e-03,2.743347593641505891e-02,1.049833760782516862e-02,1.584911256212248945e-02
8.925486845275418801e-01,6.455638221445464051e-03,5.769611375683677407e-02,2.142591260595012176e-02,2.187365088822575132e-02
9.529630975546705685e-01,3.348219157131907247e-03,2.232985668756886158e-02,8.266391069315950219e-03,1.309243553131266523e-02
9.578440854349128397e-01,3.860920655492038576e-03,1.299436195678139311e-02,4.592048752758304091e-03,2.070858320005549216e-02
9.555663057231530422e-01,2.610479487063979177e-03,9.694662838192364199e-03,4.430177498795808896e-03,2.769837445279497642e-02
9.664357381589225859e-01,4.185732745295319551e-03,1.335123445455167063e-02,5.924643704545027624e-03,1.010265093668545611e-02
9.613465015888623677e-01,1.592136233311007955e-03,5.603751577707706891e-03,3.227082313650810226e-03,2.823052828646808315e-02
9.680900005491173133e-01,2.668071376682473132e-03,8.139835082753147863e-03,3.727649928774972709e-03,1.737444306267202712e-02
9.548059842580669532e-01,3.351318196227757833e-03,2.500251047724596359e-02,7.571400772853159773e-03,9.268786295606233280e-03
8.126591133594261995e-01,1.130919906496429331e-02,1.181468228821475341e-01,2.609724927448703324e-02,3.178761541897499876e-02
8.598633842105161129e-01,6.153788712776177804e-03,5.669083336091359365e-02,1.946040072090645875e-02,5.783159299488766641e-02
6.540766995647708804e-01,1.067397383548491542e-02,2.280050543589537959e-01,7.672554260863101439e-02,3.051872963215922219e-02
8.568520596165989378e-01,6.413950762455988830e-03,5.942193932410590879e-02,2.162824444248768671e-02,5.568380585435141195e-02
9.052311656483212898e-01,7.967025807776794213e-03,3.037660138152745506e-02,1.132351642032723357e-02,4.510169074204728457e-02
9.312636017766851015e-01,8.959491383961926472e-03,3.192085846134548599e-02,1.088195448812830091e-02,1.697409388987908274e-02
9.327348849407862685e-01,9.855936488885261304e-03,2.591965871257585763e-02,8.925706676390761374e-03,2.256381318136189279e-02
9.079883472033776215e-01,1.198367401895538559e-02,3.410725119690699580e-02,1.476703525998422813e-02,3.115369232077586092e-02
9.308958813402636867e-01,6.290086204012770507e-03,2.269596664438813111e-02,9.981982744019169546e-03,3.013608306731623346e-02
8.954355512458010979e-01,6.850477296736295907e-03,4.397701278169331707e-02,2.515058483707599893e-02,2.858637383869308893e-02
8.931317047839221201e-01,1.422628057265950922e-02,4.939273932092152347e-02,1.667244348720169425e-02,2.657683183529506443e-02
8.012029955672157477e-01,2.647946048322770765e-02,6.827287108251642311e-02,1.719300273442651850e-02,8.685167013261360647e-02
8.001480286805818798e-01,3.450119141317681271e-02,8.603002330529914421e-02,1.816189152815025215e-02,6.115886507279195278e-02
8.655731480667901989e-01,1.778214581337991818e-02,7.836063562192902010e-02,2.070552732759611825e-02,1.757854317030470293e-02
9.892421756475002770e-01,2.327576896314096765e-03,4.785582494281132547e-03,2.703349361282855919e-03,9.413156006215626535e-04
9.684982143138420874e-01,5.768865542695990334e-03,1.621468577772470707e-02,6.937942227770623436e-03,2.580292137966441746e-03
9.335604821791823049e-01,5.069717017971938668e-03,4.128617936242358344e-02,1.655138852746102993e-02,3.532232912961242362e-03
9.153508405924464242e-01,1.446050385215434837e-02,4.204412361220550426e-02,9.568984815404663058e-03,1.857554712778914166e-02
9.284171436159975865e-01,1.697730450639598279e-02,3.019287132940330284e-02,6.159268248473313834e-03,1.825341229972979318e-02
8.948682526745497245e-01,1.763817395872578284e-02,6.123127793163055110e-02,9.555918323415624194e-03,1.670637711167851161e-02
9.478517493484189815e-01,5.793335872831982189e-03,2.680542325515408372e-02,6.781901992530863822e-03,1.276758953106413644e-02
8.887281097643009442e-01,4.521499457360546141e-03,6.830465201461442815e-02,1.791987738484386583e-02,2.052586137888021134e-02
9.263791413218127602e-01,4.130259977129444905e-03,3.259518288337377029e-02,8.101353621903508231e-03,2.879406219578031431e-02
8.374257489556499179e-01,1.241155522221895104e-02,6.867566049892583069e-02,8.867619365547934132e-03,7.261941595765733504e-02
8.830454715231087492e-01,6.300397775011749336e-03,4.414902120426136140e-02,7.212921105502208274e-03,5.929218839211593262e-02
8.693628512053284130e-01,5.034438583275357287e-03,1.906192110852396662e-02,3.366558994792474922e-03,1.031742301080797175e-01
8.438518102936463094e-01,5.698203545032770427e-03,1.914982965342832202e-02,2.775778257380528795e-03,1.285243782505121335e-01
8.223445491650238637e-01,8.596951572436416222e-03,2.468620543960500444e-02,3.088622740628486560e-03,1.412836710823063280e-01
8.411614033807858215e-01,7.169699209840448700e-03,2.195949886325195000e-02,2.472575966408763204e-03,1.272368225797129437e-01
8.748340727819625684e-01,3.472185918570315326e-03,9.691331161583932943e-03,1.038678132051088290e-03,1.109637320058320387e-01
8.389323925608667132e-01,6.835836390211428790e-03,9.537324428531179094e-03,7.405916494922836022e-04,1.439538549708985204e-01
9.814568339803464436e-01,8.268796875306296326e-04,7.127571525336982980e-04,9.085632936450040728e-05,1.691267285022451244e-02
9.900476606575884242e-01,7.999521599370629839e-04,4.573700945594894908e-04,5.579828318968278712e-05,8.639218804725370265e-03
9.944395226168686319e-01,9.654143431332756417e-04,6.555484201331057605e-04,7.175969620511347253e-05,3.867754923659838442e-03
9.866964679915535275e-01,3.299706924286698300e-03,2.411029485817728357e-03,1.374777664056322883e-04,7.455317831936437642e-03
9.850679051378630202e-01,5.101951778300365531e-03,5.122814398416162748e-03,2.211238683964869794e-04,4.486204817024054894e-03
9.939884815944214358e-01,1.183977826849078258e-03,8.564989920793286519e-04,5.314628013252691892e-05,3.917895306517485236e-03
9.880950680613638237e-01,1.361246920403354861e-03,3.717308073076770226e-03,2.814795756009565533e-04,6.544897369555273577e-03
9.959012092661140292e-01,6.042693921084656486e-04,6.484060349347815473e-04,8.893098744145892581e-05,2.757184319401124236e-03
9.981981338648415747e-01,4.380093509969486829e-04,2.610012920252942630e-04,3.230897837899679290e-05,1.070546513757132450e-03
9.978764321771252943e-01,4.052292291557593154e-04,1.303739842264897036e-04,1.480411974991109725e-05,1.573160489742450032e-03
9.982693694189277434e-01,4.169308971473271118e-04,1.069476949850766133e-04,1.308141581080351937e-05,1.193670573129063930e-03
9.980243873079842620e-01,5.907708455061108817e-04,5.996738880390235045e-04,1.177063231932997062e-04,6.674616352772435148e-04
9.912144200853422182e-01,8.956168081793747801e-04,1.712329385681465779e-03,3.104681084672712395e-04,5.867165612329584314e-03
9.870553249563688292e-01,8.263067045030610992e-04,1.022949442795143210e-03,1.471013920775604545e-04,1.094831750425549755e-02
9.944143973653983837e-01,6.726947612798774012e-04,5.889975103108462725e-04,6.740018036960171270e-05,4.256510182641189306e-03
9.985577398416208839e-01,4.640682374994418687e-04,1.620945893765686236e-04,1.626110475218399707e-05,7.998362267509613816e-04
9.980661479623474941e-01,1.169432477968032321e-03,2.612029592522047247e-04,2.100676514739623955e-05,4.822098352848441577e-04
9.992489032051742326e-01,5.622685246514880436e-04,7.119489724114352088e-05,4.995782435633241418e-06,1.126375904975521132e-04
9.989136279329994261e-01,9.083893001579964460e-04,6.736422517775303149e-05,3.998901359292359676e-06,1.066196403054918320e-04
9.993421301063585283e-01,5.606648241597440288e-04,3.504213559263598350e-05,2.310553366489753161e-06,5.985238052279794572e-05
9.993211350532189563e-01,5.822355703280557900e-04,2.885500304157515082e-05,1.988382371842303108e-06,6.578599103989378005e-05
9.992189391599853865e-01,6.795100908667146833e-04,2.865517537808287787e-05,1.868062019950154899e-06,7.102751174984837197e-05
9.988219221458355390e-01,1.038949738464649405e-03,4.440257057551300421e-05,2.680414984258166251e-06,9.204513013997684247e-05
9.970871490530897052e-01,2.656649556568937282e-03,9.748018717303985256e-05,4.388444515566325382e-06,1.543327586527591840e-04
9.989120384211960246e-01,9.675098798306677088e-04,4.215311886956072079e-05,2.479409472180582324e-06,7.581917063169199013e-05
9.992125134701496103e-01,6.854087661829666618e-04,3.227176342368270591e-05,1.978081421481294293e-06,6.782791882205213378e-05
9.991941418238530215e-01,7.050380871643435136e-04,2.759757006040589318e-05,1.990268841735588159e-06,7.123225008051312665e-05
9.993218927754770053e-01,5.895380280120061456e-04,2.367057026703628926e-05,1.641676391619289192e-06,6.325694985249374306e-05
9.990571541000218270e-01,8.386318948270385853e-04,3.161873258429040505e-05,2.275239055338570236e-06,7.032003351143972130e-05
9.990690680637158705e-01,8.306825916763376037e-04,3.817549702392140893e-05,2.389551966602323426e-06,5.968429561735108003e-05
9.987017306649865755e-01,1.171405998139493296e-03,4.527081829042335507e-05,2.648061317021717365e-06,7.894445726633824659e-05
9.987523670195006531e-01,1.137139724448449482e-03,4.339692436092447609e-05,2.496167365369156455e-06,6.460016432461512467e-05
9.987872774703905332e-01,1.085518089796498522e-03,3.779807463736528471e-05,2.447316975552294822e-06,8.695904820012697353e-05
9.970008137583415975e-01,2.709397386095667697e-03,6.593223626008029809e-05,3.578152644852870756e-06,2.202784666577338522e-04
9.959082034728742316e-01,3.714174171925206484e-03,1.308625187790312435e-04,4.984861180053903181e-06,2.417749752414737518e-04
9.976443516886641660e-01,2.124969261914055538e-03,9.558584455965443043e-05,4.792119977111230860e-06,1.303010848849776393e-04
9.965269713854744138e-01,3.201955098430062097e-03,1.259970166473712867e-04,6.017288261354404993e-06,1.390592111866839967e-04
9.982172974024789980e-01,1.613311499154026791e-03,6.979931799290640764e-05,3.578031175087902107e-06,9.601374919907525944e-05
9.975862988096568795e-01,2.211112248959238961e-03,8.118711752303006538e-05,4.411711056217437509e-06,1.169901128043679005e-04
9.966403794511287106e-01,3.097834363114278927e-03,1.116218086257777544e-04,5.304456412069877314e-06,1.448599207189936444e-04
9.982905026818400529e-01,1.536306173839811990e-03,7.360978610013104058e-05,4.391761364406129492e-06,9.518959685552942282e-05
9.980429032822767388e-01,1.749765289118903212e-03,8.003636889633253899e-05,4.388416301293877168e-06,1.229066434066142200e-04
9.990045972205728875e-01,8.692008401269238523e-04,3.379729198729794872e-05,2.247688046300548609e-06,9.015695926656348987e-05
9.974085274846600235e-01,2.338096053920880359e-03,9.094680102214286845e-05,5.042016944234720260e-06,1.573876434528145927e-04
9.977826670178728818e-01,2.011366763832761039e-03,7.389361915823196032e-05,4.555327162462642080e-06,1.275172719736131785e-04
9.964830797951111929e-01,3.248523796580688253e-03,1.006802747491269512e-04,5.379063837935873881e-06,1.623370697210903117e-04
9.917660426557100006e-01,7.763234512072599534e-03,2.132072210636311933e-04,8.087942357342955502e-06,2.494276687963973139e-04
9.828467791731230196e-01,1.635714878103849967e-02,4.442527199361868528e-04,1.098510559230254157e-05,3.408342203099792812e-04
9.865381307916454290e-01,1.268343475184727058e-02,4.759588894194755277e-04,1.195511769919963808e-05,2.905204493886891334e-04
9.171172694603096920e-01,7.972222887464543162e-02,2.228396487409595433e-03,2.760444051764513994e-05,9.045007371174913161e-04
9.026251678217572794e-01,9.331344598780180744e-02,3.192048365896207711e-03,3.029831752557070033e-05,8.390395070191647995e-04
7.487260774692411358e-01,2.426082881690939108e-01,7.087393184737979246e-03,4.710152934238509879e-05,1.531139647584370397e-03
9.541814500708031277e-01,4.331910099349939314e-02,1.610831853752164953e-03,2.201749393487516452e-05,8.665995880105697210e-04
8.288831098872285752e-01,1.638184245612592238e-01,4.989539202657086725e-03,3.960287234567752372e-05,2.269323476509476582e-03
9.455564998139087685e-01,5.115259060221002962e-02,2.343178199473413929e-03,2.843008448402947332e-05,9.193012999237527979e-04
7.987483930389053244e-01,1.895592282861823241e-01,1.014921610189476603e-02,6.047626597528366261e-05,1.482686307042229302e-03
9.446974732958618448e-01,4.961236488707126274e-02,4.780962240175113884e-03,4.261636064096288704e-05,8.665832162507320366e-04
8.743855262985466004e-01,1.177717240162265144e-01,6.156927437202534131e-03,5.221100324166770226e-05,1.633611244782695723e-03
9.238199411877501266e-01,7.044390836818135992e-02,4.643030227229034447e-03,4.174581379771694577e-05,1.051374403041870813e-03
9.687625830170800700e-01,2.831950502958896845e-02,2.293103455680028328e-03,3.147787487770489914e-05,5.933306227730421063e-04
8.748980386287721345e-01,1.171729749601320425e-01,5.675350043713603063e-03,5.235525999707203807e-05,2.201281107385078071e-03
7.931374224134066786e-01,1.948984431975252507e-01,7.467898864237649051e-03,4.588606343017886865e-05,4.450349461400224596e-03
8.308128498028264364e-01,1.542063493548788133e-01,1.086722004449061467e-02,7.102953167571692157e-05,4.042551266128362533e-03
9.413924491156244745e-01,5.347501784441764661e-02,3.328194502564922434e-03,2.698942072691957995e-05,1.777349116665832710e-03
6.255861377184658290e-01,3.552503405224344268e-01,1.450929062652353552e-02,5.549897834391414502e-05,4.598732154232289607e-03
2.450819159147797355e-01,7.004546885760239983e-01,5.015983727707824108e-02,8.154406446722042498e-05,4.222014167650674221e-03
2.266022169881384274e-01,7.040204264786765753e-01,6.488541520249112293e-02,1.254245137935876286e-04,4.366516816900481261e-03
4.179094221198046966e-01,4.788806988596264747e-01,9.962447852441588814e-02,3.112059762035087620e-04,3.274194519949485179e-03
2.508198755554522652e-01,6.378425774233401624e-01,1.093044247139631497e-01,1.793487624317228633e-04,1.853773544812733522e-03
1.237179843987250422e-01,6.865037694574604998e-01,1.876748312235930194e-01,2.822073865684060056e-04,1.821207533653056024e-03
9.288321877033006713e-02,6.597073435307004852e-01,2.454604617093447683e-01,2.908109175946181429e-04,1.658165072030116753e-03
3.680932207982399729e-01,3.779017049307800691e-01,2.520175884742316685e-01,7.671749935136929974e-04,1.220310803234663302e-03
7.941209147288545989e-01,1.236671748379341296e-01,8.102625589569650844e-02,4.063072916249194826e-04,7.793472458898453815e-04
6.954395360582008578e-01,2.584324329175978763e-01,4.442965553056869854e-02,1.655554706641881077e-04,1.532820022968423663e-03
5.595178552069609568e-01,3.720164740928468272e-01,6.574246400652794531e-02,1.578554148384749716e-04,2.565351278825541651e-03
5.715032834123957572e-01,3.614023914546777294e-01,5.944405303946592722e-02,1.914427778911899131e-04,7.458829315569313889e-03
5.278932555160998907e-01,4.192355979122361909e-01,4.812245839267002834e-02,1.220320365854778925e-04,4.626656142408278570e-03
3.882935320380727084e-01,5.430890623182518251e-01,6.367327652801675619e-02,1.190583786651920411e-04,4.825070736993643077e-03
1.810946606160460937e-01,7.247790528340656291e-01,8.903105058891969126e-02,1.201761087468157339e-04,4.975059852221889838e-03
1.057529044118011158e-01,6.617379204469832077e-01,2.266398913018260741e-01,3.976733912061779382e-04,5.471610448183473856e-03
4.598207858025408212e-01,3.893751819764992850e-01,1.455899590776205954e-01,3.459242000251995324e-04,4.868148943314134364e-03
8.959019639626972786e-01,6.540544717694669885e-02,3.706161632273923673e-02,3.912573452199661099e-04,1.239715192396941869e-03
9.787195593050073139e-01,1.464405974153732380e-02,6.122147335908869822e-03,1.492214751592543906e-04,3.650121423873068142e-04
9.958885713600342804e-01,3.336363440356187021e-03,5.427141872341275297e-04,2.354139975657777218e-05,2.088096126188365861e-04
9.984232907048874450e-01,1.343763823848495489e-03,1.294696862223215371e-04,6.803907800091589365e-06,9.667187724166087385e-05
9.985975359337626589e-01,1.243124204008023981e-03,8.347882851202930343e-05,4.497420893398330589e-06,7.136361282401374449e-05
9.988603648578706640e-01,1.017506630291511527e-03,5.440965206043523551e-05,2.863085490173018174e-06,6.485577428717929612e-05
9.952986519021782552e-01,4.331984703091876047e-03,2.002612874551075136e-04,6.418261734212902920e-06,1.626838455404621645e-04
9.975305774445346607e-01,2.288299386438814691e-03,9.959241708171053615e-05,3.919375372091878651e-06,7.761137657266802654e-05
9.978622128523821910e-01,1.955505263637862153e-03,8.520347862867327937e-05,4.134405263523495052e-06,9.294400008767323264e-05
9.977878466175503780e-01,2.013473342122668302e-03,7.863130858487061463e-05,3.966000772219825867e-06,1.160827309698614400e-04
9.987324103991001012e-01,1.136575794049115651e-03,4.567719490765260223e-05,2.827131386237268470e-06,8.250948055672675536e-05
9.959017643596403957e-01,3.805912958801459505e-03,1.150720768245824474e-04,5.497303861851359805e-06,1.717533008719402028e-04
9.949296040296039534e-01,4.725357037178634645e-03,1.606125222999480557e-04,5.941447058915622933e-06,1.784849638585248618e-04
9.873357683509351723e-01,1.192808443371343174e-02,4.030669739223178942e-04,1.192021772723189502e-05,3.211600237019219574e-04
9.476925332296827209e-01,4.993208099662541088e-02,1.593837942098146098e-03,2.393172407157474711e-05,7.576161075220561644e-04
9.841277283875210502e-01,1.460109335014893664e-02,9.642737346021090436e-04,1.901391963726436338e-05,2.878906080909111854e-04
9.939316323246546458e-01,5.631598830683282389e-03,2.996619309630615263e-04,8.993314456288739839e-06,1.281135992427538184e-04
9.795844963205672107e-01,1.928480006054594104e-02,8.538475109542035613e-04,1.576039971814021778e-05,2.610957082145316495e-04
9.917382951596847018e-01,7.760179187275914256e-03,3.252304920580420728e-04,7.563851817785200956e-06,1.687313091634952411e-04
9.933900561358641745e-01,5.906251604646699412e-03,5.716933040450424691e-04,1.396215908004794855e-05,1.180367963641271959e-04
9.981001002274398903e-01,1.621532738211441376e-03,2.179315375952831340e-04,1.224666578834619166e-05,4.818883096496495542e-05
9.826845926356084782e-01,1.460651893264619527e-02,2.441307449589585378e-03,7.457629189089367010e-05,1.930046902646077173e-04
9.973121402197479002e-01,2.105430110491224825e-03,4.823260507876637234e-04,2.399504208184750082e-05,7.610857689137377974e-05
9.985321498218688863e-01,1.114931432058765713e-03,2.099164691116268641e-04,1.504431539440665188e-05,1.279579615662348882e-04
9.952091315261721860e-01,2.890203625012460666e-03,1.137172027095459219e-03,7.014344052568725408e-05,6.933493811941450480e-04
9.976652191008323900e-01,5.734757620524601369e-04,2.174532318092819408e-04,2.349354251451099665e-05,1.520358362791486171e-03
9.981322120669847697e-01,6.721585066484030927e-04,2.492700753555425019e-04,1.852694044134948502e-05,9.278324105698016432e-04
9.975366030433775455e-01,4.929545256409788604e-04,1.715489581544490840e-04,1.783668521807222417e-05,1.781056787608994345e-03
9.976995691025860591e-01,7.145443156883527457e-04,1.983424165273452546e-04,1.877458046897263573e-05,1.368769584729155218e-03
9.954157637547204063e-01,1.826443121812609122e-03,4.107766414074004576e-04,3.178760606604015375e-05,2.315228875993489890e-03
9.985416064679835113e-01,7.362739538299577962e-04,1.397340245564738528e-04,1.249202157090747986e-05,5.698935320589901005e-04
9.984855683320834618e-01,1.009669750406129744e-03,1.614719234290632496e-04,1.018163955778080713e-05,3.331083545235181097e-04
9.978512822503756707e-01,1.634078870693384759e-03,2.541963122129122519e-04,1.448144692078070001e-05,2.459611197974109222e-04
9.993518790791503514e-01,4.729717337496704339e-04,9.294742817113365620e-05,7.476317761793216972e-06,7.472544116705441282e-05
9.991604392723159034e-01,6.288598998196108080e-04,1.233242082369801634e-04,1.035189642643265119e-05,7.702472320102943042e-05
9.984628977489372614e-01,9.441493945850302615e-04,2.573691285481913196e-04,2.798009669880947517e-05,3.076036312307852956e-04
9.907735185141260947e-01,4.506554768256326900e-03,3.446947932090909349e-03,2.399282291734629595e-04,1.033050556353124795e-03
9.935560863351894367e-01,2.992403403720481775e-03,1.668209348614527578e-03,1.060819491330342550e-04,1.677218963342562907e-03
9.948418773076616040e-01,2.938212404698899768e-03,1.697931772699761994e-03,1.105748262040139653e-04,4.114036887355939655e-04
9.969706851982281792e-01,1.752376619526185711e-03,1.000637540786258189e-03,5.803085975841775775e-05,2.182697817008458381e-04
9.991596120329379049e-01,5.158220430022191719e-04,2.134888142016860932e-04,1.301542791622276371e-05,9.806168194194664616e-05
9.986475722215938378e-01,6.497622851445454713e-04,2.955723174612927360e-04,2.089098713862053475e-05,3.862021886616895014e-04
9.982769505368904728e-01,7.338677517136033912e-04,2.487906120751665734e-04,1.558231703866880710e-05,7.248087822821530808e-04
9.954105736855886066e-01,1.831933511700497078e-03,5.538149616705835727e-04,3.062241568454085829e-05,2.173055425355710849e-03
9.956256314402273100e-01,1.848342899760497225e-03,6.064219635161678928e-04,2.775070086254482606e-05,1.891852995633372912e-03
9.899086816290596502e-01,3.716875847282895880e-03,3.037836553605550213e-03,7.104991031138575017e-05,3.265556059740409856e-03
9.856432538693480350e-01,1.734352355358622071e-03,8.284902356072307511e-04,3.564937490313713008e-05,1.175825416478309265e-02
9.775160953150364707e-01,3.780233682463498071e-03,1.489776084312600902e-03,6.104425449637012485e-05,1.715285066369110281e-02
9.658114511608003605e-01,5.275345291463292598e-03,1.716687219385781404e-03,6.210674349743907567e-05,2.713440958485298371e-02
9.825939820916064216e-01,1.207904478736544210e-03,4.332709703812350865e-04,2.471855625846042879e-05,1.574012390301744724e-02
9.814123721370693332e-01,1.073816156499176255e-03,5.836729930169294589e-04,3.500064843678686724e-05,1.689513806497770082e-02
9.777324583086768328e-01,2.155255705967644604e-03,8.533679698902970397e-04,3.680774296706237263e-05,1.922211027249809065e-02
9.829955674732230309e-01,1.072950367868601932e-03,3.699274750675063134e-04,2.428823102564807001e-05,1.553726645281543542e-02
9.843732838700952614e-01,7.290763359474844007e-04,3.250429775173978601e-04,2.233039273023550332e-05,1.455026642370972970e-02
9.892575252142123965e-01,1.721846874404555673e-03,8.398205567498204195e-04,5.595956029378291107e-05,8.124847794339345314e-03
9.884315696622050229e-01,1.731027315958541014e-03,7.298439321380934767e-04,4.531410149531977822e-05,9.062244988203209048e-03
9.863312342136232314e-01,2.319885561110197631e-03,8.019043426912774667e-04,4.353524439202815583e-05,1.050344063818318616e-02
9.452999486787754257e-01,1.254914686187153482e-02,3.537188328841189659e-03,8.782576293837342750e-05,3.852589036757363833e-02
9.115325191529946025e-01,1.560276535676066549e-02,8.341715574455977125e-03,2.102231390475599207e-04,6.431277677674133997e-02
9.054867228688844305e-01,1.768393915674319750e-02,1.092530984659651795e-02,3.364968186782429666e-04,6.556753130909767635e-02
8.924035276725154064e-01,3.058360106844382198e-02,1.377051605806191292e-02,4.936193328858094580e-04,6.274873586809323611e-02
9.144552895871531639e-01,2.139233629112686705e-02,7.456179598391578754e-03,2.622947923668964270e-04,5.643389973096153006e-02
9.314061470223483630e-01,1.241709645294604078e-02,2.597418420424735599e-03,1.250424124368400649e-04,5.345429569184415031e-02
9.451736475275769322e-01,1.445096927786033471e-02,4.240677991994009494e-03,2.092656880523826571e-04,3.592543951451625944e-02
9.214100314316339135e-01,1.482355861167726496e-02,7.861379975648891474e-03,4.144095065141861940e-04,5.549062047452583274e-02
8.870905716124716234e-01,1.088139515755385742e-02,4.198533702318188801e-03,2.524854157714589206e-04,9.757701411188483831e-02
8.295045766475496185e-01,2.255021270417220669e-02,8.778073248755595068e-03,3.696099796766236971e-04,1.387975274198459397e-01
8.992487322514667314e-01,1.085055385145080459e-02,5.325409723010824520e-03,2.756526534019928133e-04,8.429965152066953848e-02
9.263704576469109497e-01,6.676974737747167626e-03,4.293777620896364194e-03,1.919065087664786418e-04,6.246688348567894233e-02
9.181354829615038238e-01,5.071697687095990358e-03,7.720265168360813599e-03,5.089839192009460063e-04,6.856357026383862185e-02
9.073506498579588797e-01,8.988219956319924708e-03,1.575392842649698741e-02,8.367619165826478819e-04,6.707043984264152159e-02
8.881221724705692377e-01,1.604780447554056064e-02,2.207237428939967661e-02,1.011855229673149729e-03,7.274579353481742949e-02
8.570836739590476094e-01,3.484761262321842135e-02,2.801595963408506224e-02,8.453708819953511221e-04,7.920738290165359186e-02
8.740833778802885590e-01,2.899899415753017656e-02,2.408096418857066240e-02,8.175343365489646640e-04,7.201912943706162418e-02
8.768302009421483634e-01,1.905822936459624153e-02,1.239042151550412765e-02,5.019160986680779772e-04,9.121923207908307074e-02
8.968111836075413068e-01,6.040661613051845520e-03,4.165183484315214055e-03,2.131156924166224603e-04,9.276985560267518582e-02
9.265111499197701272e-01,3.837046569236085558e-03,3.910024665116753999e-03,2.579526748057534707e-04,6.548382617107113834e-02
9.174709460049742527e-01,7.920431787294769654e-03,2.773085233698491248e-02,1.576142945888655590e-03,4.530162692485735498e-02
9.613636583589305618e-01,4.338289231261171185e-03,1.127319362868027530e-02,9.100324272125727898e-04,2.211482635391550863e-02
8.952896331734291335e-01,1.445318995959295541e-02,9.538222865653313634e-03,4.906790857458619582e-04,8.022827491557871227e-02
9.032893992333208555e-01,1.047306716413531381e-02,9.628176486396888487e-03,6.479219498754161489e-04,7.596143516627167080e-02
8.341726670249343112e-01,6.296540257310904998e-02,4.019712246514020593e-02,8.287379208375394296e-04,6.183607001597891256e-02
9.016368476958758205e-01,2.633415017877864528e-02,2.271051972244252440e-02,5.869892562143632026e-04,4.873149314668878684e-02
9.071780290319974016e-01,3.825595223990967825e-02,1.197574359613266110e-02,2.309760108985462314e-04,4.235929912106176781e-02
8.642937752952547514e-01,4.034161180641727268e-02,1.513851376412483560e-02,2.737148371365880658e-04,7.995238429706642835e-02
8.293033976193002754e-01,5.958259275222806128e-02,2.594153072742077376e-02,3.670173214302180267e-04,8.480546157962071119e-02
6.548547237388071540e-01,8.109365082206682063e-02,1.118844046393329267e-01,1.244992485685236707e-03,1.509222283141078425e-01
7.489492496046912251e-01,5.443325572674465734e-02,5.402669915520799671e-02,8.306325041469729597e-04,1.417601630092090448e-01
7.206485408613361177e-01,2.219187596109590405e-02,1.785467721393231219e-02,4.384514858225238869e-04,2.388664544778131837e-01
8.138895054986539090e-01,1.100391023052295532e-02,5.392444176215824628e-03,2.013051370191194236e-04,1.695128349575882598e-01
7.390290987094447761e-01,5.350026411020390726e-02,4.867772561543576293e-02,1.038723967713412518e-03,1.577541875972020280e-01
6.698657405033850987e-01,6.518048211053741048e-02,4.655546965494655048e-02,7.176019998044152592e-04,2.176807057313264737e-01
5.737027895117089438e-01,4.345109062470901146e-02,2.767337529449327010e-02,4.727276437683373468e-04,3.547000169253203827e-01
4.573170989695150568e-01,2.820780556203314818e-02,1.046170993106666780e-02,2.128449344098777985e-04,5.038005406029752997e-01
6.188012847876205313e-01,3.589131022550240413e-02,1.529302526385590243e-02,3.368866888203663054e-04,3.296774930342006860e-01
5.390720004336622129e-01,8.676962174640437397e-02,3.474970274544687820e-02,4.346646535572249652e-04,3.389740104209293947e-01
5.602614992820582618e-01,6.302553024676560423e-02,5.977762539276241377e-02,8.713818730791298914e-04,3.160639632053345860e-01
5.054948401373902112e-01,7.995174322791083477e-02,5.724860578413822759e-02,7.060067274821347702e-04,3.565988041230785388e-01
3.927933730208552077e-01,1.729073910161617322e-01,9.489938650900991979e-02,6.096573513740385832e-04,3.387901921025990304e-01
4.771351058327821248e-01,1.076661831873411690e-01,8.529610732983762544e-02,8.112046712300544429e-04,3.290913989788089578e-01
5.534550837414271562e-01,7.749173407353100729e-02,6.564954025414139471e-02,7.779863058385272888e-04,3.026256556250619401e-01
4.842673874601088335e-01,9.956897353438974585e-02,4.360791066604926408e-02,3.884137630001319305e-04,3.721673145764520796e-01
7.120626388856873268e-01,6.298954998215124113e-02,2.323933791621372175e-02,3.388231128735861609e-04,2.013696501030741992e-01
6.433131282530747397e-01,6.095437116481825651e-02,3.256568229898031824e-02,3.557753046528889227e-04,2.628110429784739632e-01
4.887659749519156493e-01,2.191781625084585072e-02,1.423052596572386107e-02,2.503244128229324792e-04,4.748353584186917331e-01
4.939639673959597133e-01,2.266758498808865707e-02,1.008974322304890051e-02,2.057385864308764487e-04,4.730729658064717347e-01
6.137572770413850520e-01,3.033036792839350487e-02,3.335779372166777085e-02,9.145384271824422021e-04,3.216400228813713902e-01
5.052673263307703166e-01,3.350437223582451024e-02,4.111334557358364838e-02,9.130600877350617721e-04,4.192018957720864969e-01
5.522363521837742040e-01,4.055239255163027579e-02,5.404738904696650137e-02,1.518302934202291283e-03,3.516455632834267209e-01
4.063056534120725871e-01,1.420801977881280265e-01,1.182549179298364311e-01,1.307440317846674319e-03,3.320517905521162549e-01
6.449850526497106218e-01,7.927762750973781081e-02,5.935780804538815653e-02,9.886419153859855001e-04,2.153908698797774857e-01
7.018781003384907402e-01,3.456499605069683623e-02,4.920776366854161255e-02,1.643570540235330009e-03,2.127055694020354992e-01
6.775272919791556214e-01,2.352785564879041058e-02,1.178087010552761327e-01,3.866738464060162465e-03,1.772694128527175506e-01
6.134031342220525040e-01,4.613139187694704352e-02,1.494769630772451174e-01,2.608661044530928824e-03,1.883798497792242843e-01
5.958535199260625026e-01,6.584363565895050285e-02,1.106729344280488053e-01,1.655524594931785491e-03,2.259743853920064827e-01
5.081291951414578234e-01,1.218394435013059052e-01,1.230574552613226541e-01,1.374741325655572241e-03,2.455991647702580327e-01
3.347999533066106648e-01,1.014696507135776499e-01,7.414583880316753806e-02,1.126297918245927274e-03,4.884582592583981975e-01
3.540002662436222969e-01,1.068622885590211624e-01,1.409993294533576635e-01,1.582953571988802250e-03,3.965551621720100339e-01
5.681231587811953476e-01,4.155651724313922518e-02,7.984759827138486477e-02,2.165812938713147610e-03,3.083069127655674313e-01
4.118242725289985029e-01,6.358508126355094658e-02,3.085418570386707082e-01,5.920714950128139024e-03,2.101280742186517059e-01
3.455862157832268466e-01,1.104532810712007540e-01,2.828418139536546527e-01,2.852066666442870397e-03,2.582666225254747761e-01
5.162373423901578384e-01,5.624594851965016018e-02,2.158691980962723911e-01,4.031343870333751848e-03,2.076161671235858264e-01
5.270477488024964963e-01,3.726814316239262376e-02,1.918847974809807233e-01,5.966676088184256523e-03,2.378326344659459357e-01
5.585552307909966707e-01,2.658149979263509446e-02,1.389257268412447677e-01,5.285799934354561483e-03,2.706517426407689664e-01
3.819427204587719782e-01,4.456067463918347155e-02,1.806834348389442235e-01,4.138500971732262182e-03,3.886746690913681634e-01
3.041807916362841979e-01,5.334807762258058500e-02,2.147834202718631458e-01,3.199532996793273080e-03,4.244881774724788559e-01
3.154410807145486828e-01,3.167818116035213405e-02,3.277039568840471873e-01,8.081183413860271170e-03,3.170955978271916553e-01
4.270188736956758713e-01,2.263911106985820598e-02,1.165647031875163553e-01,2.687471167585180846e-03,4.310898408793644165e-01
5.576589141684009654e-01,2.230221930939496264e-02,4.211743214209074521e-02,1.594552384848793624e-03,3.763268819952644284e-01
3.801321766466480012e-01,2.605716288953389276e-02,3.699776762297241062e-02,1.131170390953205058e-03,5.556817224498924457e-01
3.680741695945269343e-01,2.304534028665468012e-02,8.364798446224172568e-02,2.950814059739829791e-03,5.222816915968366835e-01
2.033980075173837943e-01,3.973823426351691390e-02,2.562732479240960037e-01,5.640481316116043205e-03,4.949500289788872909e-01
1.761913780115662576e-01,3.880699639945798390e-02,2.871079169513752749e-01,4.037614677404986405e-03,4.938560939601955302e-01
1.884711900470403267e-01,1.790809798454074536e-02,1.326635589613885668e-01,3.541977767826625604e-03,6.574151752392036752e-01
2.035025303780606809e-01,1.617306684811790560e-02,1.306577249037210453e-01,3.231759503516029933e-03,6.464349183665843990e-01
1.596633650523276160e-01,1.917068993845631730e-02,5.536563260531741915e-02,9.966018437804838054e-04,7.648037105601181995e-01
4.395732855646490300e-01,1.373620038813020555e-02,2.217520203803541312e-02,9.912303687451111140e-04,5.235240816404402864e-01
3.659403965253025803e-01,1.187080824868320603e-02,1.618762835606624845e-02,7.213190570202583033e-04,6.052798478129276516e-01
2.787631679005982965e-01,1.334423087311460872e-02,1.376747076829986163e-02,3.516096065853576411e-04,6.937735208514019813e-01
2.886998144172721048e-01,4.384217946604230393e-02,3.676858988621933833e-02,6.580249357107117135e-04,6.300313912947554940e-01
3.206446011674434771e-01,3.857962425889478048e-02,3.569480068753984325e-02,6.536717496928335118e-04,6.044273021364290344e-01
2.529787489546891366e-01,3.716039283213311284e-02,5.587199998827782621e-02,8.964676717823496588e-04,6.530923905531175189e-01
4.143020729770049426e-01,1.886175522140631777e-02,5.577995597058660326e-02,1.447149929785187649e-03,5.096090659012169066e-01
4.087916704769449239e-01,2.238379313205843268e-02,5.125360222590711473e-02,1.029435255487050772e-03,5.165414989096023257e-01
3.467734616850214890e-01,2.373682831273109251e-02,1.975857109096231523e-01,6.144117887690745718e-03,4.257598812049335213e-01
2.934265859870490711e-01,2.033319032129238604e-02,6.129778356540299677e-02,1.943025567857687656e-03,6.229994145583978016e-01
2.398144488983167955e-01,2.849533265514228586e-02,6.748659060247769181e-02,1.300272146290381821e-03,6.629033556977728114e-01
2.664619667894798094e-01,2.782304044193995018e-02,4.371076024337148397e-02,1.062715920531232504e-03,6.609415166046775925e-01
3.859081550721290554e-01,3.576507032574053474e-02,7.144460316942852218e-02,1.922070954955605810e-03,5.049601004777463098e-01
2.154123305498537588e-01,3.000202388305969400e-02,5.342940715096606424e-02,7.198031881764814293e-04,7.004364352279439654e-01
2.653586581864826321e-01,9.899334655476897671e-03,1.265696433502109565e-02,3.441918643886560146e-04,7.117408509586310439e-01
2.415273035268024615e-01,2.719905808063655117e-02,3.905695220702506965e-02,7.597022177309445054e-04,6.914569839678050833e-01
2.777724101779437960e-01,4.789152230958429110e-03,7.563561218253894020e-03,2.072096685136926193e-04,7.096676667043302356e-01
2.111646479816892685e-01,6.617110578412518235e-03,6.281988774230312308e-03,1.412521428315948271e-04,7.757950005228362311e-01
2.029020057562024026e-01,9.702795377509766672e-03,1.309559555713314845e-02,2.266771579315815207e-04,7.740729261512231396e-01
2.641380386429660332e-01,6.245807141861663830e-03,1.081940879528508516e-02,2.590698632376984005e-04,7.185376755566494911e-01
2.579466826111097011e-01,6.097197703959869944e-03,7.749072064293866316e-03,1.850351780655057603e-04,7.280220124425711425e-01
2.556678461459764851e-01,2.033464057427538177e-02,2.144084404835976815e-02,4.025521333361918369e-04,7.021541170980523106e-01
5.090339096001191832e-01,2.876815203610499916e-02,1.921765372678320774e-02,3.955052482879521441e-04,4.425847793887046633e-01
4.746375213670916415e-01,2.192658061782368911e-02,3.410843113247356145e-02,8.942282213856408892e-04,4.684332386612254928e-01
2.864167923393145521e-01,2.293482564443041771e-02,3.298722224846795809e-02,7.876388780344250164e-04,6.568735208897527045e-01
2.547771035322278776e-01,4.715087339385423681e-02,6.435568952535365705e-02,1.014901104226927130e-03,6.327014324443371862e-01
2.023948483710885093e-01,3.120856401352076204e-02,2.905462740263091426e-02,5.274429263742003680e-04,7.368145172863855841e-01
2.031631806832214782e-01,1.627554541100691837e-02,2.370868734426672536e-02,4.736487509853586054e-04,7.563789378105194583e-01
2.205713014649603176e-01,1.568814599055372641e-02,2.512409565197702005e-02,4.692358008800328944e-04,7.381472210916291132e-01
1.453173695298900225e-01,3.440322836950723828e-02,4.071305418135502674e-02,5.028499151011392703e-04,7.790634980041466484e-01
2.588704562772060624e-01,5.454175527646687449e-02,1.342012054442146551e-01,1.505558293446256600e-03,5.508810247086662892e-01
1.177443230066236579e-01,9.590487145947779180e-02,3.426374833068541181e-01,2.248499960844748541e-03,4.414648222661996524e-01
2.178287341236810615e-01,4.477295660814126915e-02,1.307439074725313677e-01,1.514416359869065302e-03,6.051399854357771835e-01
1.654859145980647206e-01,1.143159176943959326e-01,2.282214275272921311e-01,1.623297826228068709e-03,4.903534423540191201e-01
1.599113908966668385e-01,5.556834712371446633e-02,1.039363660981037774e-01,1.066036948498777373e-03,6.795178589330161945e-01
1.442703193079689084e-01,4.091626308724691241e-02,1.061234242244003950e-01,7.741785938260453432e-04,7.079158147865578510e-01
1.545652639334652023e-01,2.436223551230741816e-02,4.738593207294858334e-02,7.227428851448529888e-04,7.729638255961340798e-01
2.104728155887059526e-01,3.914497377486970270e-02,1.236099657779350658e-01,2.836626350958834121e-03,6.239356185075303207e-01
1.876231334673914009e-01,5.228021893109271317e-02,1.641485114203278806e-01,1.924813309006676194e-03,5.940233228721812919e-01
2.300630470168936736e-01,2.653910579389828078e-02,2.534650238293666424e-01,3.308637725859249999e-03,4.866241856339821314e-01
2.898376209994108499e-01,4.572139680880226570e-02,2.176714546102529457e-01,2.879323307930123713e-03,4.438902042736038167e-01
1.551748669398110292e-01,1.086830863334712349e-01,2.336056621637176423e-01,1.455620691917983330e-03,5.010807638710821355e-01
1.412834898147917739e-01,9.251728948400052277e-02,1.352710614881330597e-01,8.960356356804919644e-04,6.300321235773941320e-01
1.577314808438066152e-01,1.231088255041301038e-01,1.764510326949759456e-01,9.118737616784417833e-04,5.417967871954089132e-01
1.912339066827072609e-01,1.344532262564650249e-01,1.109213096772870416e-01,5.859436858240301728e-04,5.628056136977166446e-01
2.139379615729899986e-01,8.047376454376997668e-02,6.630954471669985029e-02,4.372031776696794735e-04,6.388415259888704512e-01
4.565660272293973754e-01,4.824942762130463719e-02,7.129459749410782532e-02,1.090097781783339395e-03,4.227998498734067412e-01
4.179789591025431239e-01,3.018899844328416793e-02,1.348550740641373258e-01,2.488180585222687143e-03,4.144887878048125751e-01
2.318878011385112903e-01,5.154445464814107203e-02,2.883280908957345789e-01,5.350866175431279875e-03,4.228887871421818101e-01
2.982369952656681034e-01,3.394441225637558068e-02,1.082983272668505970e-01,1.741113902538251896e-03,5.577791513085673669e-01
2.924676977061686500e-01,6.768990286059604899e-02,8.233049930190361465e-02,9.118513967021304361e-04,5.566000487346295378e-01
6.995935416096780157e-01,7.451117626765729751e-02,4.658737787557699211e-02,5.976856793492086499e-04,1.787102185677385269e-01
5.412852650080133277e-01,1.570044653719378513e-01,1.088116584596767328e-01,7.682942245425971759e-04,1.921303169358295204e-01
3.627490343854660737e-01,9.020952155438385911e-02,2.270211369959345138e-01,2.358787299323217030e-03,3.176615197648923195e-01
3.228828092494924751e-01,9.859499242531577501e-02,2.955290464069868506e-01,2.934427416760298883e-03,2.800587245014445892e-01
1.547471717126686075e-01,9.670064612394439763e-02,3.401481128989115588e-01,3.011975370420400151e-03,4.053920938940551166e-01
1.613504766893484599e-01,7.960811245742509257e-02,3.539288488573935632e-01,3.438848464523031143e-03,4.016737135313097617e-01
1.259050014852164112e-01,9.320548679406576165e-02,2.850182559886498268e-01,2.324634560021526884e-03,4.935466211720464513e-01
1.380931424601279933e-01,6.372104066057959759e-02,4.525412878108517334e-01,5.026781730748232022e-03,3.406177473376925113e-01
1.224904237857425832e-01,6.736827735000856798e-02,4.911548620080653516e-01,4.704933066632442304e-03,3.142815037895509978e-01
7.888143751283470395e-02,8.600264034650732803e-02,5.467873079682066262e-01,2.908787602126023872e-03,2.854198265703252191e-01
1.107317591084135411e-01,8.872873213494048006e-02,5.832927279003817800e-01,3.720449535362841537e-03,2.135263313209012637e-01
1.654737421334487035e-01,6.654532206545656081e-02,5.552945204544930125e-01,7.544309526579158660e-03,2.051421058200227077e-01
1.373685711535407861e-01,6.887296620442091843e-02,4.325586071771126417e-01,4.365610243044488852e-03,3.568342452218810634e-01
7.026355332981581991e-02,5.647912018099309622e-02,4.223220240892888722e-01,5.417629694165894232e-03,4.455176727057364450e-01
8.379123163725317458e-02,4.279762419140197699e-02,5.420457570040180251e-01,7.264975822084187088e-03,3.241004113452427560e-01
2.148593881301431308e-01,8.188663417028682612e-02,4.683793655371642495e-01,6.384060757227595292e-03,2.284905514051782105e-01
2.152763839993800388e-01,1.025209575710092219e-01,4.395200363024703849e-01,6.135012818934531750e-03,2.365476093082058973e-01
8.810112368562958429e-02,1.230130727951050940e-01,5.928697611437462323e-01,4.796030937667441693e-03,1.912200114378516114e-01
1.513861739957309549e-01,1.460730701236020723e-01,4.150549739666881122e-01,4.110717390028691479e-03,2.833750645239502264e-01
2.493714530380663208e-01,1.097354822323255291e-01,3.430101754072473752e-01,4.032444706175842240e-03,2.938504446161849804e-01
2.183713712173545041e-01,1.061860368812196226e-01,3.346582051468491859e-01,4.195060328203162152e-03,3.365893264263734586e-01
1.351730923825747444e-01,8.615562032815070326e-02,4.406379635699891328e-01,6.379141102222599807e-03,3.316541826170628648e-01
1.072732295344437647e-01,3.937004635566433014e-02,3.281185413187086564e-01,8.821772897426046964e-03,5.164164098937571445e-01
6.311371750298919170e-02,3.165270891488290717e-02,3.286445582237147445e-01,1.061751266166367780e-02,5.659715026967495621e-01
2.257982889802601367e-01,4.933017811912766143e-02,2.491746173157050326e-01,1.858070275659291087e-02,4.571162128283141612e-01
5.217329797315281015e-01,4.622122380083512616e-02,7.952441704384483057e-02,3.871271025217119539e-03,3.486501083985748539e-01
1.908390892265980632e-01,8.850141286548802999e-02,2.549618001643923493e-01,4.942308731109998354e-03,4.607553890124114759e-01
1.625249972172914115e-01,7.813557657563657832e-02,2.535567721338506941e-01,4.030076767817324969e-03,5.017525773054040128e-01
1.660693173804899114e-01,9.171756043707689210e-02,2.470593423006365863e-01,4.712738562629684332e-03,4.904410413191668816e-01
1.033325156032360859e-01,1.123054444158574777e-01,3.675711894188276041e-01,5.534217299336915627e-03,4.112566332627418664e-01
6.176499684713364358e-02,8.371588258775031210e-02,5.163386201282522681e-01,9.328500915813104158e-03,3.288519995210506530e-01
5.484987797932964343e-02,6.596769723150398834e-02,5.803687691868998355e-01,1.392833060955362551e-02,2.848853249927129072e-01
6.839519477015235105e-02,3.637165129151510856e-02,5.847995062690634072e-01,1.745115448800306154e-02,2.929824931812660682e-01
1.879844810509663788e-01,4.525917163754623884e-02,4.014036356005000750e-01,1.574056703779706454e-02,3.496121446731901838e-01
1.373787447899174619e-01,3.321778242682046217e-02,2.471186463789203369e-01,6.931774811545736784e-03,5.753530515927961497e-01
1.074033920797569375e-01,3.337187294450900260e-02,2.917409145800116677e-01,6.112233926246285302e-03,5.613715864694761581e-01
2.183480861934834483e-01,5.408656566137771959e-02,1.783407992027237765e-01,4.438653732379294233e-03,5.447858952100357310e-01
2.097973164435043836e-01,6.419507743696215019e-02,2.106599495010627598e-01,4.224478069939903088e-03,5.111231785485307322e-01
1.958375184341436814e-01,7.332779187422545919e-02,3.596999413561416947e-01,7.758754432130284331e-03,3.633759939033590070e-01
1.822018456028448863e-01,5.673551319113382535e-02,2.521285216892640291e-01,5.287033784346442840e-03,5.036470857324107930e-01
1.229831671873239940e-01,3.780591070597976583e-02,2.603972628395465061e-01,4.021867379495599158e-03,5.747917918876541687e-01
5.975115749014044825e-02,2.620570295123555299e-02,1.894252662723716896e-01,3.539468939944797818e-03,7.210784043463075443e-01
1.679137436308260345e-01,7.124654302475483258e-02,2.052131156954405955e-01,3.722063118637784340e-03,5.519045345303408290e-01
2.024048507216130166e-01,1.112703329405220209e-01,2.951964184612545505e-01,5.003354031236835822e-03,3.861250438453737166e-01
2.696205582183565097e-01,9.507990565550497597e-02,2.810130113638529270e-01,5.817804211881799636e-03,3.484687205504037877e-01
3.349752748607007780e-01,1.194814822589586600e-01,2.130750599792582134e-01,4.478487380363726372e-03,3.279896955207186049e-01
2.142493397998938565e-01,5.093197518609930696e-02,1.666529457260589320e-01,7.731471179031778294e-03,5.604342681089160561e-01
2.976160451272342744e-01,3.940506229308927966e-02,2.167834776765900917e-01,1.034340763628445459e-02,4.358520072668017886e-01
5.186463961025828961e-01,5.583161595764710161e-02,7.068710108195784547e-02,2.681926729794784775e-03,3.521529601280173893e-01
2.036700860508331157e-01,1.088083851783728656e-01,1.444958070294483643e-01,4.393544760067708520e-03,5.386321769812780769e-01
1.540288533152507355e-01,1.026556444662772710e-01,3.762334415810132393e-01,1.108407958081895558e-02,3.559979810566397673e-01
6.832591721490033354e-02,5.490676300201037530e-02,5.738073405912463842e-01,1.561459971030880467e-02,2.873453794815339357e-01
6.150169068590099347e-02,6.155910113031110714e-02,6.470752313233032460e-01,8.284881146290246426e-03,2.215790957141942352e-01
3.371901089840397270e-01,8.217441398726489654e-02,4.213688125759794678e-01,1.451365432287690833e-02,1.447530101298391547e-01
3.467216727266668186e-01,6.165167887523863299e-02,4.252657547340747968e-01,1.730171631277969621e-02,1.490591773512399965e-01
3.842276293350617711e-01,5.272813668758455363e-02,3.112997199410119098e-01,1.087060932609874159e-02,2.408739047102428643e-01
3.311272493567784525e-01,2.788835676439833586e-02,3.982263385630526731e-01,2.454747707357139708e-02,2.182105782421991658e-01
2.309003467607497750e-01,2.641717009218033999e-02,5.197392312692592498e-01,3.119585343848341533e-02,1.917473984393272823e-01
2.071428445546249497e-01,1.411060383803151158e-02,5.057398373897700194e-01,6.130180999547269610e-02,2.117049042221008093e-01
2.328485750432828238e-01,1.967258428281251983e-02,4.113175045512517669e-01,3.073400193696476657e-02,3.054273341856880708e-01
3.416838805416109737e-01,8.348385501296903127e-03,3.055088658589231176e-01,2.687600277310267516e-02,3.175828653250663547e-01
4.636199784584552064e-01,1.466798184865810914e-02,2.075202730904989190e-01,2.225334650932673380e-02,2.919384200930609796e-01
2.968356012381109799e-01,2.062294295746559120e-02,4.710307749058117444e-01,2.452576446581640826e-02,1.869849164327953284e-01
3.757245415483044249e-01,2.028730204689615027e-02,3.162757505188458773e-01,1.222266148811469375e-02,2.754897443978387428e-01
7.702900701346474532e-01,2.463759632465943247e-02,9.026727287855347559e-02,2.733853267697269364e-03,1.120712073944422349e-01
4.159988117320850831e-01,5.302220167148623958e-02,3.368316448208890090e-01,1.707561781931925260e-02,1.770717239562204226e-01
3.653517830967009661e-01,5.171486140898921835e-02,5.340129985374744148e-01,1.411963930745209830e-02,3.480071764938331980e-02
4.435479661831172038e-01,6.577011719185950345e-02,4.434023604909065885e-01,1.413847929272361165e-02,3.314107684139314808e-02
6.785209110438816804e-01,5.379217097760855687e-02,2.231132673394363719e-01,1.110742828500896340e-02,3.346622235406442047e-02
3.796467116849610024e-01,9.011843230406008098e-02,4.164920440705336957e-01,8.150777540289920117e-03,1.055920344001553546e-01
1.014339845419092029e-01,6.394650209341719294e-02,7.585867565094683851e-01,1.508005418056023242e-02,6.095270267464494851e-02
1.827685134090588914e-01,7.901547596513290583e-02,6.036971580039824925e-01,1.711156517392489404e-02,1.174072874479007156e-01
2.169974614900262166e-01,7.026083610259346857e-02,5.916978684708876779e-01,1.224751082552580361e-02,1.087963231109666390e-01
7.033520573526605979e-01,3.574859769808994003e-02,2.203821213386446820e-01,1.765496112089998820e-02,2.286226248970469124e-02
6.746068760068684167e-01,3.519873023633868919e-02,2.406161851249002392e-01,3.721980916412928608e-02,1.235839946776329593e-02
4.996578366183770381e-01,5.635778617985744837e-02,3.029066553714515608e-01,1.844367604750916240e-02,1.226340457828048597e-01
2.951844427761091127e-01,1.306605456787479358e-01,3.648564649029200635e-01,8.270781985155116825e-03,2.010277646570677590e-01
3.118798004175587502e-01,1.366795944436320631e-01,3.368848487633452349e-01,5.431217932945115595e-03,2.091245384425186593e-01
3.138190558306319100e-01,7.061110377959048390e-02,4.881812904923613083e-01,6.386525168463563946e-03,1.210020247289526341e-01
2.343462901137431109e-01,5.741976954915098408e-02,5.320593560254279764e-01,5.610207884238122694e-03,1.705643764274397955e-01
2.268530590516238954e-01,3.743029058037530138e-02,4.529087881120581471e-01,7.002816041587948612e-03,2.758050462143546433e-01
1.810562674344626810e-01,6.284995677662183478e-02,4.422704201314847094e-01,3.098267913818755510e-03,3.107250877436120162e-01
1.404438677039470118e-01,8.455283489316750556e-02,3.631596397016188527e-01,1.985676022869298923e-03,4.098579816783973206e-01
2.386591277576887438e-01,4.741978284747126737e-02,5.396985718188082037e-01,3.168657317918385265e-03,1.710538602581133938e-01
4.284663436531204739e-01,4.738583634898941438e-02,3.746802300193229907e-01,3.563089232980355681e-03,1.459045007455867515e-01
4.106178733807217540e-01,5.373518458845571305e-02,3.498903964134942313e-01,3.356288521569742063e-03,1.824002570957586611e-01
4.222716596737531858e-01,4.316829864866590649e-02,3.157154602995835280e-01,4.310948439356534871e-03,2.145336329386407781e-01
4.239518787017756973e-01,5.850009874483862865e-02,4.000547649335876033e-01,3.563180838268987204e-03,1.139300767815289162e-01
3.745225016367060844e-01,3.521542670936663594e-02,3.970851852360711698e-01,3.628137938529950399e-03,1.895487484793261790e-01
4.988814298805170355e-01,2.547004400111899450e-02,1.460327337741551268e-01,2.122990164950516734e-03,3.274928021792583022e-01
3.718157669401275789e-01,4.604751689319001862e-02,3.532855053068070794e-01,3.777501885206343071e-03,2.250737089746689679e-01
3.500871873785246779e-01,3.232695853718298845e-02,3.609494429179814778e-01,5.555681563951418364e-03,2.510807296023594981e-01
3.823352163323645581e-01,4.929456166518570576e-02,2.472937274437179700e-01,3.269027318787414305e-03,3.178074672399444633e-01
2.681814583302039035e-01,8.333101032351310222e-02,2.925879093977177270e-01,2.734765464809402018e-03,3.531648564837557847e-01
2.888600676912607135e-01,1.028598125140265107e-01,1.967470721003355127e-01,1.394780655531444643e-03,4.101382670388457607e-01
3.777167200723562379e-01,3.605211087215482585e-02,1.189930190852364067e-01,1.860342783580719913e-03,4.653778071866718213e-01
2.664630420514636500e-01,6.676212611397866481e-02,2.081337453813250915e-01,2.593514329896055674e-03,4.560475721233365753e-01
4.836245046044919116e-01,6.381159762202097407e-02,2.652719049514075111e-01,2.142605455200737030e-03,1.851493873668788592e-01
5.516636965036738616e-01,3.712886945442063491e-02,2.881303680551924318e-01,4.858702531764023773e-03,1.182183634549490853e-01
6.257418927847848700e-01,2.541210151974761244e-02,1.204484365377265359e-01,2.809080196722925533e-03,2.255884889610181299e-01
6.540828236246222227e-01,1.501020621858319831e-02,1.450707961091869114e-01,7.990772447841607701e-03,1.778454015997662230e-01
4.697481754744152749e-01,4.265727508922308175e-02,1.732419429915560971e-01,3.229509780064995436e-03,3.111230966647404728e-01
6.927021856445985115e-01,1.923918104935882015e-02,1.501842924846444327e-01,6.635967364734127877e-03,1.312383734566643922e-01
6.370941238284557606e-01,1.827701292556982438e-02,2.069286461852291592e-01,6.937041061958597668e-03,1.307631759987865905e-01
6.082695688299258885e-01,3.040742473517616187e-02,2.225400139499396357e-01,5.408346352257977635e-03,1.333746461327003918e-01
6.967818290563425609e-01,2.459695833550366514e-02,8.681451109359923646e-02,2.120492746623752270e-03,1.896862087679307973e-01
5.257676455995560216e-01,5.211364944709744040e-02,1.928190031412438110e-01,4.152106817251284901e-03,2.251475949948514299e-01
5.042025872790850682e-01,4.134712214040225237e-02,1.999755652176678222e-01,3.526217654048535710e-03,2.509485077087962868e-01
3.549413279929876652e-01,8.298817679298009509e-02,2.740149396259158321e-01,2.009011785919969512e-03,2.860465438021965179e-01
6.936691075027165976e-01,1.538868744251806545e-02,9.086193959406257958e-02,2.521597602870078066e-03,1.975586678578326039e-01
5.559528609925628029e-01,3.935464721521614306e-02,1.637598401331277764e-01,3.042089339825667163e-03,2.378905623192676677e-01
6.419455333015706699e-01,4.783993648245419422e-02,1.261163537405520230e-01,2.512305986721646064e-03,1.815858704887013952e-01
5.555939306259883859e-01,5.430873821283121322e-02,1.256423195156692318e-01,1.740363111577159600e-03,2.627146485339339477e-01
3.285339264788338376e-01,1.060594137604354004e-01,2.122660004950609747e-01,1.480883072781399509e-03,3.516597761928882959e-01
2.621715787362658423e-01,8.980862523249269480e-02,3.890938064646789485e-01,2.866806571671596734e-03,2.560591829948909437e-01
1.544988732441500978e-01,8.049353936233134832e-02,5.628184721405273816e-01,2.619505650370509021e-03,1.995696096026206567e-01
2.846756557459507175e-01,5.499954286152448218e-02,4.378978684047822867e-01,3.681127722336300333e-03,2.187458052654062401e-01
3.275519721349722246e-01,5.611551936021241110e-02,3.254417588424663443e-01,3.443449757852481627e-03,2.874472999044964117e-01
3.424143682175382342e-01,2.207252833654506710e-02,4.547858997406609705e-01,8.913152724885799530e-03,1.718140509803700311e-01
5.203136276669262372e-01,1.129655338607682587e-02,2.976220351261855690e-01,1.090921189911146609e-02,1.598585719216998602e-01
8.225747661207539752e-01,6.269036374787201674e-03,1.076065279317105494e-01,1.066850397511211537e-02,5.288116559763626767e-02
6.799407688607610467e-01,2.006962925430761865e-02,1.868990906149152753e-01,5.155221556207591899e-03,1.079352897138083356e-01
6.471935319582403645e-01,1.781119442344608964e-02,1.717120662245658069e-01,4.093447082660923303e-03,1.591897603110868364e-01
6.181066398864605294e-01,2.426279758105302428e-02,1.227876404809764288e-01,1.998166111134218586e-03,2.328447559403757916e-01
6.320002981523402674e-01,1.623809679632210942e-02,5.904109073664789986e-02,1.388462078189884284e-03,2.913320522364998277e-01
5.596756319572346872e-01,1.580977173464150065e-02,4.095618205884796192e-02,1.193573452731929710e-03,3.823648407965437590e-01
5.857923138632166182e-01,3.968216430915082193e-02,9.886346447318414277e-02,1.980070567452893709e-03,2.736819867869955125e-01
6.699358396067145449e-01,1.169572130005606427e-02,2.009915372781593407e-02,6.691820781045171480e-04,2.976001032873089591e-01
5.145737700695580674e-01,2.674921598364655290e-02,7.082394375372558226e-02,1.779173991255779495e-03,3.860738962018139264e-01
7.273664972223398140e-01,1.462173808908172334e-02,2.566843773231149151e-02,6.934005167428521164e-04,2.316499264395240065e-01
6.796963209218280788e-01,2.961220863983451967e-02,1.331190623684166408e-01,1.860087558037859480e-03,1.557123205118829401e-01
3.195737267853387964e-01,5.766707957378884586e-02,5.100415768497172930e-01,3.441888250440775475e-03,1.092757285407143508e-01
4.538332169112127001e-01,6.264907089867627343e-02,2.163321398218014668e-01,1.741392625044594017e-03,2.654441797432649519e-01
4.984233602961637977e-01,4.727728562283786684e-02,1.395453233039714858e-01,1.482121860597165885e-03,3.132719089164295312e-01
6.070226140522057001e-01,2.196212413033225494e-02,1.259396875597967869e-01,3.223111004069018851e-03,2.418524632535963836e-01
9.328673645123556346e-01,5.504593001530611041e-03,7.302481757066266871e-03,2.996180845196067845e-04,5.402594264452777184e-02
9.435066857435312482e-01,1.819413193110725607e-02,1.757540185722748088e-02,5.403455994963009268e-04,2.018343486863780761e-02
8.293379967014372633e-01,8.121614501950197296e-02,4.707433735402753033e-02,7.687556012769799010e-04,4.160276532375616759e-02
8.019039611765008679e-01,9.976946720545666614e-02,6.590069326558660456e-02,7.000723164878351135e-04,3.172580603596800164e-02
9.907509814349179100e-01,5.354093644342135944e-03,2.104595367111126991e-03,9.005725255669625460e-05,1.700272301072115874e-03
9.969281136984593505e-01,1.937698753110823338e-03,7.581876582366242883e-04,6.680129932237779630e-05,3.091985908708545804e-04
9.961699012987311752e-01,1.452633482372093056e-03,6.828971456947444812e-04,1.183235566840563403e-04,1.576244516517812978e-03
