9.367673700611656162e-01,1.504411348343765061e-02,1.307155287742309269e-02,1.078450629615620299e-02,2.433245728181748432e-02
9.482049157798986272e-01,3.310104088095234404e-02,1.027091406650587971e-02,1.170963828558552406e-03,7.252165444084688814e-03
9.891137419101151407e-01,7.611964380888702232e-03,1.372657212780419370e-03,1.192803621123995916e-04,1.782356134103333170e-03
9.472736957003743408e-01,4.427692359903710739e-02,4.181215283090633679e-03,1.620955806352010378e-04,4.106069836862790388e-03
9.900338210179213672e-01,8.046572018469857687e-03,1.029866686626835408e-03,4.130565974810824153e-05,8.484346172338088927e-04
9.966330570777812703e-01,2.585415071792809306e-03,4.481514015084301131e-04,4.047748016248891738e-05,2.928989687548917763e-04
9.970835481365787345e-01,2.116757911344242186e-03,4.263504317554893614e-04,4.612050497917045727e-05,3.272230153423835806e-04
9.969029192917288063e-01,2.331869575330615049e-03,3.232861023781716898e-04,3.194774576287889124e-05,4.099772847995302133e-04
9.764300341526278570e-01,1.953643591897200049e-02,2.691039394684016477e-03,1.543222451889379233e-04,1.188168288527128484e-03
9.288125637490969311e-01,6.003800386559635105e-02,7.776809453260954789e-03,1.930120421059718138e-04,3.179610889939855998e-03
9.713717828431398527e-01,2.440758531614347152e-02,3.012564024573559027e-03,4.435480657534203436e-05,1.163713009567869097e-03
9.497376927539763480e-01,3.943153584202295503e-02,9.826112747229477640e-03,9.910828393346972668e-05,9.055503728378368590e-04
8.828858155688018572e-01,8.250142711329976064e-02,3.308796180585751173e-02,4.587665855358638730e-04,1.066028926505003692e-03
9.478025501113286344e-01,3.768783237814714998e-02,1.227117975938116050e-02,2.597643105370638387e-04,1.978673440606093948e-03
9.522949713220598689e-01,3.612922170473972794e-02,5.355804975855605124e-03,1.018283465897884597e-04,6.118173650754949247e-03
9.857918694981246954e-01,1.030334909675917864e-02,1.669193610562776792e-03,4.287921352272519734e-05,2.192708581030640078e-03
9.761807678516697395e-01,1.886697806240500083e-02,2.801255874583052138e-03,5.814969083873331449e-05,2.092848520503459795e-03
9.949729500461265141e-01,3.713784920993257709e-03,6.310572780751671400e-04,2.569618240732927808e-05,6.565115723977458769e-04
9.924750999370821614e-01,5.964486515022871319e-03,9.544417572722647437e-04,2.309489306434715051e-05,5.828768975583350229e-04
9.840366722922205822e-01,1.349678430642781320e-02,1.947146383405168150e-03,3.262936057502135404e-05,4.867676573714717478e-04
9.851353924900537740e-01,1.223255792182031607e-02,1.978224931921644669e-03,3.520186802606196203e-05,6.186227881782459638e-04
9.892123054682674388e-01,7.316786496639575421e-03,1.964961049363312361e-03,7.557623629428544462e-05,1.430370749435392469e-03
9.896196080114457727e-01,3.819069721681051747e-03,1.205027425832839918e-03,9.945330370202048000e-05,5.256841537338361250e-03
9.929977238462958100e-01,2.948149062170144635e-03,1.437774963093140131e-03,2.278402824914164222e-04,2.388511845949452695e-03
9.849958100624303103e-01,5.890631459016818817e-03,5.287889116106290859e-03,9.051383847554790975e-04,2.920530977690875916e-03
9.948277615989523648e-01,1.808606950464849766e-03,2.234857795383844974e-03,4.033856622979207444e-04,7.253879929010240667e-04
9.979879138907308267e-01,1.080842838743215767e-03,5.339287470803447729e-04,9.195852663114142175e-05,3.053559968146441666e-04
9.953226073073146996e-01,2.501155398587692931e-03,1.360109675283909707e-03,1.646132336848368663e-04,6.515143851290188014e-04
9.505557454790304339e-01,3.373931641297542999e-02,1.250789864055949600e-02,3.507759646401323143e-04,2.846263502794412793e-03
7.663908156546317407e-01,1.678117177011438921e-01,6.036580420110243539e-02,5.327121595042549288e-04,4.898950283617800258e-03
7.165056909187400569e-01,2.071822077029843445e-01,6.550003713558377738e-02,4.023775350978592378e-04,1.040968670759395351e-02
5.567489133241597665e-01,3.484447417420737381e-01,7.236456186107365074e-02,3.494065848174988118e-04,2.209237648787533426e-02
5.345236822243105701e-01,3.653974610691356761e-01,5.224885310456906656e-02,2.625610392728133227e-04,4.756744256271182997e-02
7.376475812147061939e-01,1.772659787660787745e-01,3.941002673125400257e-02,2.520841510577096021e-04,4.542432913690343244e-02
7.402184293481850474e-01,1.760307136404833939e-01,3.481173678621466566e-02,2.195292413009517320e-04,4.871959098381598019e-02
6.627311291729806042e-01,2.454801634753322748e-01,3.960328210366706458e-02,2.034198497026646864e-04,5.198200539831746014e-02
5.573054319222922048e-01,3.334571426517315973e-01,4.925113943586688359e-02,1.750706074984817928e-04,5.981121538261069404e-02
5.232646290014443258e-01,3.844965609338992230e-01,6.732989273221021143e-02,1.532460638400892508e-04,2.475567126860611991e-02
5.759848097062597594e-01,3.245017944754398087e-01,8.511544165118253846e-02,1.955768936279191257e-04,1.420237727349002270e-02
9.400074227340762256e-01,4.733544268390207921e-02,9.304848239179090708e-03,7.526875284399878250e-05,3.277017589998628203e-03
9.490184690911622756e-01,3.001464794225426613e-02,1.592613805042791125e-02,3.385594531450555455e-04,4.702185463010367245e-03
9.818364362171573267e-01,7.751528629820828888e-03,4.386962448925830864e-03,2.118436456001141920e-04,5.813229058495918665e-03
9.020560663966258330e-01,3.629637814836392251e-02,2.220176377021255976e-02,6.504377199345654339e-04,3.879535396486313154e-02
8.638512193996371602e-01,6.569856014930113008e-02,2.219953021351232098e-02,4.098317144712225143e-04,4.784085852307814329e-02
8.996302434561649353e-01,7.181035517656363110e-02,9.870701157168079720e-03,1.030663928732037423e-04,1.858563381723015231e-02
8.974170417376055031e-01,5.107609094065450328e-02,3.395313724984821979e-02,1.160534061476122761e-03,1.639319601041563587e-02
9.910336757496935878e-01,3.814542906375765000e-03,1.892398426525049001e-03,1.667690215634533226e-04,3.092613895842304117e-03
9.621545340110845279e-01,9.953910535026205472e-03,8.416715028696723777e-03,6.979995880662307308e-04,1.877684083712646834e-02
9.963820217722184625e-01,1.178716194110034912e-03,7.762102035449843038e-04,9.807141812592871368e-05,1.564980412000360581e-03
9.828350702194139643e-01,3.477607316630312861e-03,1.471469109582585182e-03,1.489699849905112361e-04,1.206688336938258749e-02
9.910938953235938209e-01,7.687160988661230964e-04,2.927883501996378325e-04,5.577398299190337990e-05,7.788826244348485452e-03
9.894153957560399837e-01,1.337464945346627165e-03,5.069118086824204788e-04,9.968581473864881212e-05,8.640541675192426121e-03
9.891961711594505768e-01,2.215983541534516377e-03,1.504210711961468912e-03,3.124742337593649230e-04,6.771160353294071108e-03
9.961155032559639855e-01,1.093045747671975501e-03,1.043949392384498770e-03,3.725815204741359877e-04,1.374920083505269067e-03
9.959157400122694570e-01,9.584052342684047611e-04,4.018678432775014096e-04,1.312517732999166488e-04,2.592735136884744950e-03
9.963456305886668751e-01,6.894146675521901305e-04,2.084805093414738198e-04,6.805004378272145400e-05,2.688424190656711361e-03
9.986824196573460544e-01,3.829043024335803411e-04,7.749069993680330541e-05,2.158457862447790991e-05,8.356007616591464883e-04
9.987142762043567101e-01,3.261090268628001154e-04,6.873641013661598107e-05,2.186650872379849645e-05,8.690118499200364137e-04
9.994125673806988353e-01,2.142254029568845647e-04,4.237887350725017438e-05,1.300239423000349554e-05,3.178259486069060120e-04
9.994396973826694675e-01,1.720057259480563380e-04,3.447765091160815754e-05,1.073016365586222720e-05,3.430890768149323254e-04
9.983620992221560186e-01,4.944196215156691819e-04,7.098289112001398041e-05,1.720124669116487477e-05,1.055297018517098407e-03
9.992738691645233207e-01,1.746066357865185133e-04,3.191783786868211578e-05,7.875946677403379188e-06,5.117304151439135574e-04
9.991750724109166315e-01,2.919929695229765828e-04,4.604606928116911877e-05,1.043506640160548947e-05,4.764534838776839066e-04
9.983261172742171619e-01,6.629293546879677255e-04,9.132948443153692344e-05,1.463483245605461080e-05,9.049890542071886831e-04
9.984417962089910947e-01,7.436392972906356175e-04,1.067325901764289885e-04,1.707918611371599845e-05,6.907527174280794985e-04
9.987671854436257490e-01,4.772400759375700118e-04,5.669332868963855018e-05,9.313785334574991413e-06,6.895673664126830520e-04
9.991302936332550066e-01,3.852898701295935711e-04,4.317251558525728086e-05,8.030726953131879514e-06,4.332132540771060350e-04
9.995425210493912305e-01,2.812546014419373109e-04,3.745370366042738609e-05,7.000412226597536022e-06,1.317702332798798633e-04
9.995430370665552289e-01,2.863414374289052875e-04,3.902118784856413496e-05,7.084340975515868651e-06,1.245159671919028577e-04
9.981632826007890147e-01,1.379640549681397741e-03,1.936921427278504005e-04,1.972325318791694898e-05,2.436614536137306133e-04
9.981972643674847934e-01,1.340051015569440791e-03,2.562419204709459803e-04,2.432224758413625252e-05,1.821204488906971535e-04
9.984484099639200361e-01,1.049376951839642779e-03,3.328336238954729257e-04,4.974643030704216297e-05,1.196330300377606068e-04
9.966919145554095083e-01,2.504037270703251238e-03,5.703905806444904344e-04,6.214492181005678716e-05,1.715126714327329469e-04
9.930095024815049909e-01,5.495235200180756743e-03,1.168898556466617823e-03,6.814516276925970553e-05,2.582185990783215099e-04
9.934531595712237095e-01,5.325629323043367357e-03,9.791424162941776352e-04,4.783348452832224365e-05,1.942352049105593994e-04
9.989308669304812760e-01,7.947526439162088969e-04,1.819494276081265222e-04,1.522161574484335643e-05,7.720938224975421428e-05
9.992180043130214351e-01,5.936365674700694491e-04,1.282631115471000497e-04,1.257926010393807353e-05,4.751674785743477663e-05
9.987188857707771650e-01,1.012399130083094451e-03,1.893392934361611771e-04,1.677380459364861406e-05,6.260200110994265806e-05
9.981933212977845971e-01,1.308067589532565340e-03,3.738540845516265124e-04,5.122876721565939570e-05,7.352826091546396246e-05
9.965312730151022480e-01,2.096537293223156139e-03,1.063205329133199654e-03,2.214987982148206155e-04,8.748556432671061249e-05
9.979831822107242401e-01,9.716384490778229256e-04,6.554630143938424639e-04,2.406104733427974279e-04,1.491058524614495096e-04
9.990380722035809846e-01,5.338282334582039124e-04,1.890472987575881345e-04,6.711531622599028232e-05,1.719369479772966795e-04
9.982562723297990770e-01,9.791900571720680863e-04,3.036783534091931744e-04,9.321778909061656428e-05,3.676414705289724871e-04
9.994081927129311316e-01,2.936759446082592572e-04,7.311268401890312423e-05,2.242444205325158567e-05,2.025942163885131517e-04
9.994350720406681710e-01,3.521356521693918976e-04,6.055447986483606217e-05,1.648452579427682103e-05,1.357533015033848258e-04
9.996656224944251434e-01,2.005862203091965791e-04,4.131287969382562374e-05,1.246383694490440860e-05,8.001456862690522912e-05
9.995940429503488156e-01,2.492186087157802535e-04,4.976537943784724668e-05,1.619602219111066247e-05,9.077703930648894654e-05
9.994927963784754343e-01,2.789787310464036810e-04,7.820201567171451717e-05,2.951399275255071859e-05,1.205088820539922025e-04
9.994997818367615805e-01,2.520545554585859561e-04,7.767182460985408237e-05,3.168467154562743253e-05,1.388071116245028955e-04
9.994534021791831035e-01,2.982204077494433414e-04,1.013473538828053334e-04,4.262772939535033553e-05,1.044023297893279206e-04
9.993574790569651478e-01,4.072943260652888580e-04,9.188896777533657901e-05,2.677642416110785086e-05,1.165612250330885557e-04
9.990154657122763959e-01,7.287655634324902588e-04,1.197659482030986964e-04,2.281173253537309136e-05,1.131910435525641372e-04
9.995173214405081996e-01,3.526533684802499744e-04,6.378881586053183612e-05,1.466925712376107593e-05,5.156711802736502453e-05
9.995710573315401692e-01,2.905004634018035973e-04,6.624197257150165111e-05,2.136641369287501914e-05,5.083381879369372773e-05
9.996843866990253735e-01,2.147262665801636956e-04,4.834180063306114082e-05,1.561641137052161523e-05,3.692882239104774045e-05
9.997195193920781486e-01,1.787091537097241340e-04,4.074810235475519535e-05,1.504211249232973759e-05,4.598123936503897862e-05
9.994855451134272428e-01,3.396719998118510344e-04,6.781708744056134746e-05,2.185189834721831172e-05,8.511390097317700202e-05
9.996528808960367662e-01,2.190375621968733346e-04,4.463570404687678994e-05,1.424505884932949614e-05,6.920077887006917687e-05
9.996252446147964044e-01,2.341874110762964963e-04,5.056121599455200278e-05,1.662667200883101776e-05,7.338008612400550223e-05
9.996634664353908351e-01,2.225135351833050913e-04,5.337739852038888346e-05,1.600808516076071314e-05,4.463454574463301066e-05
9.995970161298236567e-01,2.604793166983317685e-04,5.551223912307583225e-05,1.904549809821867479e-05,6.794681625675914080e-05
9.993017682642102439e-01,4.368605480253749868e-04,1.180550696543525513e-04,3.873298856724460588e-05,1.045831295429529957e-04
9.992609192854348121e-01,5.371546483933226221e-04,9.690187370200358061e-05,2.112163409183464216e-05,8.390255837803361355e-05
9.994317192050098386e-01,4.065798955600589027e-04,7.622124203053411086e-05,2.039075731556366309e-05,6.508890008405130248e-05
9.995118550838120175e-01,3.513571075272038332e-04,6.646019864227891967e-05,1.873582062877416875e-05,5.159178938997830522e-05
9.994974525906319407e-01,3.453186177761997737e-04,4.916910855274191235e-05,1.334170795243803773e-05,9.471797508660013531e-05
9.993851736421016652e-01,3.999181779627738326e-04,5.228091044159680881e-05,1.363928294503337763e-05,1.489879865489499293e-04
9.995923411880390796e-01,2.869672197544744429e-04,4.116778740873152054e-05,8.357323830987676685e-06,7.116648096667038356e-05
9.994141716554322263e-01,4.273458626153273489e-04,5.278643642443383584e-05,9.617261711699264594e-06,9.607878381622498936e-05
9.995865466251562248e-01,2.929649453038075035e-04,4.023890977182608097e-05,7.989241547937016364e-06,7.226027822015928896e-05
9.995105524632138527e-01,3.349708123052987899e-04,4.952417219998854394e-05,1.113585431066755009e-05,9.381669797011041670e-05
9.992884852814114538e-01,4.980999583566545624e-04,8.991119756348477771e-05,1.786129697048865692e-05,1.056422656979293047e-04
9.992515592870526708e-01,5.239655776215293177e-04,9.232432878246566832e-05,2.028414438123800806e-05,1.118666621619801842e-04
9.995423651725093839e-01,3.132794736809074525e-04,4.629391206066961597e-05,1.000670458663769358e-05,8.805473716220515968e-05
9.993381533813014972e-01,4.556171789186662445e-04,7.480776038234437334e-05,1.468605036161266117e-05,1.167356290358573511e-04
9.995151799570750617e-01,3.232966765007444098e-04,6.047969979484909078e-05,1.246707153567722254e-05,8.857659509356580175e-05
9.994751774385122189e-01,3.430964788982931828e-04,6.668264441653456184e-05,1.100041821631636995e-05,1.040430199567343375e-04
9.994524201918277839e-01,3.635699632265008410e-04,6.337929335761854259e-05,1.301523950803963869e-05,1.076153120800776603e-04
9.994536161783510453e-01,3.496743985262252175e-04,7.368521175723584773e-05,1.608528678417285178e-05,1.069389245812701862e-04
9.995672574822622725e-01,2.605877321557311201e-04,4.378010709762839779e-05,1.028689768768236668e-05,1.180877807967028559e-04
9.993982098580949103e-01,3.397202289681721201e-04,6.328942678031144575e-05,1.472305203248067444e-05,1.840574341241849542e-04
9.996430892466682261e-01,1.806806511286358568e-04,3.715612549828433271e-05,9.142783418275140587e-06,1.299311932865368545e-04
9.989906710991374172e-01,6.228920545619319026e-04,1.702188898176163747e-04,3.946222248137630821e-05,1.767557340015832659e-04
9.988960082309725763e-01,7.487907596728515802e-04,1.835120074769430428e-04,3.278717561968261777e-05,1.389018262579073937e-04
9.990232212033194337e-01,5.364505733482896914e-04,1.430372853081501177e-04,3.296176399172356816e-05,2.643291740323258730e-04
9.995633802574006577e-01,2.948373583597535975e-04,5.504145555730672527e-05,1.101448685041988747e-05,7.572644183174813545e-05
9.994696393702491299e-01,3.615576667762395086e-04,6.165434669265847133e-05,1.188874163511126597e-05,9.525987464681690453e-05
9.996044341227569019e-01,2.685218313011515320e-04,4.038245695474752643e-05,7.877852283757187540e-06,7.878373670341609299e-05
9.991714895183303469e-01,5.244747826259549620e-04,7.641474872449972118e-05,1.313374929539000268e-05,2.144872010237791604e-04
9.994743301640138800e-01,3.098970191820936892e-04,5.180900055094995625e-05,9.359232694898155107e-06,1.546045835581150781e-04
9.994416710589421049e-01,2.393258362055448063e-04,4.453685738744434175e-05,1.132120878185848791e-05,2.631450386830461890e-04
9.993302877918498472e-01,4.384494367538488424e-04,7.279642057277757150e-05,1.341020333431917850e-05,1.450561474891060400e-04
9.996281053003864825e-01,2.399609805136591976e-04,4.785929402958803442e-05,1.232517925557011584e-05,7.174924581473738738e-05
9.996867559417013105e-01,2.060718997864651434e-04,3.930847074950073148e-05,1.039463059221032631e-05,5.746905717048441932e-05
9.994547461721644543e-01,3.792235143663119515e-04,6.233686996976133107e-05,1.495377445250278939e-05,8.873966904693477526e-05
9.996339559284435072e-01,2.384767362718366287e-04,4.329361091083506265e-05,1.160758574768466744e-05,7.266613862623212824e-05
9.994831593483649579e-01,3.713043949215122483e-04,5.828060946637642574e-05,1.194388853669474747e-05,7.531175871046954325e-05
9.995340261421907790e-01,3.379891877409491627e-04,4.896396961593701871e-05,1.042866125794275969e-05,6.859203919441364810e-05
9.995066510188143072e-01,3.698333452986498292e-04,5.316339578812182568e-05,9.663515122460231439e-06,6.068872497649594253e-05
9.997616263470100462e-01,1.742206991364206813e-04,2.653579155053746968e-05,4.714451364013082104e-06,3.290271093886545397e-05
9.997807153770233990e-01,1.467806155948140842e-04,2.213940038126085963e-05,4.841899957512783498e-06,4.552270704286449145e-05
9.996682756792472091e-01,2.348167211258892504e-04,3.469810903349083265e-05,6.592751540714761743e-06,5.561673905274161674e-05
9.996990116245719760e-01,2.118113474140779562e-04,3.678638842381293976e-05,7.251724186488561641e-06,4.513891540365206376e-05
9.997647779150001801e-01,1.773755952670408071e-04,2.571602145493291197e-05,4.076122796056212420e-06,2.805434548176404593e-05
9.998167182639360329e-01,1.245614810992000854e-04,1.737647876940963016e-05,3.603895906578436784e-06,3.773988028893613127e-05
9.996862787990478116e-01,2.219863121849652960e-04,2.919629715632886705e-05,5.289487250113116217e-06,5.724910436087148020e-05
9.997416897393691659e-01,1.880358099815075093e-04,2.449389793982478442e-05,4.164978046188767350e-06,4.161557466332498306e-05
9.997354860880596217e-01,1.736330171608144049e-04,2.150188471154381128e-05,3.939301099549056484e-06,6.543970896829282686e-05
9.997473156030304287e-01,1.645411758401677394e-04,2.239476536071894377e-05,4.580903522543652337e-06,6.116755224620599172e-05
9.997540124373965886e-01,1.683343102755662445e-04,2.107189845664456085e-05,3.760204281843391744e-06,5.282114958936008560e-05
9.992968466885979728e-01,5.003095511313882448e-04,7.440033189063680540e-05,1.443912036492048947e-05,1.140043080151052307e-04
9.990725923515108020e-01,6.455955225755888142e-04,1.044877959933342252e-04,1.965208259721747458e-05,1.576722473230924844e-04
9.988387895847636866e-01,8.287737527296043299e-04,7.681800401547035173e-05,1.067066212036633834e-05,2.449479963710544808e-04
9.985832913033494407e-01,1.067380327702760912e-03,1.143371308374994852e-04,8.191569455150426597e-06,2.267996686552309240e-04
9.991518065373412583e-01,6.258571462817493630e-04,8.442053982301332487e-05,7.598855341150763280e-06,1.303169212129155785e-04
9.974907978294794697e-01,1.819040329613629426e-03,3.359411354958337652e-04,3.147401044473944440e-05,3.227466949663204427e-04
9.987917175455935936e-01,7.192047017739985936e-04,2.089517726224375711e-04,3.424219144604173355e-05,2.458837885638042787e-04
9.987764765048389171e-01,8.063855242325670362e-04,2.438560859625477127e-04,3.397344779306661904e-05,1.393084371729679536e-04
9.988134822718880423e-01,8.102971138610540192e-04,1.631685074591872407e-04,1.997794677693156857e-05,1.930741600148367775e-04
9.974868793512708942e-01,1.902522965278647185e-03,3.833529752541123292e-04,3.534299264968469417e-05,1.919017155468083198e-04
9.961056716593881255e-01,2.921053552990720767e-03,6.270653401020106826e-04,4.814013148860685079e-05,2.980693160306597395e-04
9.968040061913316929e-01,2.301618083910415575e-03,5.226294334961253214e-04,3.387258861293375439e-05,3.378737026488051157e-04
9.964708393838184186e-01,2.441981219806686493e-03,7.811815234999360414e-04,4.507133624086902626e-05,2.609265366342634765e-04
9.968433961540782429e-01,1.902397175973594536e-03,9.134023324990592175e-04,8.822629744575233302e-05,2.525780400035503243e-04
9.990366897245835931e-01,6.453366508003304447e-04,1.718707871419102658e-04,1.690956505837110286e-05,1.291932724159359949e-04
9.934958937510134369e-01,5.481899816524314455e-03,5.043872632339491992e-04,2.709891258362016986e-05,4.907202566446206395e-04
9.934371407404667398e-01,5.827381971254067157e-03,3.742995423568922279e-04,1.697165730433581530e-05,3.442060886180518114e-04
9.959363502680780300e-01,3.365919573992071524e-03,2.424592223051643119e-04,1.213971318572681597e-05,4.431312224390419408e-04
9.807900472507169454e-01,1.660743310155376670e-02,1.428237493031294563e-03,3.073178041936689450e-05,1.143550374278557921e-03
9.841512103270348977e-01,1.335354153427368955e-02,1.125675676828374622e-03,3.354306372636164479e-05,1.336029398136752595e-03
9.868691247335443784e-01,1.108015378621081057e-02,6.505092453203928675e-04,2.230079632880329664e-05,1.377911438595657082e-03
9.936660895713030905e-01,5.304595622599327619e-03,2.717193671936299045e-04,1.049805952819104495e-05,7.470973793757552635e-04
9.896857831134868722e-01,8.840459637542123425e-03,4.018615989903013088e-04,1.185863450162884399e-05,1.060037015479013906e-03
9.731420655269048536e-01,2.431440097835515374e-02,8.734182726980884402e-04,1.905590504980449236e-05,1.651059316992191037e-03
9.793374300501623830e-01,1.867811877784614216e-02,7.418147437834117421e-04,1.747280625702529998e-05,1.225163621951069455e-03
9.563657998758262613e-01,4.011483189383909659e-02,1.944722598590144323e-03,3.320076267848367547e-05,1.541444869065969900e-03
9.861442194688829765e-01,1.241411569858947780e-02,5.228451109434255339e-04,1.486550118424556615e-05,9.039542203997927078e-04
9.927539201034681904e-01,6.450486874855475457e-03,1.948153076330980701e-04,7.524056198631490401e-06,5.932536578448621006e-04
9.900211096360012064e-01,8.615611619863072779e-03,2.695122443078429623e-04,1.062609152057545507e-05,1.083140408307221164e-03
9.800766674064589346e-01,1.751519297658125224e-02,7.201014778332358790e-04,1.850745145775646038e-05,1.669530687668871298e-03
9.844199672345210761e-01,1.338442126051745014e-02,4.659432224186994733e-04,1.397884853830330428e-05,1.715689434004594909e-03
9.920502310467352869e-01,6.829667768213837364e-03,2.659514376619262878e-04,8.479312537398936764e-06,8.456704348515329010e-04
9.798191644361435859e-01,1.749772766403171267e-02,4.834515459008695152e-04,1.259366750722432248e-05,2.187062686416591569e-03
9.437247166366594664e-01,5.103463250132530410e-02,2.831632531853450329e-03,3.822767381537000127e-05,2.370790656346435325e-03
9.252058615002058950e-01,6.770325031633603330e-02,5.161432914856114128e-03,6.493109583678027623e-05,1.864524172765098884e-03
9.539049256117002606e-01,4.148263248046739349e-02,3.174009824155330558e-03,4.894417245486803086e-05,1.389487911222133786e-03
9.406004709825872556e-01,5.317572791849095593e-02,4.853081493413667971e-03,4.952882269971518072e-05,1.321190782808361833e-03
9.820820834098195062e-01,1.601232157355725327e-02,1.279146598658522597e-03,2.215153862832460881e-05,6.042968793364018052e-04
9.682053806908659244e-01,2.841759915154444191e-02,2.587540998261739483e-03,3.906645908537188555e-05,7.504127002425466705e-04
9.516425294821538872e-01,4.371176419673979824e-02,2.930601641139325784e-03,3.256119583341446220e-05,1.682543484133502271e-03
9.787788801526090543e-01,1.858215283195693499e-02,1.870610182605211749e-03,2.565286270727464788e-05,7.427039701213913620e-04
9.748370490808788702e-01,2.285639059199292070e-02,1.529068148602316397e-03,2.077787339475120344e-05,7.567143051312204402e-04
9.634317769804863207e-01,3.313174748507088235e-02,2.666571797454513407e-03,3.569993386043622427e-05,7.342038031278050412e-04
9.644259560447355772e-01,3.236065833504508243e-02,2.350548402921268879e-03,2.936267799448320234e-05,8.334745393035333186e-04
9.387902835113629552e-01,5.500464964968510007e-02,5.212450005253775262e-03,4.919861457990287089e-05,9.434182191184393345e-04
9.855815143967540104e-01,1.261043612077452497e-02,1.481019220921407555e-03,2.084603095811609925e-05,3.061842305919325736e-04
9.922451064222633788e-01,6.859928682348793300e-03,6.255520334754934584e-04,1.359736131494834877e-05,2.558155005974367701e-04
9.820030018865077981e-01,1.609917908721029273e-02,1.456423685758896375e-03,2.993360171784529842e-05,4.114617388051799670e-04
9.852839063849740953e-01,1.342657761906719885e-02,7.713848872754869822e-04,1.615443423311826513e-05,5.019766744500513697e-04
9.523558339771206471e-01,4.448616005593845207e-02,1.670654995270215567e-03,2.807834153915045102e-05,1.459272630131412283e-03
9.700226548039513341e-01,2.769586337435758425e-02,1.273170898162973366e-03,2.218270140651381828e-05,9.861282221215951667e-04
9.623629139026271817e-01,3.479186834504052056e-02,1.531936284450830963e-03,2.121930966469117864e-05,1.292062158216955234e-03
8.293304846447543399e-01,1.504326309922681681e-01,1.746797888553370745e-02,1.703302559890971656e-04,2.598575221454784735e-03
8.648569722548238303e-01,1.209173745792764265e-01,1.205662881899981220e-02,1.046450020563051707e-04,2.064379344843570666e-03
7.869513371324322604e-01,1.907655950613461049e-01,1.864915408924798512e-02,1.608374398976526113e-04,3.473076277075998284e-03
8.678459774707317775e-01,1.186991472114832663e-01,1.017772298438885531e-02,8.190847529968329436e-05,3.195243858096461463e-03
8.057144692344790915e-01,1.660706131215849146e-01,2.535775692838915241e-02,1.476103414110395266e-04,2.709550374135987188e-03
9.038728593357958641e-01,7.888810950521538135e-02,1.607723601609703859e-02,1.284019294330255711e-04,1.033393213458762673e-03
9.576719158656523678e-01,3.565717777468940114e-02,5.154463924241852943e-03,6.607584515923641216e-05,1.450366590257108840e-03
9.618597018533383558e-01,2.881834225428883678e-02,6.440398053807621509e-03,8.539924479919338109e-05,2.796158593766025473e-03
9.543861432618017115e-01,3.692452956124915586e-02,7.015334413713374129e-03,1.131569844516980565e-04,1.560835778783983049e-03
9.400085090327267023e-01,5.134132975019795736e-02,6.396265123611949606e-03,7.037415546792290580e-05,2.183521937995514927e-03
8.655735388405275677e-01,1.124624908812982133e-01,1.813095286279725257e-02,1.839164147829252432e-04,3.649101000594031415e-03
9.733579408488147733e-01,2.205774548607915275e-02,3.687395001772849658e-03,4.330161353922137868e-05,8.536170497939125738e-04
9.550877190396297456e-01,3.928339041615526439e-02,4.583303739165944107e-03,4.853084306816450605e-05,9.970559619809859185e-04
9.264492240763649855e-01,6.660626166838555517e-02,4.348077149541692069e-03,5.964907382475468376e-05,2.536788031882993531e-03
9.254415153128510152e-01,6.446675918890383550e-02,6.525258099900442879e-03,8.597167557205362865e-05,3.480495722772506025e-03
9.081829879335512334e-01,8.003236101703456451e-02,8.301833379211340930e-03,1.062723544734275140e-04,3.376545315729512740e-03
9.021228484581484963e-01,8.564126345161227061e-02,8.727966660879755631e-03,1.464743224827177559e-04,3.361447106876762261e-03
8.342911032158988327e-01,1.465061049242789570e-01,1.513795479842861003e-02,1.091829388221115355e-04,3.955654122571543481e-03
8.680154793255083767e-01,1.159971660742438460e-01,1.267259729537679840e-02,1.083497980468913359e-04,3.206407506824156522e-03
8.783139213349575591e-01,1.044525305592914483e-01,1.413380959056718955e-02,1.271269917770225162e-04,2.972611523406870366e-03
8.172332984709007597e-01,1.620150371516426990e-01,1.670937858208688259e-02,1.446359007748453660e-04,3.897649894594844809e-03
7.910546102415640934e-01,1.838056498780246684e-01,2.005962918938658177e-02,1.058052559211124753e-04,4.974305435103667551e-03
7.453840605036597955e-01,2.169145641604426911e-01,3.350453110277790830e-02,1.526558703582274598e-04,4.044188362761338973e-03
7.900847184994621575e-01,1.825244227062599867e-01,2.052207072085759226e-02,1.233835284166312192e-04,6.745404545003517993e-03
8.003040148299302992e-01,1.699943163379874500e-01,2.431563453806877620e-02,2.035158983084021163e-04,5.182518395705044793e-03
6.653900307594443619e-01,2.805479531393345050e-01,4.523429769628749264e-02,2.148122631047646894e-04,8.612906141828916701e-03
7.159383076609058261e-01,2.331181506573076490e-01,3.989601584948682805e-02,2.447010035953567060e-04,1.080282482870442359e-02
6.503103864021768654e-01,2.748421771299421890e-01,6.328998237651718706e-02,3.465831216482967133e-04,1.121087096971543420e-02
8.885467066690894145e-01,8.990383891270770089e-02,1.675008520389452416e-02,1.218668976338378263e-04,4.677502316674530397e-03
6.508080074161566309e-01,2.537771028741933610e-01,8.877812744124141675e-02,6.542704701348471584e-04,5.982491798273800732e-03
5.749918935773351558e-01,3.101953519915254254e-01,1.076384850774300961e-01,7.132171857395955099e-04,6.461052167969600149e-03
9.043604038090456987e-01,7.905315397137341327e-02,1.387529807889992944e-02,1.255718319633264315e-04,2.585572308717564056e-03
9.446408149968851253e-01,4.804183994554509646e-02,5.556955874768646116e-03,4.997405556390328407e-05,1.710415127237224298e-03
8.814971599919181333e-01,9.952222758144735337e-02,1.564258532165075516e-02,1.242713154199218335e-04,3.213755789563921186e-03
9.314698879372721452e-01,5.538409808323510597e-02,1.135356881454879091e-02,9.479344943569444266e-05,1.697651715508491539e-03
7.233311614958972680e-01,2.371087297695020357e-01,3.218673350599988298e-02,1.717350926092043846e-04,7.201640135991573509e-03
9.573083298521585238e-01,3.507891028220142676e-02,5.577329477359260421e-03,6.802260503333040960e-05,1.967407783247393602e-03
9.724318074648413690e-01,2.328547240058266576e-02,3.420807270535581885e-03,5.867463156633618329e-05,8.032382324740730420e-04
8.623787159787185130e-01,1.212653808701220082e-01,1.344448098218059898e-02,1.332394784894000959e-04,2.778182690489368507e-03
7.489691481246978366e-01,2.187867002038215714e-01,2.734689872810484521e-02,2.116311838617570304e-04,4.685621759514118322e-03
6.581636511718965687e-01,2.842122299174452693e-01,3.848839937762148222e-02,2.914480254650827660e-04,1.884427150757158123e-02
6.748919003110056547e-01,2.398152774584944857e-01,6.817227697267434772e-02,6.190753559230637720e-04,1.650146990190248797e-02
8.437551852996467705e-01,1.180486489578271708e-01,3.307540153148070400e-02,3.321120135603538703e-04,4.788652197484880892e-03
8.135278405831914972e-01,1.447628006695720615e-01,3.710849205953391933e-02,3.613213624248600396e-04,4.239545325277669328e-03
6.067201338259677890e-01,3.166199495137717590e-01,6.805237853322787522e-02,4.283990846588950092e-04,8.179139042373544111e-03
7.874458920332825240e-01,1.675948158178463265e-01,2.621336686816213776e-02,2.485997816205504107e-04,1.849732549908856064e-02
7.160401448389756007e-01,1.987530056053410099e-01,3.849692547207875237e-02,2.998553131007288507e-04,4.641006877050390944e-02
6.058737138265507527e-01,2.207110182602396165e-01,1.361122265175744306e-01,9.422780463719454070e-04,3.636076334926328230e-02
8.826305756127300617e-01,8.130531916000360848e-02,2.996933771125013385e-02,2.954392974980721721e-04,5.799328218518068519e-03
9.891616494090204048e-01,6.655244445504168542e-03,3.531087876574804524e-03,1.325000965636673222e-04,5.195181723367534379e-04
9.959392353395022379e-01,2.285191982600423988e-03,1.415532396616080201e-03,1.496698663195541047e-04,2.103704149618046166e-04
9.969364320695511816e-01,1.758100134500907010e-03,9.632977470364056114e-04,1.837653274337404808e-04,1.584047214776438599e-04
9.918956149821019919e-01,4.616915209491576078e-03,2.741836612471050105e-03,5.005905319946255200e-04,2.450426639406599405e-04
9.885066508182057676e-01,6.339105355718986645e-03,4.322978983544180885e-03,6.183102618369938804e-04,2.129545806942094682e-04
9.825503996942535068e-01,6.633553922180174603e-03,8.196332811481056579e-03,2.376701597498217296e-03,2.430119745871993353e-04
9.786537020142238585e-01,6.129367744059800033e-03,1.045737521496042238e-02,4.512041993699558023e-03,2.475130330563998348e-04
9.913557373535031303e-01,3.442885865840938139e-03,3.514130518516979645e-03,1.373432511021264318e-03,3.138137511176586564e-04
9.936286027697800449e-01,1.853776991357821043e-03,2.575537675288207436e-03,1.766942381125765574e-03,1.751401824482032537e-04
9.835106446230706956e-01,5.830552224121906060e-03,7.654852659410138656e-03,2.611218505756022351e-03,3.927319876412230411e-04
9.903919415861384135e-01,3.319798590671955030e-03,5.189451753797482206e-03,8.460094148837701312e-04,2.527986545083580347e-04
9.881253764219433133e-01,3.930998476705973091e-03,5.913481198101117053e-03,1.525838827825290369e-03,5.043050754242115038e-04
9.972128881814910084e-01,1.030952122602602893e-03,1.269636483125024997e-03,3.015348209987110759e-04,1.849883917826176309e-04
9.882891966292552954e-01,3.733387184730313849e-03,6.216275665940238990e-03,1.369308643192506270e-03,3.918318768817933965e-04
9.922600801252833280e-01,2.485522440647436500e-03,4.382050987802914299e-03,6.431641566092313311e-04,2.291822896571279295e-04
9.969092401248424995e-01,1.349489322919696132e-03,1.451211779737627541e-03,1.907868730717566272e-04,9.927189942837394800e-05
9.930978294817521812e-01,3.856428441330657202e-03,2.522075971139430516e-03,2.597730779362688019e-04,2.638930278414775661e-04
9.963767749120483463e-01,2.139552255697845136e-03,1.131404866331446385e-03,1.324986520879791721e-04,2.197693138342740008e-04
9.921103701347995241e-01,5.037629486488886567e-03,2.329925804937184233e-03,2.602017167313819246e-04,2.618728570430207156e-04
9.923333395432100135e-01,3.347550057526420611e-03,2.730643802340531733e-03,5.916178003938025705e-04,9.968487965292189331e-04
9.965596388467817812e-01,1.345677501853150167e-03,1.108252911110845082e-03,5.478141459049888119e-04,4.386165943492712047e-04
9.982053823594995157e-01,7.700515900118161004e-04,5.505216574780741508e-04,3.019557979776296848e-04,1.720885950331599887e-04
9.967326369035324207e-01,1.461747803755118454e-03,6.516556659083217644e-04,2.300567150446684080e-04,9.239029117594092832e-04
9.916614973623563145e-01,5.839817975453116469e-03,1.128226876296888970e-03,1.226113635314783666e-04,1.247846422362399550e-03
9.830331180808917768e-01,1.322019956838247669e-02,2.004671593622280642e-03,1.071994328093792256e-04,1.634811324294215083e-03
9.492075276036459064e-01,4.271508692698627874e-02,5.545211156116509020e-03,1.092507551376852780e-04,2.422923558113616524e-03
8.481207348743691199e-01,1.288572765477825621e-01,1.831028839747644854e-02,1.750296623346056935e-04,4.536670518037286270e-03
8.055098228260130222e-01,1.672346634273953192e-01,2.306298212957209187e-02,1.699669561691358850e-04,4.022564660850443119e-03
8.340015753526759390e-01,1.449302338390863198e-01,1.531994042921018193e-02,1.208058844752527152e-04,5.627444494552291156e-03
7.306850383004418470e-01,2.141883379817224875e-01,4.945636296592108988e-02,2.208952581401366858e-04,5.449365493774517219e-03
5.018989358052993177e-01,4.002479743152245195e-01,9.222520873176155709e-02,2.372568963812658510e-04,5.390624251333265941e-03
6.913048791194206233e-01,2.314619159160789530e-01,7.369982873196653794e-02,3.203157329446501209e-04,3.213060499589205730e-03
6.055828613519066428e-01,3.065201632005298271e-01,8.238724629541499533e-02,2.840949604481138703e-04,5.225634191700439211e-03
8.101459385593802187e-01,1.380888657309468082e-01,4.684236785573139827e-02,3.218084766613099569e-04,4.601019377280282999e-03
7.062595840693598470e-01,2.215742482365544164e-01,6.977374284190199227e-02,2.842502044112930112e-04,2.108174647772286317e-03
9.690934046921289013e-01,1.095905510748230310e-02,1.738449473742761930e-02,1.563264765744150136e-03,9.997806972170816212e-04
9.987870933324904943e-01,5.645223149318721661e-04,2.629070489717051586e-04,5.681163820626292484e-05,3.286656653996664220e-04
9.995855606085410905e-01,2.065491590535289913e-04,5.242343160835872916e-05,1.435956534522241273e-05,1.411072354516183422e-04
9.996783518430941706e-01,1.521837961691775590e-04,3.123007029632112971e-05,9.396832084807842737e-06,1.288374583556651902e-04
9.998181949385798184e-01,1.020992820445173929e-04,2.046066474179439613e-05,5.654079680543128306e-06,5.359103495311421723e-05
9.997447896130043921e-01,1.481768839990115503e-04,3.112340984763147986e-05,9.647334312289143062e-06,6.626275883675936292e-05
9.998732626825822534e-01,7.158563059870643114e-05,1.384526318119176697e-05,4.052775383569043231e-06,3.725364825413669432e-05
9.997988927294312322e-01,9.223858264153098952e-05,1.647185210783130504e-05,5.352061832170861373e-06,8.704477398722529238e-05
9.998069239226908822e-01,1.107462217058336639e-04,1.586742800667981346e-05,4.855243315216005484e-06,6.160718428141489741e-05
9.996614867596987919e-01,2.403080742300512545e-04,3.153489926675325276e-05,6.277565206278673876e-06,6.039270159809124956e-05
9.995810317817027668e-01,3.332488266478685025e-04,3.365499039325004312e-05,4.899336766275330181e-06,4.716506448967179490e-05
9.997743320278728030e-01,1.559249502022482306e-04,1.974871389352045835e-05,3.855000088650019692e-06,4.613930794271909447e-05
9.997414068223738903e-01,1.539095047258537017e-04,2.095596560172197513e-05,4.540615461945265326e-06,7.918709183671603330e-05
9.997822281347084061e-01,1.298294802190444951e-04,1.535111718728924656e-05,3.639335108807993535e-06,6.895193277655510382e-05
9.998298131289877766e-01,9.527069236731095924e-05,1.361068780699438026e-05,3.500593263837053853e-06,5.780489757404180887e-05
9.998173537064867222e-01,1.202064290379530943e-04,1.597915788222206042e-05,3.628078165216387623e-06,4.283262842782871541e-05
9.997952429793127704e-01,1.321060166615906442e-04,1.673561302498793787e-05,4.031531988861242621e-06,5.188385901160030687e-05
9.998309898125705697e-01,1.143929599418919520e-04,1.536300580198224174e-05,3.298008952409931640e-06,3.595621273319018693e-05
9.998152627424878869e-01,1.223442500650424912e-04,1.457707766157925610e-05,3.705414640728124644e-06,4.411051514476381074e-05
9.997987368598175717e-01,1.388262751071275510e-04,1.620228498469252696e-05,3.962803788176631958e-06,4.227177630212762468e-05
9.997114140678771133e-01,2.011701785627973066e-04,2.531889076418913559e-05,5.832368442535157884e-06,5.626449435352631740e-05
9.997992397629325012e-01,1.488700615123392517e-04,1.968759341830604722e-05,3.762109182188077744e-06,2.844047295456367819e-05
9.998201337259483568e-01,1.377271921848097918e-04,1.638485273447305804e-05,3.506240850527296375e-06,2.224798828205113444e-05
9.997974947217854735e-01,1.520247545737319825e-04,1.891405882294545544e-05,4.174221945397615979e-06,2.739224287241440807e-05
9.998310225449554833e-01,1.268542656110961079e-04,1.577099315128051751e-05,3.360291016443202216e-06,2.299190526573431995e-05
9.997887901226050200e-01,1.625257762595334388e-04,1.926840169585221249e-05,4.459118638221004724e-06,2.495658080142223849e-05
9.998041881060529823e-01,1.335019227506691226e-04,1.685063249525742168e-05,4.566871414292856683e-06,4.089246728666688803e-05
9.998190011924581455e-01,1.224281694936810269e-04,1.505937474774702732e-05,3.985800697500531578e-06,3.952546260300689103e-05
9.997922972214788873e-01,1.431642159973030108e-04,1.701529840050620434e-05,4.361552705967759443e-06,4.316171141720410005e-05
9.996068203640195993e-01,2.985831661346243383e-04,3.697625955960372939e-05,8.349836921752260626e-06,4.927037336443896258e-05
9.996915865247067989e-01,2.304255951322852533e-04,2.649376691784677257e-05,6.441098752183781339e-06,4.505301449098508267e-05
9.997586516671226331e-01,1.738090214841488536e-04,2.143853241319034478e-05,5.249632131694256452e-06,4.085114684811712749e-05
9.996979975458971657e-01,2.265051825293651583e-04,2.739480467279602533e-05,6.044777707894482722e-06,4.205768919286304470e-05
9.997708531871762894e-01,1.734738850352424643e-04,2.106086958416215262e-05,4.549779207335796580e-06,3.006227899705796763e-05
9.997301527395805465e-01,2.106926747071263860e-04,2.418886730143483585e-05,5.108142569712704535e-06,2.985757584116707655e-05
9.997421728004843855e-01,2.016318895189940204e-04,2.378190415895187969e-05,5.620991924884122807e-06,2.679241391276962597e-05
9.997739062565815793e-01,1.735913778936186175e-04,2.027467150393902804e-05,4.505599775041756431e-06,2.772209424575579846e-05
9.997569235304741841e-01,1.867067373269301676e-04,2.103008683886936788e-05,4.607948553153022230e-06,3.073169680684279068e-05
9.997635778600044709e-01,1.823044420045967636e-04,2.169613562928784389e-05,4.946414557932556124e-06,2.747514780384981083e-05
9.997888901458249489e-01,1.574906495918500487e-04,1.883329271825499399e-05,5.127149123383466219e-06,2.965876274160293664e-05
9.998140012949909838e-01,1.370357181376410472e-04,1.748117786612091775e-05,4.553607672971956538e-06,2.692820133218142950e-05
9.997848492414730392e-01,1.554266601155713753e-04,1.786407696359332557e-05,5.134058829065580834e-06,3.672596261894503646e-05
9.998080336546516511e-01,1.332915807201823450e-04,1.893904212578729731e-05,4.969068311188512609e-06,3.476665419125689652e-05
9.998281223734476475e-01,1.163691183933751919e-04,1.897448232064332958e-05,4.491597555878447742e-06,3.204242828243443551e-05
9.998560190475987985e-01,1.029634640801653387e-04,1.425255269506861449e-05,3.317455994491855762e-06,2.344747963142070166e-05
9.998467136432094282e-01,1.104928066220032526e-04,1.469975519223917536e-05,3.340871776953137973e-06,2.475292319935299651e-05
9.998212447390388835e-01,1.336721490901883729e-04,1.607931653783306421e-05,3.663728708352709730e-06,2.534006662471457977e-05
9.997604099835347702e-01,1.855499310223175853e-04,2.122765525490599042e-05,4.326446639136314789e-06,2.848598354881578222e-05
9.998195591191149090e-01,1.373915182308715996e-04,1.558932803972703775e-05,3.341434519081761402e-06,2.411860009554178241e-05
9.997926073202186847e-01,1.578907897204704898e-04,2.046821514963312978e-05,4.203139063392006396e-06,2.483053584774333136e-05
9.997748685827001491e-01,1.737327590278492633e-04,2.164966809858094655e-05,4.459147645063178642e-06,2.528984252846387738e-05
9.997554490664547489e-01,1.852624414294232636e-04,2.167660343928360229e-05,4.629008817923937788e-06,3.298287985850948626e-05
9.998118071776045390e-01,1.377616808174254100e-04,1.660317171763568247e-05,3.603765026911169956e-06,3.022420483345679670e-05
9.998071491726177040e-01,1.448070075875845298e-04,1.814106384274400977e-05,3.785948695341631014e-06,2.611680725676226235e-05
9.996895659412616819e-01,2.417367644073125852e-04,2.355365353495951015e-05,5.356993504126837956e-06,3.978664729200431349e-05
9.997801569105820851e-01,1.624135721414024297e-04,1.709000247142740438e-05,4.372484992219723568e-06,3.596702981277719578e-05
9.997658156567919008e-01,1.616981395064775193e-04,1.603814560665462716e-05,4.382914651029391931e-06,5.206514344377433204e-05
9.997874006003538705e-01,1.576531198515491528e-04,1.730010562754577969e-05,3.746339917651689664e-06,3.389983424952118475e-05
9.997825452539542690e-01,1.538919350564059148e-04,1.757555656910351528e-05,4.058414250428191878e-06,4.192884016994325618e-05
9.987858499057453709e-01,9.424877472126957879e-04,1.368791318419854239e-04,2.135142962108105684e-05,1.134317855788805979e-04
9.992762035487117167e-01,5.772622341536454106e-04,7.494556560894536257e-05,1.172728361879306256e-05,5.986136790696168589e-05
9.996840820321249987e-01,2.422491171546026331e-04,3.242644567099962758e-05,5.695872875764021107e-06,3.554653217376762002e-05
9.997380955844749062e-01,1.986172929996198998e-04,2.204781247233414897e-05,4.316636014058816994e-06,3.692267403903774981e-05
9.996632978772673761e-01,2.379660770497597658e-04,2.428666107943162498e-05,5.019423844413661514e-06,6.942996075903751490e-05
9.995583430159792337e-01,3.364274832245856537e-04,3.177368225908260572e-05,5.630976058980616113e-06,6.782484247821161678e-05
9.996259730957411938e-01,2.680141713258405172e-04,2.824965492432095210e-05,5.224574330181913641e-06,7.253850367845602828e-05
9.996455293752801730e-01,2.566592956142286358e-04,2.931842319033390039e-05,5.186424125609043971e-06,6.330648178963404669e-05
9.996685546830375024e-01,2.468038077773717135e-04,2.570248244915189603e-05,5.054077446760060614e-06,5.388494928920882591e-05
9.997599990122201241e-01,1.760748533749957720e-04,1.839990390926452701e-05,3.963917468259939709e-06,4.156231302728440410e-05
9.996590877024904565e-01,2.267820545138048995e-04,2.264462579736915758e-05,5.604311334523604954e-06,8.588130586372424058e-05
9.997715697471256657e-01,1.430910014216085476e-04,1.576186801724753706e-05,4.014290957723175514e-06,6.556309247770695202e-05
9.997666918899169586e-01,1.602981363982883506e-04,1.607291731788001971e-05,3.507542945871989201e-06,5.342951342113469443e-05
9.997938521864165873e-01,1.474891057923249297e-04,1.372539870711235255e-05,2.799518611196244307e-06,4.213379047257628210e-05
9.997655412195013414e-01,1.695246260835135633e-04,1.794551803982828077e-05,4.112179924271680533e-06,4.287645645104709916e-05
9.998080998733485103e-01,1.361076174447869254e-04,1.654075516166647302e-05,3.309461629957726041e-06,3.594229241510002345e-05
9.997562981694795292e-01,1.779362053561896933e-04,2.050296948284427594e-05,3.636084679535527493e-06,4.162657100191627266e-05
9.998129785613241172e-01,1.244681947450457205e-04,1.520075232435777620e-05,3.085015448901406776e-06,4.426747615764802755e-05
9.997542948254072304e-01,1.659242211063061893e-04,1.827461806236231834e-05,4.083648864204041314e-06,5.742268655990826327e-05
9.998005532975462462e-01,1.435253358326071718e-04,1.585159762630100719e-05,3.028649144595051733e-06,3.704111985029690277e-05
9.998254945676945393e-01,1.292542217010850681e-04,1.453782643489835290e-05,2.445683638308867052e-06,2.826770053122579349e-05
9.997861155600626937e-01,1.590418078845846808e-04,1.707368641666301542e-05,3.257330448657443729e-06,3.451161518722311206e-05
9.997950031678543015e-01,1.496694870238678284e-04,1.575991731862134442e-05,3.274703844626370418e-06,3.629272395858968201e-05
9.997033207793029064e-01,1.873183254323718442e-04,1.905489562631550315e-05,5.200449318867292888e-06,8.510555031941943499e-05
9.997298607809386173e-01,1.588374075754928570e-04,1.610469990879831779e-05,4.608190677435543647e-06,9.058892089952877370e-05
9.997695882456287819e-01,1.601114842998084260e-04,1.652315107899950082e-05,3.772103446896645217e-06,5.000501554557851649e-05
9.997384294319997533e-01,1.829237626593767970e-04,1.937662206780628199e-05,4.244737541046395288e-06,5.502544573200110912e-05
9.997488454020749815e-01,1.664665383330222450e-04,1.677727149456709831e-05,3.837614642847991651e-06,6.407317345443487827e-05
9.997369216810623183e-01,1.794907460720140686e-04,1.732183145942433702e-05,4.000851010943276271e-06,6.226489039534748504e-05
9.998004413733738716e-01,1.289596456933807581e-04,1.606900045233321361e-05,3.961344413656213942e-06,5.056863606670580373e-05
9.997739312984991189e-01,1.589635825488773849e-04,1.889725684574146845e-05,4.105938134610704395e-06,4.410192397170717275e-05
9.996854524913285633e-01,1.892335798181510884e-04,2.904171483511053679e-05,7.001453168820284661e-06,8.927076084934730191e-05
9.996835138834501144e-01,1.879316435530066617e-04,2.297399466120523585e-05,5.662811574726428235e-06,9.991766676088958217e-05
9.996976259727934355e-01,1.891980593486111630e-04,2.009402412475882216e-05,5.097583183715657074e-06,8.798436054936718017e-05
9.997609631518333817e-01,1.398392668197460942e-04,1.651630415002421304e-05,4.929525717996124290e-06,7.775175147881597756e-05
9.996681861685955406e-01,1.929854501902583729e-04,2.125426852864514447e-05,6.199279958343340168e-06,1.113748327272580607e-04
9.997755466362610033e-01,1.391618800055995640e-04,1.526447314301440360e-05,3.846377731745946272e-06,6.618063285862424970e-05
9.997049993980785532e-01,1.844809448282372095e-04,2.001823486985490210e-05,4.560069178883345646e-06,8.594135304434364687e-05
9.996530236013003723e-01,2.283873357098226598e-04,2.291601697631641193e-05,5.088217363844441272e-06,9.058482864967577189e-05
9.997815759867695329e-01,1.476117969264313060e-04,1.509491191942556526e-05,3.005232746711317973e-06,5.271207163791859880e-05
9.997105606100250563e-01,2.043823862311224654e-04,2.124582763647483717e-05,3.815301218863415937e-06,5.999587488850827621e-05
9.997205125501127387e-01,1.646935378633741906e-04,2.177922940010370957e-05,3.859569562908141910e-06,8.915511306088808095e-05
9.997968631410336648e-01,1.425187635615580094e-04,1.472539638524042733e-05,2.213557698580169649e-06,4.367914132091133282e-05
9.996388951632805275e-01,2.569392278449724094e-04,2.461608358793726775e-05,4.071384479362389303e-06,7.547814080723051094e-05
9.996765618982407231e-01,1.822965533072945987e-04,2.130312008561164686e-05,4.005669174338794355e-06,1.158327591920396498e-04
9.994740940430306697e-01,3.060881373706772664e-04,3.195546975361185843e-05,6.052451771787997009e-06,1.818098980733377898e-04
9.996342890003593329e-01,2.346067534659123256e-04,2.424579391278988867e-05,4.376760656314877479e-06,1.024816916054947671e-04
9.996429393358972071e-01,2.377006317893493839e-04,2.344721005532120453e-05,4.754738205467160665e-06,9.115808405266932193e-05
9.996876371311688159e-01,2.232186053334174415e-04,2.206043078276611653e-05,4.384623877100337430e-06,6.269920883792623131e-05
9.996425845431380353e-01,2.262115063857133429e-04,2.997872544916923559e-05,6.847078771486251354e-06,9.437814625537118676e-05
9.996990254312659863e-01,2.141805997648613775e-04,3.046741221497668609e-05,5.537164379107470444e-06,5.078939237518142287e-05
9.995006607799642451e-01,2.773139413799525664e-04,3.149952068144914650e-05,7.341634502703001079e-06,1.831841234717332444e-04
9.997231439396971897e-01,1.567365730728678447e-04,1.873725364354894069e-05,4.027109222064297156e-06,9.735512436427768421e-05
9.997076347593105705e-01,1.599935648416173919e-04,1.732257095305118276e-05,4.303293081961171214e-06,1.107458118128708442e-04
9.996799597819222560e-01,1.820527554770606142e-04,1.944425345361639682e-05,4.619385744520310463e-06,1.139238234025153604e-04
9.997671272602102199e-01,1.487554385871544768e-04,1.579081701287337054e-05,3.914781260644126606e-06,6.441170292895220470e-05
9.997613658541407711e-01,1.508367655095313377e-04,1.548035509967994036e-05,3.662053620027327349e-06,6.865497162994232613e-05
9.998036197845188155e-01,1.316440101555645830e-04,1.300129359256416797e-05,3.238952418995783168e-06,4.849595931386363950e-05
9.998184575235019578e-01,1.230173765489852482e-04,1.139484463068396645e-05,2.932832072908613073e-06,4.419742324543942552e-05
9.996955197997144937e-01,2.299025551462965087e-04,2.207935363121550035e-05,4.268563193732960357e-06,4.822972831422135941e-05
9.997210145310015950e-01,2.173229951223080872e-04,1.887190372981407317e-05,3.504071865419511648e-06,3.928649828080205928e-05
9.997795824694757361e-01,1.672169184288463547e-04,1.545709595843186202e-05,3.161968906976277085e-06,3.458154723011082793e-05
9.998269858285644407e-01,1.169574313285822245e-04,1.138499927062492857e-05,2.756188597408748459e-06,4.191555223887013956e-05
9.997574972513386671e-01,1.654410183960424244e-04,1.656815156439755924e-05,3.740199722343285345e-06,5.675337897853590763e-05
9.993435733357077799e-01,4.507230507522614303e-04,7.659424524331632871e-05,1.953933756963264093e-05,1.095700307268954572e-04
9.996088684248032319e-01,2.761396322685859099e-04,3.629560413278206678e-05,9.124406106543983365e-06,6.957193268874543857e-05
9.996997093920816368e-01,2.252999847995784319e-04,2.888655719586955001e-05,5.718957537679406210e-06,4.038510838530638626e-05
9.997527212738510638e-01,1.870395569974462496e-04,2.286473536368550914e-05,4.304981467289115295e-06,3.306945232039166355e-05
9.998124717540877171e-01,1.356150499415982016e-04,1.607078061491124283e-05,3.602541527640301637e-06,3.223987382821155896e-05
9.997621667190993433e-01,1.615683169516453582e-04,1.623227994933947683e-05,4.001853739249247672e-06,5.603083026044036551e-05
9.996611367261803993e-01,2.281359960118849444e-04,2.236601310406412455e-05,5.966102240973162096e-06,8.239516246245113878e-05
9.997391623005271732e-01,1.778380133415815429e-04,1.853978458578982034e-05,5.197163180812738946e-06,5.926273836459943839e-05
9.997165590560546100e-01,1.905029633118638711e-04,2.431360490926698684e-05,6.399865560713348199e-06,6.222451016357794667e-05
9.998567399980792247e-01,9.612899632292995901e-05,1.117780950014618528e-05,2.813957002186172505e-06,3.313923909548987590e-05
9.998107161120142194e-01,1.394031863206855444e-04,1.596404915579226853e-05,3.603514158933736299e-06,3.031313835040794878e-05
9.997663010854722643e-01,1.688237375375583357e-04,1.753930035200124466e-05,4.595103415483303930e-06,4.274077322268289027e-05
9.997516578639502605e-01,1.780447534711602521e-04,1.722135333732428361e-05,4.434582788032967896e-06,4.864144645332050426e-05
9.996911100812462259e-01,1.875096776836059380e-04,2.030737938292025526e-05,6.060330613659417060e-06,9.501253107351936671e-05
9.997954233615702346e-01,1.267623949472652576e-04,1.451600429893584916e-05,4.070053663173590455e-06,5.922818552045611015e-05
9.996900403907404975e-01,2.087053452721986644e-04,2.035294777649288177e-05,5.139185092295961346e-06,7.576213111842698559e-05
9.996993461411018966e-01,2.161401765004237064e-04,1.980833771621225858e-05,4.144198596162152230e-06,6.056114608520307577e-05
9.997226727157864090e-01,1.994875926031999195e-04,1.990054661003833901e-05,4.435193405665198706e-06,5.350395159470777571e-05
9.996930052083895513e-01,2.084546849371186666e-04,2.422335583428741830e-05,4.582174925761225473e-06,6.973457591329366458e-05
9.997828554052895500e-01,1.240353486482058604e-04,1.288945524289941607e-05,3.180003108264745539e-06,7.703978771103082155e-05
9.995890445991123530e-01,2.526510123265537900e-04,2.285663307588941303e-05,5.647448247371981000e-06,1.298003072378456357e-04
9.997388951783459099e-01,1.644438634594865662e-04,1.533218348146109513e-05,3.761352262511147903e-06,7.756742245058473849e-05
9.996745641562008178e-01,2.019697927178117254e-04,1.978840900766267314e-05,4.894939253795421019e-06,9.878270281993980985e-05
9.995922218578023877e-01,2.813787593948800835e-04,2.413093590402263047e-05,4.770562122230545572e-06,9.749788477656724296e-05
9.996805576265108684e-01,2.422473215779897280e-04,2.146610918728587505e-05,3.665011211910428883e-06,5.206393151187912636e-05
9.996735527454728709e-01,2.541533904864057064e-04,2.096140464422085545e-05,3.721398228946252258e-06,4.761106116738908798e-05
9.997802703830118709e-01,1.618342086426537683e-04,1.465644989554388263e-05,2.601180966360581462e-06,4.063777748342852636e-05
9.997035212367028079e-01,2.240004917561049631e-04,1.951562932669932633e-05,3.328694891595185267e-06,4.963394732279210076e-05
9.997498438667078435e-01,1.544878567078409259e-04,1.428587529465491682e-05,3.702428647249024890e-06,7.767997264234105742e-05
9.995884979250267977e-01,2.588677322962939977e-04,2.486034718673732236e-05,5.748586342534280549e-06,1.220254091476860798e-04
9.995828863017321986e-01,2.990941738910206892e-04,2.642941377941083455e-05,5.416596227383382274e-06,8.617351436991888079e-05
9.996769961113713965e-01,2.393979448558980288e-04,2.454554298182187166e-05,4.414463065041458026e-06,5.464593772581510496e-05
9.995596327847027229e-01,3.382177837667661464e-04,3.315047535163561661e-05,5.672065153978348876e-06,6.332689102480969039e-05
9.995602228417063140e-01,3.446684496863792395e-04,3.405873942488982546e-05,5.492597012486774909e-06,5.555737216994220001e-05
9.995735189426694367e-01,3.421307747050778177e-04,3.493102676785672471e-05,5.564107935078983598e-06,4.385514792245676720e-05
9.995852590933551607e-01,3.219317393381571210e-04,4.133930509240306758e-05,6.792441726433315296e-06,4.467742048779540002e-05
9.995614945275185237e-01,3.145291901987910940e-04,3.786608258127711625e-05,7.224325307064231377e-06,7.888587439448196492e-05
9.994793458068412795e-01,2.866662439275250796e-04,3.550068491592063254e-05,8.071731023751080772e-06,1.904155332914021803e-04
9.995954349536135819e-01,2.605159870732628698e-04,2.794682444115899472e-05,5.329849601517483794e-06,1.107723852706367801e-04
9.996755879658816291e-01,2.069624989077086452e-04,2.295211867625022328e-05,4.389936233882054935e-06,9.010748030061229395e-05
9.996306979194478082e-01,2.373902581509337373e-04,2.332263551062455082e-05,4.975588587563134241e-06,1.036135983030877497e-04
9.995311438595854137e-01,3.089375183295577283e-04,2.650807792202363868e-05,4.835559990558639239e-06,1.285749841723982871e-04
9.997097834038954911e-01,2.101753483884000238e-04,1.852947727412085778e-05,3.162974538332525868e-06,5.834879590352160070e-05
9.996089413873791019e-01,2.746919926068156739e-04,2.506341371171565634e-05,4.960044167967136044e-06,8.634316213453448663e-05
9.997179708433880929e-01,1.977895069871607762e-04,2.018405489396574818e-05,3.702269914138629254e-06,6.035332481673374115e-05
9.997262212316050389e-01,1.968052407256108422e-04,2.001625848849611681e-05,3.735611981381309262e-06,5.322165719938482160e-05
9.997384453391628956e-01,1.866492920732655786e-04,1.891010903973055308e-05,3.182335454759529018e-06,5.281292426939765265e-05
9.997657349626205558e-01,1.762338572670552267e-04,1.610814715517266263e-05,2.566912735883554119e-06,3.935612022126156248e-05
9.997278525220149037e-01,1.994417770384468143e-04,1.770060096600051489e-05,3.116217552737278284e-06,5.188888242787183702e-05
9.996692006120995178e-01,2.422862608123191742e-04,2.147961811371321708e-05,3.544016829850001618e-06,6.348949214479239543e-05
9.997900263516263930e-01,1.535802424393063726e-04,1.582006967858291861e-05,2.575542813137114232e-06,3.799779344254722855e-05
9.998046466870353921e-01,1.419008871298236825e-04,1.534811616084688792e-05,2.675677786889617268e-06,3.542863188692130732e-05
9.997648235546119366e-01,1.710446571649639098e-04,1.794084185620413370e-05,3.297357557136717112e-06,4.289358880975230245e-05
9.997021420415631576e-01,1.988806055951153080e-04,2.076959020895419300e-05,4.166969069006167678e-06,7.404079356383324640e-05
9.997428387424966978e-01,1.817178261615362317e-04,1.884244152789292496e-05,3.555097140306007870e-06,5.304589267350641452e-05
9.997549397746479105e-01,1.670527282184949445e-04,1.880963757679519476e-05,3.529952111292703361e-06,5.566790744554103981e-05
9.996691501691827852e-01,2.501695138757928393e-04,2.778325330939236722e-05,4.039530010535807047e-06,4.885753362152708921e-05
9.996719447550131976e-01,2.478899913277707919e-04,2.627010210646814841e-05,3.934586041143969411e-06,4.996056551146445506e-05
9.997675865692891017e-01,1.509367161914066421e-04,1.511421345287789899e-05,2.818576940119907037e-06,6.354392412656488835e-05
9.997357783445374180e-01,1.789087146033017191e-04,1.832610303189555635e-05,3.495721903684160991e-06,6.349111592377466797e-05
9.997412244737563514e-01,1.766860243534638074e-04,1.743777086188617371e-05,3.335364195263249476e-06,6.131636683316305544e-05
9.996886329816789818e-01,2.306187551811001964e-04,2.277795572007053980e-05,3.666751423566115167e-06,5.430355599623085848e-05
9.995747834226167416e-01,3.215175035327617697e-04,3.442657042629324884e-05,6.173522636158536411e-06,6.309898078815954830e-05
9.997610197964108547e-01,1.769649065691256183e-04,2.401073960996327587e-05,4.691303796856283486e-06,3.331325361323194154e-05
9.997701912211903741e-01,1.742086798582204708e-04,1.970508542844096842e-05,4.143656915865127597e-06,3.175135660702296521e-05
9.997000743320153537e-01,2.268542472804152132e-04,2.443352054772732689e-05,4.794728658688026655e-06,4.384317149774666128e-05
9.996989450835617186e-01,2.236770891892453784e-04,2.367955784014129589e-05,4.211896850133438683e-06,4.948637255875334518e-05
9.997344630023350387e-01,1.848596786255083811e-04,1.930689101296243840e-05,4.213802791841632966e-06,5.715662523472959006e-05
9.997689759787776742e-01,1.509498027174565997e-04,1.581767862855123650e-05,3.659344344288957433e-06,6.059719553220082569e-05
9.996324751325389446e-01,2.072302161515693602e-04,2.186220208825586370e-05,5.055388120631914547e-06,1.333770611006159477e-04
9.996298198345222596e-01,2.452660013334502834e-04,2.382326405580407989e-05,4.509473376263109362e-06,9.658142671225323518e-05
9.995139541478875733e-01,3.361615792029502728e-04,2.871513363969977912e-05,4.594020364803990276e-06,1.165751189048753268e-04
9.997625547569328752e-01,1.660487404258245410e-04,1.591998853866242780e-05,2.529375339178725105e-06,5.294713876353175890e-05
9.997391480368675865e-01,1.928949918627362987e-04,1.745306580039083906e-05,2.656011662472631486e-06,4.784789380676723772e-05
9.997295213668652147e-01,1.823997743896432842e-04,1.571858740830327740e-05,2.993575515110036176e-06,6.936669582192934449e-05
9.997471560697751558e-01,1.637215227052086792e-04,1.626967000409601318e-05,2.892975551207805997e-06,6.995976196436319951e-05
9.996871352619682849e-01,1.819023812312613295e-04,2.154292284615720010e-05,3.997671510557529852e-06,1.054217624437346997e-04
9.995601057344359885e-01,2.999010635794650847e-04,3.483840394074370884e-05,4.868668068951314846e-06,1.002861299746478742e-04
9.995689682763060357e-01,2.997010707600076987e-04,3.243774709658472553e-05,4.363768040690337512e-06,9.452913779666204986e-05
9.997697840949409942e-01,1.570707037345305955e-04,1.822948977898613746e-05,2.903202650078829632e-06,5.201250889545237853e-05
9.995432512102075950e-01,2.437422077555082976e-04,3.428380568077387021e-05,6.900054191525202533e-06,1.718227221644347746e-04
9.996028788039339474e-01,2.853649067758932782e-04,3.369014325836298788e-05,4.576069930659825204e-06,7.349007610121994659e-05
9.997345176834172564e-01,2.023545351520608161e-04,2.266659115348176984e-05,2.900303432608541245e-06,3.756088684464095655e-05
9.998210475884343751e-01,1.295694736652409332e-04,1.297075957106209044e-05,1.965038357983602128e-06,3.444713997139449153e-05
9.997752175786904782e-01,1.619326773344955056e-04,1.677443856045379025e-05,2.820092484717528128e-06,4.325521292995449630e-05
9.997504576194816694e-01,1.722474860431749656e-04,1.713905746750732861e-05,3.083842523628435136e-06,5.707199448408841835e-05
9.997421439445365321e-01,1.866021721271234946e-04,1.843767138064495337e-05,3.099912185570301997e-06,4.971629977017899261e-05
9.997245145393202082e-01,2.120080032820007227e-04,2.154590540156872867e-05,3.664604852646064908e-06,3.826694714342661146e-05
9.997844158431939965e-01,1.696292532427639155e-04,1.742706431208875350e-05,3.062156857235558353e-06,2.546568239388142667e-05
9.997765836701835163e-01,1.742651089223583825e-04,1.774863154278504798e-05,3.254268061319093395e-06,2.814832128988365014e-05
9.998317622876869981e-01,1.162201719311195373e-04,1.240512955175495980e-05,2.567693977052059557e-06,3.704471685303908679e-05
9.998532763352429020e-01,1.027104686058473876e-04,1.106843351881143683e-05,2.204632454890083632e-06,3.074013017731558957e-05
9.997724559526854904e-01,1.674334208544026048e-04,1.765770250246740582e-05,3.394215270567047222e-06,3.905870868715161039e-05
9.997744327658943941e-01,1.679260734356596168e-04,1.788252224606407795e-05,3.526538519346107509e-06,3.623209990459993438e-05
9.997534622085930689e-01,1.810804664916655757e-04,2.052482115329994745e-05,4.116221095567849667e-06,4.081628266648324799e-05
9.998289248770072524e-01,1.178200464464601019e-04,1.512473932918180721e-05,3.427784666327609995e-06,3.470255255088609603e-05
9.997307885605017930e-01,1.609292239452396348e-04,1.936824175437454692e-05,4.988976004304040564e-06,8.392499779427953753e-05
9.996279490037687232e-01,2.434551418830112324e-04,2.594469557686611915e-05,6.310044758583745127e-06,9.634111401290911740e-05
9.996848731391184684e-01,2.021637392428110580e-04,2.480508285735966614e-05,6.000418655356094965e-06,8.215762012586776337e-05
9.997551638108808092e-01,1.753259591703990234e-04,2.106462062783258030e-05,4.561970992095687961e-06,4.388363832889536335e-05
9.997225909700158120e-01,1.977146099312918179e-04,2.699797720655792050e-05,5.586067362088427438e-06,4.711037548436204224e-05
9.997894808013100265e-01,1.483035673600969118e-04,2.108946144468181298e-05,4.310930204699101577e-06,3.681523968048390087e-05
9.997451284391537518e-01,1.704607420109210134e-04,1.966385470593696774e-05,4.729396040757647273e-06,6.001756808870452786e-05
9.998150487036396861e-01,1.274979929448340644e-04,1.604408711949617476e-05,3.185800092600835590e-06,3.822341620328845055e-05
9.996899984282995311e-01,2.273721759422775565e-04,2.357412451762172986e-05,4.021767885463195359e-06,5.503350335503974408e-05
9.997267792082966675e-01,2.069041469418175154e-04,1.982318754917859334e-05,3.359223119293508422e-06,4.313423409293801094e-05
9.996628797233375607e-01,2.614497081967090365e-04,2.688003362871621606e-05,5.123558373627384640e-06,4.366697646334715598e-05
9.996946052001962624e-01,2.387725325892139114e-04,2.597609914706860688e-05,4.806332036806258263e-06,3.583983603056622790e-05
9.996723564109748494e-01,2.387763591264168697e-04,2.523845326724539036e-05,5.731737958124021243e-06,5.789703867337597570e-05
9.997083080994089155e-01,1.988549733312989858e-04,2.248873900369548315e-05,5.609856350555405978e-06,6.473833190561944606e-05
9.996170499502682327e-01,2.826985375436131469e-04,3.367195667083662145e-05,6.396303784853850957e-06,6.018325173240396110e-05
9.996925051603855472e-01,2.364253533434633621e-04,2.666066406994124712e-05,4.515562162905449611e-06,3.989326003799633638e-05
9.996443421333802704e-01,2.846879820928283327e-04,3.137491007168264067e-05,4.401222352339683163e-06,3.519375210266904354e-05
9.995185223257729845e-01,3.611289997650424569e-04,3.276649485654040659e-05,5.850959689579335133e-06,8.173121991608206993e-05
9.997023258385470124e-01,2.238834812918191947e-04,2.339440916692725502e-05,4.685379074940836943e-06,4.571089191946941437e-05
9.997060762467433470e-01,2.330790308151372756e-04,2.159851087434384479e-05,4.161662210959147320e-06,3.508454935623108329e-05
9.997105366103499202e-01,2.090617450498564415e-04,2.801974482741455199e-05,6.392092157610941566e-06,4.598980761506128273e-05
9.997631754509811453e-01,1.777946996728721561e-04,2.371090435582499662e-05,5.076435391596595332e-06,3.024250959866600931e-05
9.997652466659505688e-01,1.791037559242512911e-04,2.112389440153122498e-05,4.877850744405018511e-06,2.964783297913046130e-05
9.997873258227735205e-01,1.606268257065529667e-04,1.901535117834440679e-05,4.482029831398607705e-06,2.854997051014839530e-05
9.997487879159855373e-01,1.938242560638960997e-04,2.037913949920888560e-05,4.754777638056637042e-06,3.225391081327908443e-05
9.996869450914727118e-01,2.442057356061106896e-04,2.722492864616473938e-05,6.346879819099145966e-06,3.527736445579915939e-05
9.997407267319657898e-01,1.902825509676457801e-04,2.398390924982213952e-05,5.858539675690585890e-06,3.914826814093824410e-05
9.997479427237685456e-01,1.806586263712695940e-04,2.242007586990906826e-05,5.714937776194260163e-06,4.326363621411175047e-05
9.997503282343159769e-01,1.837993594209604215e-04,2.151860794399684747e-05,4.708890132007518394e-06,3.964490818698356570e-05
9.997529108125075004e-01,1.839670093807427330e-04,2.204513697766826225e-05,4.832798521371546508e-06,3.624424261268801710e-05
9.997822763780586097e-01,1.487040065843349835e-04,1.756856812040409252e-05,4.677844116284685093e-06,4.677320312042918226e-05
9.996929359845572183e-01,2.132774503575912510e-04,2.363371444361209181e-05,6.150905504613417351e-06,6.400194513687845516e-05
9.997751569659552029e-01,1.438856189337287407e-04,1.769603060412427764e-05,5.361521756095126009e-06,5.789986275082410630e-05
9.997331768680546293e-01,1.981428020954220919e-04,2.163027290613312139e-05,4.890067579520152145e-06,4.215998936433607675e-05
9.996958560900996993e-01,2.316826483563355068e-04,2.360846077647835869e-05,5.784720170072257808e-06,4.306808059749320613e-05
9.997583509546323910e-01,1.707159954360180595e-04,1.742184135108830443e-05,4.776923601462578578e-06,4.873428497920702596e-05
9.997877664698812117e-01,1.502095559629670137e-04,1.670527460411605426e-05,3.703013156043544088e-06,4.161568639580181010e-05
9.996368200780836322e-01,2.668041783215645345e-04,2.430018271588420579e-05,5.856244927842406414e-06,6.621931595106116900e-05
9.995968886700719036e-01,2.653707324775276492e-04,2.450339299864783463e-05,7.153833460109756677e-06,1.060833709918243182e-04
9.996416456291628005e-01,2.707468181785179775e-04,2.410780272540758999e-05,5.228758888500659754e-06,5.827099104479966101e-05
9.993316358855495185e-01,5.158583131989968006e-04,4.141566985693150889e-05,9.057656446190994379e-06,1.020324749483430800e-04
9.994473912021062389e-01,4.126157377286687549e-04,3.500791017739666620e-05,8.109083798999914655e-06,9.687606618867238028e-05
9.996771269164904661e-01,2.313673450435013484e-04,2.092325562156960924e-05,5.181969604925936567e-06,6.540051323931033540e-05
9.996276365916699769e-01,2.575400690996729820e-04,2.224388002030609115e-05,5.738451876213947512e-06,8.684100733408728053e-05
9.995496415133428014e-01,3.340149116446932114e-04,3.026935754917319229e-05,7.055207186105938662e-06,7.901901027721191248e-05
9.995545483804086917e-01,3.192415277165699342e-04,3.021979389350539205e-05,7.439290381124548378e-06,8.855100760020003718e-05
9.995795335870888421e-01,3.137592554161043254e-04,2.868831083173763806e-05,6.392901073242028864e-06,7.162594559002294207e-05
9.992509582325911355e-01,5.389873099861596743e-04,4.809949087467738722e-05,1.129391157461296581e-05,1.506610549733873735e-04
9.996137392964495882e-01,2.934265464584226804e-04,3.040943423072967107e-05,5.625824705664690187e-06,5.679889815546059563e-05
9.997141008870783496e-01,2.262758733399554325e-04,2.269512250928960734e-05,4.232307037928205090e-06,3.269581003442530983e-05
9.996918790986475400e-01,2.410768482139686610e-04,2.874752308317449686e-05,6.469900819706001318e-06,3.182662923563307728e-05
9.996677615267911543e-01,2.509957892669904735e-04,3.352908315163809206e-05,6.304203721539487118e-06,4.140939706864869537e-05
9.996765020265238055e-01,2.530629807324861319e-04,3.017410306791386626e-05,5.007186238594514159e-06,3.525370343727425972e-05
9.996922004892839775e-01,2.454219182182772988e-04,2.668758368789234825e-05,4.952225773096955621e-06,3.073778303652457147e-05
9.996104913479829657e-01,2.759267332163813416e-04,3.068194635037504406e-05,8.293781046487410887e-06,7.460619140368780441e-05
9.997345277303456568e-01,1.944280986730148163e-04,2.213030038342620148e-05,5.098465857619523814e-06,4.381540474034820387e-05
9.995722644982678595e-01,3.207314889165764843e-04,3.122548540924961996e-05,6.489066675594797309e-06,6.928946073080731309e-05
9.995851280537636496e-01,3.154805436640011149e-04,2.886230962639157546e-05,5.794207142862785441e-06,6.473488580312459714e-05
9.997821136541573672e-01,1.630779009851921044e-04,1.695841617918118083e-05,3.236916525409480288e-06,3.461311215272845160e-05
9.997943886373441558e-01,1.240351823149354611e-04,1.373773522798932408e-05,3.504387460728831299e-06,6.433405765219185602e-05
9.996817458611348961e-01,1.874065461998404981e-04,2.046711079574798893e-05,5.834813420549663819e-06,1.045456684489605269e-04
9.996087073212508445e-01,2.785334234952466540e-04,2.889582491231727410e-05,6.941116293862471862e-06,7.692231404770774031e-05
9.995531529333572252e-01,3.114313700453454200e-04,3.820949867915567430e-05,8.068497810942370122e-06,8.913770010727904572e-05
9.996208603569179951e-01,2.715138105587557764e-04,3.444368502527580454e-05,6.756867997123039483e-06,6.642527950083281266e-05
9.996473484651937635e-01,2.348158293679904977e-04,2.905845093758604422e-05,7.170189493600926127e-06,8.160706500702730138e-05
9.995142140762424132e-01,3.431152288887262341e-04,4.180715854826836048e-05,8.328677920990291560e-06,9.253485839941450256e-05
9.997637049077736648e-01,1.738756507573845686e-04,2.239331845261269957e-05,4.348552231640246164e-06,3.567757078461137259e-05
9.998101383859737679e-01,1.401059995361574430e-04,1.730466681326959480e-05,3.161335315215994258e-06,2.928961236170851443e-05
9.997032957084267535e-01,2.231935167907607681e-04,2.293474093537447065e-05,5.047925351692632118e-06,4.552810849532978757e-05
9.997316098406232587e-01,1.946694669396712167e-04,2.339747627451619049e-05,4.485299333615188255e-06,4.583791682884057092e-05
9.997220540203904937e-01,1.877119657322558210e-04,2.235501390135600347e-05,4.823515666405735066e-06,6.305548430952137269e-05
9.997612223137604115e-01,1.738735633763843151e-04,2.117961989835959812e-05,4.177532921382353757e-06,3.954697004350080401e-05
9.997432436012133605e-01,1.787436710196019501e-04,2.127312938259094582e-05,4.571916485588015977e-06,5.216768189897415953e-05
9.993645800340070773e-01,4.128497303911229260e-04,5.220987561414061628e-05,1.361548047538950717e-05,1.567448795122593837e-04
9.993014225596255073e-01,4.731400055008891728e-04,5.679619665223231597e-05,1.272813678221906302e-05,1.559131014393664650e-04
9.996364285851173648e-01,2.366055372195747088e-04,2.849619001846901063e-05,7.378948182388774000e-06,9.109073946206637810e-05
9.995783946203971038e-01,2.770866122567214058e-04,3.681840724198536533e-05,9.825601721537232546e-06,9.787475838266262301e-05
9.996900397319818943e-01,2.161586736083559836e-04,2.912014967432000870e-05,6.892400711712699453e-06,5.778904402351264411e-05
9.997404655999687639e-01,1.654222450343532708e-04,2.238997309343329764e-05,5.644758481701078363e-06,6.607742342183274987e-05
9.996824338031465862e-01,2.063814897214879727e-04,2.780657099759970824e-05,6.785554083728961078e-06,7.659258205049704815e-05
9.993773898141394829e-01,4.159203768583073801e-04,4.837525080990792080e-05,1.061018132628622418e-05,1.477043768659863285e-04
9.994754817588948903e-01,3.669414810101377222e-04,5.136868458629940558e-05,1.256571610125451952e-05,9.364235940731911419e-05
9.995383207215782218e-01,3.409022863612625799e-04,4.926520908220284855e-05,9.958080419133266884e-06,6.155370255908965203e-05
9.994869097659947466e-01,3.603543854036092130e-04,5.083806860662272610e-05,1.194958145690447404e-05,8.994819853803434726e-05
9.997161325746307670e-01,1.981437014475553849e-04,2.565346901867663211e-05,6.455441704821518344e-06,5.361481319817710292e-05
9.996783516753611210e-01,2.201039077020463966e-04,3.474397080280227181e-05,8.232095170611043194e-06,5.856835096351360091e-05
9.996040543226627495e-01,2.585974057392145288e-04,4.100030600702521421e-05,9.808676924020872097e-06,8.653928866703922574e-05
9.994466586060268831e-01,3.376864191865966945e-04,4.791307574932917945e-05,1.304449991516648942e-05,1.546973991221422368e-04
9.996553216458957669e-01,2.351307281794416107e-04,2.863042805489679767e-05,7.368162351400454667e-06,7.354903551871417363e-05
9.996718826614727771e-01,2.162537242173780616e-04,3.017125686728009071e-05,7.552575164746255108e-06,7.413978227773113463e-05
9.997614651208258651e-01,1.572945651207092500e-04,2.157990947545674178e-05,5.287141367689965494e-06,5.437326321015830891e-05
9.997494418274208705e-01,1.683455748180020368e-04,2.391837753868473638e-05,6.058412060101429237e-06,5.223580816233187288e-05
9.997273958748588152e-01,1.786163877016116314e-04,2.431339064697878063e-05,6.902830663917649404e-06,6.277151612860933300e-05
9.997552963210485366e-01,1.624900416216533601e-04,2.277781000712146139e-05,6.586431578750454400e-06,5.284939574393782510e-05
9.996702931062048103e-01,2.329263690095195543e-04,2.793873540752114047e-05,8.160173451276721182e-06,6.068161592682758397e-05
9.996243168559025838e-01,2.645663323518739280e-04,3.542367797791131620e-05,1.009012003219721298e-05,6.560301373537044114e-05
9.996724891287379622e-01,2.266600226541704791e-04,2.943539954112907192e-05,8.526395114540357120e-06,6.288905395221265236e-05
9.997211422875200704e-01,1.519230477289135834e-04,2.245530053834724117e-05,6.385576443131864921e-06,9.809378776958705489e-05
9.996702464770318430e-01,2.125526696945253331e-04,2.515918727804490994e-05,6.134067552181527938e-06,8.590759844342227486e-05
9.996803733394641345e-01,2.049322707593369166e-04,2.200208427717410364e-05,5.274928537861694836e-06,8.741737696164379148e-05
9.993620820350594958e-01,3.942035761449289456e-04,1.064317042812056724e-04,3.021821215498597308e-05,1.070644723593828807e-04
9.987852950328259816e-01,8.675942020227911432e-04,1.633513549749084917e-04,2.329553778883897369e-05,1.604638723872619426e-04
9.983458296470757443e-01,8.058586436984022062e-04,1.161718162981473186e-04,1.870402258279233829e-05,7.134358703449162568e-04
9.973159487762686126e-01,1.774260645785880226e-03,1.650326124881304327e-04,1.197044896766719605e-05,7.327875164895589558e-04
9.959421456133396022e-01,1.945539566747382567e-03,1.375438523152566826e-04,8.370895098205014564e-06,1.966400072499633559e-03
9.980905958777280818e-01,8.622616448646908517e-04,7.125644654450957716e-05,5.420995601503895547e-06,9.704650352612262301e-04
9.991080870753484833e-01,4.571747157207194773e-04,3.609495651309973401e-05,3.253609642925588160e-06,3.953896427746189093e-04
9.989401553580227189e-01,7.549027676480439845e-04,7.657865496619842120e-05,5.882030472060991634e-06,2.224811888909471408e-04
9.991899428235315739e-01,6.028486122789506428e-04,5.912116121366882366e-05,4.445927711474867326e-06,1.436414752643822002e-04
9.961549443313869601e-01,3.178147033471576729e-03,1.997852174186798334e-04,1.109858695293435699e-05,4.560248307698367364e-04
9.973116402780669576e-01,2.263100229721708764e-03,1.758834857644444531e-04,8.949122315377781942e-06,2.404268841315427630e-04
9.976934506713812656e-01,1.722594054120032058e-03,1.495105098561616270e-04,1.192712428363172544e-05,4.225176403590661408e-04
9.966001923012401953e-01,2.690400073856471629e-03,3.214619467691928203e-04,1.466559995829865438e-05,3.732800781757088845e-04
9.914680771801375192e-01,7.075949601816938946e-03,8.723657444774674669e-04,1.697016767946863276e-05,5.666373058885183344e-04
9.944120067037330868e-01,4.619520650398520854e-03,4.314139373365296942e-04,1.022058188250503000e-05,5.268381266495725159e-04
9.991963682522592149e-01,6.511696695097250569e-04,7.851924274586247166e-05,3.726737523670984871e-06,7.021609796155509357e-05
9.995849978542216130e-01,3.337938374624694151e-04,3.984437119068901212e-05,3.297874049426121947e-06,3.806606307596059683e-05
9.988003173515315192e-01,9.959311368424106966e-04,1.235994129105543067e-04,5.812588540493780804e-06,7.433951017489254676e-05
9.982819214114201367e-01,1.488088798330367349e-03,1.308196719035324414e-04,6.446689533373494604e-06,9.272342881253949954e-05
9.996032419069517116e-01,3.117330660462713896e-04,3.253294196416606422e-05,2.473986066940842703e-06,5.001809897093284333e-05
9.991290005904636118e-01,6.855911553459405816e-04,7.500402707514490334e-05,6.335153132056640834e-06,1.040690739832684955e-04
9.989756360921352440e-01,8.399220846173105536e-04,8.326930747233534454e-05,5.230297542209217462e-06,9.594221823275952455e-05
9.974680405850133713e-01,2.085011474927563752e-03,2.743344714549448464e-04,1.361626127560632884e-05,1.589972073287344986e-04
9.939054221822174462e-01,5.075880570669086267e-03,6.686951762559451354e-04,2.433840594234200347e-05,3.256636649151774580e-04
9.972022028108122882e-01,2.356693094729648587e-03,2.927626129901768066e-04,1.173525333579257204e-05,1.366062281322842490e-04
9.974730990673182918e-01,2.115288837990042699e-03,2.264737488924975875e-04,1.271456891073997166e-05,1.724237768883522869e-04
9.978310889199909495e-01,1.693160045955408510e-03,2.054585618778067570e-04,1.417167686703154375e-05,2.561207953088954353e-04
9.987011489148516219e-01,9.980115531128684776e-04,1.516481567684927953e-04,9.250992017241516384e-06,1.399403832498021113e-04
9.988048827741602409e-01,9.148810917956105935e-04,1.258352778928019269e-04,8.178232567201010214e-06,1.462226235840159369e-04
9.934359417008670201e-01,5.161363563867643091e-03,6.669991614890552435e-04,2.661680505354054537e-05,7.090787687227608242e-04
9.830646479048571473e-01,1.308178592547351755e-02,2.954031750148405824e-03,1.011262319978986824e-04,7.984081875229698255e-04
9.974151275410892969e-01,1.804933540950108811e-03,5.695174572852907584e-04,2.861739514114396412e-05,1.818040655341289144e-04
9.942097100245826935e-01,4.588160124618360751e-03,9.031238684054147771e-04,2.536540701522678121e-05,2.736405753782355241e-04
9.941103958499668547e-01,4.965535810123797994e-03,5.485730145574366440e-04,1.282078146041036481e-05,3.626745438914737467e-04
9.963719454886301730e-01,2.426567157916610044e-03,7.578171754800353812e-04,5.816411093228787221e-05,3.855060670408242047e-04
9.922836050346960368e-01,5.616771527438976612e-03,1.109429665123826993e-03,7.150255611532239236e-05,9.186912166258616886e-04
9.911875324989772862e-01,6.400138710726723662e-03,1.776782526104719656e-03,1.087147534569099576e-04,5.268315107342241843e-04
9.961236715269270459e-01,2.695723080250296121e-03,9.368503279345572528e-04,6.370003268877717133e-05,1.800550321993350323e-04
9.957331990862042792e-01,3.046473678690031321e-03,9.351934303870848737e-04,6.561458403248399455e-05,2.195192206863193945e-04
9.985856978440238452e-01,1.073920684738508425e-03,2.504799776243596247e-04,1.585540104584008827e-05,7.404609256761427480e-05
9.988757463351428667e-01,8.804538719111604673e-04,1.432723204785759752e-04,9.556647075818791061e-06,9.097082539167511081e-05
9.985043951562835307e-01,1.143557686619150766e-03,2.295196484310239860e-04,1.928558360143436587e-05,1.032419250648465656e-04
9.986049357837626372e-01,1.047225541838722046e-03,1.997588048410578888e-04,1.491787844119576707e-05,1.331619911163360777e-04
9.965125504693663760e-01,2.412038838564218527e-03,6.178377142952351433e-04,3.808133889658115058e-05,4.194916388775431801e-04
9.974603073057900504e-01,1.626693514265501296e-03,4.737925747183630758e-04,2.895725444242404698e-05,4.102493507837685232e-04
9.982485298042234056e-01,1.260179507741042513e-03,2.645260927269010897e-04,1.460071738743018378e-05,2.121638779213996893e-04
9.985050442712694041e-01,9.800169196604578171e-04,2.146626374223314286e-04,1.783790820843538007e-05,2.824382634393834621e-04
9.979181319567018704e-01,1.372252442460738641e-03,4.609274624687046350e-04,3.790053282049779868e-05,2.107876055482019542e-04
9.880264819751997107e-01,9.656617128979012518e-03,1.493287378056475058e-03,6.039686125561294518e-05,7.632166565093321869e-04
9.891240939656690268e-01,8.506063409269177047e-03,1.838465352078816686e-03,4.933997673072581608e-05,4.820372962520900724e-04
9.921819637880149312e-01,6.017673715765206079e-03,1.024321876358204450e-03,3.951209200498067111e-05,7.365285278567977340e-04
9.840125016539287284e-01,8.166369596877215767e-03,2.557718429376079454e-03,1.803148252579553649e-04,5.083095494559984259e-03
9.859248760380534549e-01,5.776462135766137485e-03,2.191253021996665551e-03,1.794158136065455956e-04,5.927992990577049190e-03
9.911992231714662482e-01,4.575051134289903100e-03,2.071794760967065469e-03,1.305640496379596282e-04,2.023366883638746342e-03
